/*--------------------------------*- C++ -*----------------------------------*\
| =========                 |                                                 |
| \\      /  F ield         | OpenFOAM: The Open Source CFD Toolbox           |
|  \\    /   O peration     | Version:  2412                                  |
|   \\  /    A nd           | Website:  www.openfoam.com                      |
|    \\/     M anipulation  |                                                 |
\*---------------------------------------------------------------------------*/
FoamFile
{
    version     2.0;
    format      ascii;
    arch        "LSB;label=32;scalar=64";
    note        "nPoints:4956  nCells:3870  nFaces:12627  nInternalFaces:10593";
    class       labelList;
    location    "constant/fuelZone/polyMesh";
    object      neighbour;
}
// * * * * * * * * * * * * * * * * * * * * * * * * * * * * * * * * * * * * * //


10593
(
1
3
1302
2
1301
3
47
1300
4
46
1307
5
45
1336
6
44
1339
7
43
1368
8
42
1371
9
41
1400
10
40
1406
11
39
1546
12
38
1545
13
37
1544
14
36
1543
15
35
1542
16
34
1541
17
33
1540
18
32
1539
19
31
1538
20
30
1537
21
29
1536
22
28
1535
23
27
1534
24
26
1533
25
1532
26
70
2035
27
69
2006
28
68
2005
29
67
1976
30
66
1975
31
65
1946
32
64
1945
33
63
1916
34
62
1915
35
61
1886
36
60
1885
37
59
1564
38
58
1563
39
57
1548
40
56
1547
41
55
1407
42
54
1399
43
53
1372
44
52
1367
45
51
1340
46
50
1335
47
49
1308
48
1299
49
95
1298
50
94
1313
51
93
1334
52
92
1345
53
91
1366
54
90
1377
55
89
1398
56
88
1452
57
87
1554
58
86
1555
59
85
1562
60
84
1617
61
83
1884
62
82
1893
63
81
1914
64
80
1923
65
79
1944
66
78
1953
67
77
1974
68
76
1983
69
75
2004
70
74
2013
71
73
2034
72
2198
73
119
2199
74
118
2033
75
117
2014
76
116
2003
77
115
1984
78
114
1973
79
113
1954
80
112
1943
81
111
1924
82
110
1913
83
109
1894
84
108
1883
85
107
1616
86
106
1615
87
105
1556
88
104
1557
89
103
1451
90
102
1397
91
101
1378
92
100
1365
93
99
1346
94
98
1333
95
97
1314
96
1297
97
146
1296
98
145
1319
99
144
1332
100
143
1351
101
142
1364
102
141
1383
103
140
1396
104
139
1450
105
138
1606
106
137
1607
107
136
1614
108
135
1660
109
134
1882
110
133
1899
111
132
1912
112
131
1929
113
130
1942
114
129
1959
115
128
1972
116
127
1989
117
126
2002
118
125
2019
119
124
2032
120
123
2228
122
2239
122
172
2241
123
171
2238
124
170
2229
125
169
2031
126
168
2020
127
167
2001
128
166
1990
129
165
1971
130
164
1960
131
163
1941
132
162
1930
133
161
1911
134
160
1900
135
159
1881
136
158
1659
137
157
1658
138
156
1608
139
155
1609
140
154
1449
141
153
1395
142
152
1384
143
151
1363
144
150
1352
145
149
1331
146
148
1320
147
1295
148
198
1294
149
197
1325
150
196
1330
151
195
1357
152
194
1362
153
193
1389
154
192
1394
155
191
1448
156
190
1667
157
189
1666
158
188
1665
159
187
1664
160
186
1880
161
185
1905
162
184
1910
163
183
1935
164
182
1940
165
181
1965
166
180
1970
167
179
1995
168
178
2000
169
177
2025
170
176
2030
171
175
2232
172
174
2237
173
2246
174
226
2247
175
225
2236
176
224
2233
177
223
2029
178
222
2026
179
221
1999
180
220
1996
181
219
1969
182
218
1966
183
217
1939
184
216
1936
185
215
1909
186
214
1906
187
213
1879
188
212
1876
189
211
1875
190
210
1669
191
209
1668
192
208
1447
193
207
1393
194
206
1390
195
205
1361
196
204
1358
197
203
1329
198
202
1326
199
201
1293
200
1290
201
1418
202
252
1421
203
251
1422
204
250
1429
205
249
1430
206
248
1437
207
247
1438
208
246
1445
209
245
1446
210
244
2298
211
243
2297
212
242
2296
213
241
2295
214
240
2294
215
239
2293
216
238
2292
217
237
2291
218
236
2290
219
235
2289
220
234
2288
221
233
2287
222
232
2286
223
231
2285
224
230
2284
225
229
2283
226
228
2282
227
2281
228
278
3631
229
277
3632
230
276
3270
231
275
3269
232
274
3232
233
273
3231
234
272
3182
235
271
3181
236
270
3116
237
269
3115
238
268
3038
239
267
3037
240
266
2952
241
265
2951
242
264
2316
243
263
2315
244
262
2300
245
261
2299
246
260
1677
247
259
1678
248
258
1439
249
257
1440
250
256
1431
251
255
1432
252
254
1423
253
1424
254
304
1687
255
303
1686
256
302
1685
257
301
1684
258
300
1683
259
299
1682
260
298
1681
261
297
1765
262
296
2306
263
295
2307
264
294
2314
265
293
2543
266
292
2950
267
291
2959
268
290
3036
269
289
3045
270
288
3114
271
287
3123
272
286
3180
273
285
3189
274
284
3230
275
283
3239
276
282
3268
277
281
3277
278
280
3638
279
3637
280
3640
281
329
3639
282
328
3278
283
327
3267
284
326
3240
285
325
3229
286
324
3190
287
323
3179
288
322
3124
289
321
3113
290
320
3046
291
319
3035
292
318
2960
293
317
2949
294
316
2542
295
315
2541
296
314
2308
297
313
2309
298
312
1764
299
311
1763
300
310
1742
301
309
1741
302
308
1720
303
307
1719
304
306
1698
305
1697
306
353
1696
307
352
1705
308
351
1718
309
350
1727
310
349
1740
311
348
1749
312
347
1762
313
346
1771
314
345
2532
315
344
2533
316
343
2540
317
342
2586
318
341
2948
319
340
2965
320
339
3034
321
338
3051
322
337
3112
323
336
3129
324
335
3178
325
334
3195
326
333
3228
327
332
3245
328
331
3266
329
330
3283
3646
331
377
3284
332
376
3265
333
375
3246
334
374
3227
335
373
3196
336
372
3177
337
371
3130
338
370
3111
339
369
3052
340
368
3033
341
367
2966
342
366
2947
343
365
2585
344
364
2584
345
363
2534
346
362
2535
347
361
1772
348
360
1761
349
359
1750
350
358
1739
351
357
1728
352
356
1717
353
355
1706
354
1695
355
400
1694
356
399
1711
357
398
1716
358
397
1733
359
396
1738
360
395
1755
361
394
1760
362
393
1777
363
392
2593
364
391
2592
365
390
2591
366
389
2590
367
388
2946
368
387
2971
369
386
3032
370
385
3057
371
384
3110
372
383
3135
373
382
3176
374
381
3201
375
380
3226
376
379
3251
377
378
3264
3289
379
423
3263
380
422
3252
381
421
3225
382
420
3202
383
419
3175
384
418
3136
385
417
3109
386
416
3058
387
415
3031
388
414
2972
389
413
2945
390
412
2611
391
411
2610
392
410
2595
393
409
2594
394
408
1778
395
407
1759
396
406
1756
397
405
1737
398
404
1734
399
403
1715
400
402
1712
401
1693
402
1788
403
444
1787
404
443
1786
405
442
1785
406
441
1784
407
440
1783
408
439
1782
409
438
1781
410
437
2601
411
436
2602
412
435
2609
413
434
2883
414
433
2944
415
432
2977
416
431
3030
417
430
3063
418
429
3108
419
428
3141
420
427
3174
421
426
3207
422
425
3224
423
424
3257
3262
425
3258
426
464
3223
427
463
3208
428
462
3173
429
461
3142
430
460
3107
431
459
3064
432
458
3029
433
457
2978
434
456
2943
435
455
2882
436
454
2881
437
453
2603
438
452
2604
439
451
2502
440
450
2501
441
449
2399
442
448
2400
443
447
1800
444
446
1799
445
1789
446
483
1793
447
482
1798
448
481
2404
449
480
2403
450
479
2456
451
478
2500
452
477
2648
453
476
2824
454
475
2825
455
474
2880
456
473
2889
457
472
2942
458
471
2983
459
470
3028
460
469
3069
461
468
3106
462
467
3147
463
466
3172
464
465
3213
3222
466
502
3214
467
501
3171
468
500
3148
469
499
3105
470
498
3070
471
497
3027
472
496
2984
473
495
2941
474
494
2890
475
493
2879
476
492
2826
477
491
2823
478
490
2649
479
489
2499
480
488
2455
481
487
2454
482
486
2405
483
485
2406
484
1794
485
2426
486
519
2425
487
518
2432
488
517
2453
489
516
2462
490
515
2498
491
514
2730
492
513
2822
493
512
2833
494
511
2878
495
510
2895
496
509
2940
497
508
2989
498
507
3026
499
506
3075
500
505
3104
501
504
3153
502
503
3170
3219
504
536
3169
505
535
3154
506
534
3103
507
533
3076
508
532
3025
509
531
2990
510
530
2939
511
529
2896
512
528
2877
513
527
2834
514
526
2821
515
525
2731
516
524
2497
517
523
2463
518
522
2452
519
521
2431
520
2430
521
552
2429
522
551
2438
523
550
2451
524
549
2468
525
548
2496
526
547
2734
527
546
2820
528
545
2839
529
544
2876
530
543
2901
531
542
2938
532
541
2995
533
540
3024
534
539
3081
535
538
3102
536
537
3159
3168
538
567
3160
539
566
3101
540
565
3082
541
564
3023
542
563
2996
543
562
2937
544
561
2902
545
560
2875
546
559
2840
547
558
2819
548
557
2735
549
556
2495
550
555
2469
551
554
2450
552
553
2439
2428
554
581
2443
555
580
2449
556
579
2474
557
578
2494
558
577
2738
559
576
2818
560
575
2845
561
574
2874
562
573
2907
563
572
2936
564
571
3001
565
570
3022
566
569
3087
567
568
3100
3165
569
594
3099
570
593
3088
571
592
3021
572
591
3002
573
590
2935
574
589
2908
575
588
2873
576
587
2846
577
586
2817
578
585
2739
579
584
2493
580
583
2475
581
582
2448
2444
583
606
2447
584
605
2480
585
604
2492
586
603
2742
587
602
2816
588
601
2851
589
600
2872
590
599
2913
591
598
2934
592
597
3007
593
596
3020
594
595
3093
3098
596
3094
597
616
3019
598
615
3008
599
614
2933
600
613
2914
601
612
2871
602
611
2852
603
610
2815
604
609
2743
605
608
2491
606
607
2481
2446
608
625
2485
609
624
2490
610
623
2746
611
622
2814
612
621
2857
613
620
2870
614
619
2919
615
618
2932
616
617
3013
3018
618
3014
619
632
2931
620
631
2920
621
630
2869
622
629
2858
623
628
2813
624
627
2747
625
626
2489
2486
627
2488
628
638
2750
629
637
2812
630
636
2863
631
635
2868
632
634
2925
633
2930
634
2929
635
2926
636
642
2867
637
641
2864
638
640
2811
639
2751
640
2754
641
644
3294
642
643
3293
3292
644
3296
3295
646
656
1500
655
1688
648
682
2388
649
681
1690
650
680
2369
651
679
2367
652
678
2368
653
677
1837
654
676
1832
655
675
1830
656
674
1831
657
673
1501
658
672
3869
659
671
3868
660
670
1494
661
669
1493
662
668
1492
663
667
1475
664
666
1476
665
1401
666
1404
667
710
1477
668
709
1478
669
708
1491
670
707
1490
671
706
1509
672
705
1508
673
704
1507
674
703
1506
675
702
1824
676
701
1829
677
700
1839
678
699
1838
679
698
2361
680
697
2366
681
696
2374
682
695
2373
683
694
2383
684
693
2387
685
692
2415
686
691
2414
690
2668
688
734
2678
689
733
2679
690
732
2669
691
731
2422
692
730
2421
693
729
2416
694
728
2389
695
727
2382
696
726
2381
697
725
2375
698
724
2376
699
723
2359
700
722
2360
701
721
1840
702
720
1841
703
719
1823
704
718
1822
705
717
1821
706
716
1590
707
715
1510
708
714
1515
709
713
1516
710
712
1479
711
1480
712
764
1481
713
763
1482
714
762
1483
715
761
1514
716
760
1592
717
759
1591
718
758
1820
719
757
1819
720
756
1845
721
755
1842
722
754
2346
723
753
2345
724
752
2358
725
751
2357
726
750
2377
727
749
2380
728
748
2393
729
747
2390
730
746
2417
731
745
2418
732
744
2671
733
743
2670
734
742
2672
735
741
2677
736
740
2680
739
2683
738
792
2713
739
791
2708
740
790
2707
741
789
2702
742
788
2701
743
787
2696
744
786
2695
745
785
2662
746
784
2661
747
783
2660
748
782
2637
749
781
2394
750
780
2629
751
779
2630
752
778
2522
753
777
2353
754
776
2352
755
775
2347
756
774
2330
757
773
1846
758
772
1855
759
771
1854
760
770
1594
761
769
1593
762
768
1517
763
767
1528
764
766
1527
765
1526
766
825
1525
767
824
1524
768
823
1523
769
822
1522
770
821
1584
771
820
1597
772
819
1853
773
818
1852
774
817
2332
775
816
2331
776
815
2348
777
814
2349
778
813
2518
779
812
2523
780
811
2623
781
810
2628
782
809
2633
783
808
2638
784
807
2659
785
806
2658
786
805
2693
787
804
2694
788
803
2697
789
802
2700
790
801
2703
791
800
2706
792
799
2709
793
798
2712
794
797
2714
796
2717
796
856
2805
797
855
2802
798
854
2799
799
853
2796
800
852
2793
801
851
2790
802
850
2787
803
849
2784
804
848
2781
805
847
2778
806
846
2775
807
845
2771
808
844
2772
809
843
2639
810
842
2632
811
841
2631
812
840
2622
813
839
2524
814
838
2517
815
837
2516
816
836
2339
817
835
2338
818
834
2333
819
833
1861
820
832
1856
821
831
1598
822
830
1583
823
829
1582
824
828
1577
825
827
1576
826
1529
827
892
1530
828
891
1575
829
890
1578
830
889
1581
831
888
1602
832
887
1599
833
886
1857
834
885
1862
835
884
2334
836
883
2335
837
882
2514
838
881
2515
839
880
2528
840
879
2525
841
878
2621
842
877
2620
843
876
2643
844
875
2644
845
874
2645
846
873
2773
847
872
2774
848
871
2779
849
870
2780
850
869
2785
851
868
2786
852
867
2791
853
866
2792
854
865
2797
855
864
2798
856
863
2803
857
862
2804
858
861
2807
860
2755
860
926
3629
861
925
3630
862
924
2808
863
923
3556
864
922
3554
865
921
3555
866
920
3537
867
919
3532
868
918
3530
869
917
3531
870
916
3448
871
915
3443
872
914
3441
873
913
3442
874
912
3424
875
911
3419
876
910
3417
877
909
3418
878
908
3322
879
907
3323
880
906
2579
881
905
2529
882
904
2574
883
903
2569
884
902
2552
885
901
2553
886
900
1863
887
899
1870
888
898
1652
889
897
1603
890
896
3867
891
895
1629
892
894
1628
893
1627
894
959
1626
895
958
1625
896
957
1634
897
956
1633
898
955
1654
899
954
1653
900
953
1869
901
952
1868
902
951
2554
903
950
2555
904
949
2568
905
948
2573
906
947
2575
907
946
2580
908
945
3324
909
944
3325
910
943
3411
911
942
3416
912
941
3426
913
940
3425
914
939
3435
915
938
3440
916
937
3450
917
936
3449
918
935
3524
919
934
3529
920
933
3539
921
932
3538
922
931
3548
923
930
3553
924
929
3561
925
928
3560
926
927
3623
3627
928
3621
929
991
3622
930
990
3562
931
989
3563
932
988
3547
933
987
3546
934
986
3540
935
985
3541
936
984
3522
937
983
3523
938
982
3451
939
981
3452
940
980
3434
941
979
3433
942
978
3427
943
977
3428
944
976
3410
945
975
3326
946
974
3327
947
973
2581
948
972
3333
949
971
2566
950
970
2567
951
969
2556
952
968
2557
953
967
2107
954
966
1871
955
965
1655
956
964
1647
957
963
1646
958
962
1635
959
961
1636
960
1637
961
1023
1638
962
1022
1641
963
1021
1642
964
1020
1645
965
1019
2095
966
1018
2094
967
1017
2109
968
1016
2108
969
1015
2558
970
1014
2561
971
1013
2562
972
1012
2565
973
1011
3334
974
1010
3335
975
1009
3328
976
1008
3391
977
1007
3409
978
1006
3408
979
1005
3429
980
1004
3432
981
1003
3456
982
1002
3453
983
1001
3509
984
1000
3508
985
999
3521
986
998
3520
987
997
3542
988
996
3545
989
995
3567
990
994
3564
991
993
3617
992
3616
993
3620
994
3618
995
1053
3609
996
1052
3568
997
1051
3583
998
1050
3578
999
1049
3577
1000
1048
3516
1001
1047
3515
1002
1046
3510
1003
1045
3493
1004
1044
3457
1005
1043
3472
1006
1042
3467
1007
1041
3466
1008
1040
3465
1009
1039
3392
1010
1038
3393
1011
1037
3336
1012
1036
3355
1013
1035
3354
1014
1034
3349
1015
1033
3348
1016
1032
3347
1017
1031
2110
1018
1030
2102
1019
1029
2101
1020
1028
2096
1021
1027
2062
1022
1026
2057
1023
1025
2056
1024
2055
1025
1082
2054
1026
1081
2053
1027
1080
2064
1028
1079
2063
1029
1078
2097
1030
1077
2098
1031
1076
2114
1032
1075
2115
1033
1074
3346
1034
1073
3345
1035
1072
3350
1036
1071
3353
1037
1070
3356
1038
1069
3359
1039
1068
3394
1040
1067
3395
1041
1066
3464
1042
1065
3463
1043
1064
3468
1044
1063
3471
1045
1062
3495
1046
1061
3494
1047
1060
3511
1048
1059
3512
1049
1058
3575
1050
1057
3576
1051
1056
3579
1052
1055
3582
1053
1054
3611
3610
1055
3612
1056
1110
3584
1057
1109
3600
1058
1108
3599
1059
1107
3594
1060
1106
3592
1061
1105
3593
1062
1104
3497
1063
1103
3496
1064
1102
3473
1065
1101
3482
1066
1100
3481
1067
1099
3402
1068
1098
3400
1069
1097
3401
1070
1096
3360
1071
1095
3379
1072
1094
3378
1073
1093
3373
1074
1092
3372
1075
1091
3371
1076
1090
2116
1077
1089
2124
1078
1088
2122
1079
1087
2123
1080
1086
2084
1081
1085
2065
1082
1084
2072
1083
2071
1084
1137
2070
1085
1136
2069
1086
1135
2086
1087
1134
2085
1088
1133
2087
1089
1132
2121
1090
1131
2125
1091
1130
2128
1092
1129
3370
1093
1128
3369
1094
1127
3374
1095
1126
3377
1096
1125
3380
1097
1124
3383
1098
1123
3384
1099
1122
3399
1100
1121
3479
1101
1120
3480
1102
1119
3483
1103
1118
3486
1104
1117
3487
1105
1116
3500
1106
1115
3501
1107
1114
3591
1108
1113
3595
1109
1112
3598
1110
1111
3601
3604
1112
3865
1113
3864
1114
1162
3863
1115
1161
3834
1116
1160
3829
1117
1159
3828
1118
1158
3827
1119
1157
3793
1120
1156
3788
1121
1155
3787
1122
1154
3786
1123
1153
3733
1124
1152
3728
1125
1151
3727
1126
1150
3726
1127
1149
3668
1128
1148
3663
1129
1147
3662
1130
1146
3661
1131
1145
2129
1132
1144
2146
1133
1143
2145
1134
1142
2140
1135
1141
2139
1136
1140
2079
1137
1139
2078
1138
2073
1139
1185
2074
1140
1184
2075
1141
1183
2137
1142
1182
2138
1143
1181
2141
1144
1180
2144
1145
1179
2147
1146
1178
2150
1147
1177
3660
1148
1176
3659
1149
1175
3670
1150
1174
3669
1151
1173
3725
1152
1172
3724
1153
1171
3735
1154
1170
3734
1155
1169
3785
1156
1168
3784
1157
1167
3795
1158
1166
3794
1159
1165
3826
1160
1164
3825
1161
1163
3836
1162
3835
3862
1164
3837
1165
3842
1166
1206
3841
1167
1205
3815
1168
1204
3796
1169
1203
3803
1170
1202
3802
1171
1201
3755
1172
1200
3736
1173
1199
3743
1174
1198
3742
1175
1197
3690
1176
1196
3671
1177
1195
3678
1178
1194
3677
1179
1193
2151
1180
1192
2176
1181
1191
2175
1182
1190
2170
1183
1189
2169
1184
1188
2164
1185
1187
2163
1186
2162
1187
1225
2161
1188
1224
2160
1189
1223
2165
1190
1222
2168
1191
1221
2171
1192
1220
2174
1193
1219
2177
1194
1218
2180
1195
1217
3676
1196
1216
3675
1197
1215
3692
1198
1214
3691
1199
1213
3741
1200
1212
3740
1201
1211
3757
1202
1210
3756
1203
1209
3801
1204
1208
3800
1205
1207
3817
1206
3816
3840
1208
3810
1209
1243
3809
1210
1242
3804
1211
1241
3758
1212
1240
3750
1213
1239
3749
1214
1238
3744
1215
1237
3693
1216
1236
3685
1217
1235
3684
1218
1234
3679
1219
1233
2181
1220
1232
2216
1221
1231
2215
1222
1230
2210
1223
1229
2209
1224
1228
2208
1225
1227
2189
1226
2190
1227
1260
2191
1228
1259
2192
1229
1258
2207
1230
1257
2206
1231
1256
2211
1232
1255
2214
1233
1254
2217
1234
1253
2220
1235
1252
3680
1236
1251
3681
1237
1250
3697
1238
1249
3698
1239
1248
3745
1240
1247
3746
1241
1246
3762
1242
1245
3763
1243
1244
3805
3806
1245
3818
1246
3764
1247
1273
3772
1248
1272
3770
1249
1271
3771
1250
1270
3699
1251
1269
3708
1252
1268
3707
1253
1267
3706
1254
1266
2221
1255
1265
2262
1256
1264
2260
1257
1263
2261
1258
1262
2251
1259
1261
2252
1260
2193
2194
1262
2195
1263
2253
1264
1282
2254
1265
1281
2259
1266
1280
2263
1267
1279
2266
1268
1278
3705
1269
1277
3704
1270
1276
3709
1271
1275
3712
1272
1274
3713
1273
3769
3773
1275
3858
1276
1289
3855
1277
1288
3852
1278
1287
3847
1279
1286
3848
1280
1285
2267
1281
1284
2279
1282
1283
2280
2272
1284
2273
1285
2278
1286
2277
1287
3849
1288
3850
1289
3851
3856
1291
1293
1418
1292
1419
1499
1293
1323
1327
1420
1502
1294
1326
1421
1295
1323
1325
1296
1320
1322
1297
1317
1319
1298
1314
1316
1299
1311
1313
1300
1308
1310
1301
1305
1307
1302
1304
1303
1307
1304
1306
1403
1305
1402
1306
1310
1417
1307
1309
1337
1416
1308
1336
1309
1313
1335
1310
1312
1342
1473
1311
1474
1312
1316
1487
1313
1315
1343
1486
1314
1334
1315
1319
1333
1316
1318
1348
1489
1317
1488
1318
1322
1495
1319
1321
1349
1496
1320
1332
1321
1325
1331
1322
1324
1354
1497
1323
1498
1324
1503
1325
1327
1355
1504
1326
1330
1327
1329
1422
1328
1427
1505
1329
1355
1359
1428
1815
1330
1358
1429
1331
1355
1357
1332
1352
1354
1333
1349
1351
1334
1346
1348
1335
1343
1345
1336
1340
1342
1337
1339
1338
1342
1415
1339
1341
1369
1414
1340
1368
1341
1345
1367
1342
1344
1374
1471
1343
1472
1344
1348
1485
1345
1347
1375
1484
1346
1366
1347
1351
1365
1348
1350
1380
1513
1349
1512
1350
1354
1511
1351
1353
1381
1587
1352
1364
1353
1357
1363
1354
1356
1386
1588
1355
1589
1356
1816
1357
1359
1387
1817
1358
1362
1359
1361
1430
1360
1435
1818
1361
1387
1391
1436
1848
1362
1390
1437
1363
1387
1389
1364
1384
1386
1365
1381
1383
1366
1378
1380
1367
1375
1377
1368
1372
1374
1369
1371
1370
1374
1413
1371
1373
1410
1412
1372
1400
1373
1377
1399
1374
1376
1409
1469
1375
1470
1376
1380
1519
1377
1379
1454
1520
1378
1398
1379
1383
1397
1380
1382
1455
1521
1381
1518
1382
1386
1586
1383
1385
1458
1585
1384
1396
1385
1389
1395
1386
1388
1459
1596
1387
1595
1388
1849
1389
1391
1462
1850
1390
1394
1391
1393
1438
1392
1443
1851
1393
1444
1462
1674
1860
1394
1445
1447
1395
1448
1462
1396
1449
1459
1397
1450
1458
1398
1451
1455
1399
1452
1454
1400
1407
1409
1406
1410
1402
1404
1476
1403
1417
1404
1416
1477
1406
1408
1410
1531
1551
1407
1546
1408
1452
1547
1409
1453
1552
1574
1410
1454
1468
1411
1412
1468
1529
1531
1413
1469
1525
1414
1470
1526
1415
1471
1481
1416
1472
1480
1417
1473
1477
1474
1476
1419
1421
1420
1689
1421
1425
1427
1826
1422
1424
1423
1427
1429
1424
1426
1432
1686
1425
1687
1426
1701
1827
1427
1433
1700
1828
1428
1825
1429
1433
1435
1814
1430
1432
1431
1435
1437
1432
1434
1440
1684
1433
1685
1434
1723
1813
1435
1441
1722
1843
1436
1844
1437
1441
1443
1847
1438
1440
1439
1443
1445
1440
1442
1678
1682
1441
1683
1442
1745
2329
1443
1679
1744
2328
1444
2327
1445
1675
1679
2326
1446
1678
1447
1675
1677
2298
1448
1668
1674
1449
1461
1667
1450
1460
1609
1451
1457
1606
1452
1456
1557
1453
1554
1454
1456
1553
1579
1455
1467
1456
1458
1466
1457
1558
1580
1458
1460
1601
1605
1459
1465
1460
1462
1464
1461
1600
1610
1462
1672
1674
1858
1463
1464
1850
1856
1858
1860
1465
1596
1598
1600
1466
1583
1585
1601
1467
1521
1580
1582
1468
1520
1577
1579
1469
1574
1576
1470
1520
1524
1471
1519
1527
1472
1482
1484
1473
1479
1485
1474
1478
1486
1475
1487
1476
1478
1492
1477
1478
1480
1479
1491
1480
1482
1516
1481
1482
1526
1483
1527
1484
1514
1516
1528
1485
1513
1519
1486
1512
1516
1487
1489
1491
1488
1492
1489
1493
1495
1490
1496
1512
1491
1493
1509
1515
1492
1516
1493
1494
1495
1509
3868
1496
1498
1497
1509
1511
1498
1504
1508
1589
1503
3868
1500
1502
1689
1501
1688
1502
1506
1831
3869
1503
1505
1826
1504
3869
1505
1507
1816
1506
1815
1825
1507
1822
1824
1508
1821
3869
1509
1590
3868
1510
1511
1515
1590
1592
1512
1587
1589
1513
1515
1514
1518
1587
1515
1517
1592
1516
1518
1522
1528
1593
1519
1521
1586
1520
1528
1521
1523
1522
1585
1523
1582
1584
1524
1528
1577
1525
1527
1576
1526
1529
1527
1528
1530
1576
1531
1575
1627
1572
1574
1533
2035
2037
1534
2006
2008
1535
2005
2009
1536
1976
1978
1537
1975
1979
1538
1946
1948
1539
1945
1949
1540
1916
1918
1541
1915
1919
1542
1886
1888
1543
1885
1889
1544
1564
1566
1545
1563
1567
1546
1548
1550
1547
1551
1548
1552
1554
1549
1555
1563
1550
1552
1560
1568
1624
1551
1567
1571
1552
1572
1553
1573
1554
1558
1560
1630
1555
1557
1556
1560
1562
1557
1559
1607
1615
1558
1606
1559
1605
1631
1560
1612
1620
1632
1561
1623
1562
1568
1618
1620
1622
1563
1615
1617
1564
1568
1565
1617
1885
1566
1568
1618
1640
1890
1567
1639
1889
1568
1570
1569
1570
1622
1624
1636
1640
1571
1637
1639
1572
1624
1626
1573
1627
1574
1624
1628
1630
1575
1579
1576
1578
1628
1577
1578
1582
1579
1581
1629
1580
1630
1581
1601
1631
1582
1602
3867
1583
1584
1598
1602
1585
1593
1597
1586
1596
1587
1593
1595
1588
1592
1589
1591
1595
1817
1590
1816
1591
1821
1592
1594
1820
1593
1594
1595
1597
1854
1596
1849
1597
1850
1598
1853
1599
1856
1600
1602
1652
1857
1601
1651
1858
1602
1604
1603
1604
1652
1654
3867
1605
1631
1649
1651
1606
1610
1612
1607
1609
1608
1612
1614
1609
1611
1658
1666
1610
1667
1611
1651
1672
1612
1650
1657
1671
1613
1649
1614
1620
1648
1657
1661
1615
1658
1660
1616
1620
1617
1619
1660
1883
1618
1884
1619
1643
1891
1620
1644
1661
1896
1621
1622
1632
1644
1646
1648
1623
1635
1643
1624
1630
1632
1634
1625
1626
1628
1634
1636
1627
1637
1628
1629
1630
1634
3867
1631
1632
3867
1633
1649
1634
1646
1654
3867
1635
1636
1642
1646
1637
1641
1638
1639
1641
2055
1640
2050
1641
1643
2051
1642
2056
1643
1645
2057
1644
2058
1645
2061
2092
1646
2062
2095
1647
1648
1654
1655
2095
1649
1656
2092
1650
1654
1651
1653
1656
1866
1652
1865
1653
1870
1654
1655
1869
1656
1871
2094
1657
1872
2093
1658
1662
1873
1659
1665
1660
1662
1664
1881
1661
1882
1662
1897
2092
1663
1902
2093
1664
1873
1877
1903
2104
1665
1876
1880
1666
1873
1875
1667
1669
1671
1668
1672
1669
1673
2298
1670
1875
2297
1671
1673
1867
1874
2302
1672
1866
1873
1673
1865
1674
1864
2303
1675
1859
1676
2303
2325
1677
1679
1766
2304
2336
1678
1765
2299
1679
1681
1680
2337
1681
1744
1766
1768
2340
1682
1763
1765
1683
1742
1744
1684
1741
1745
1685
1720
1722
1686
1719
1723
1687
1698
1700
1697
1701
1689
1831
1826
1691
2369
2373
2388
1692
2370
2372
2385
1693
1709
1713
1792
1694
1712
1788
1695
1709
1711
1696
1706
1708
1697
1703
1705
1698
1702
1699
1705
1719
1700
1702
1704
1724
1835
1701
1723
1834
1702
1833
1703
1836
1704
1708
2363
1705
1707
1725
2362
1706
1718
1707
1711
1717
1708
1710
1730
2365
1709
2364
1710
2370
1711
1713
1731
2371
1712
1716
1713
1715
1787
1714
1791
2372
1715
1731
1735
1803
1807
1716
1734
1786
1717
1731
1733
1718
1728
1730
1719
1725
1727
1720
1724
1721
1727
1741
1722
1724
1726
1746
2344
1723
1745
2343
1724
1812
1725
1811
1726
1730
1810
1727
1729
1747
2355
1728
1740
1729
1733
1739
1730
1732
1752
2356
1731
1809
1732
1808
1733
1735
1753
2378
1734
1738
1735
1737
1785
1736
1802
2379
1737
1753
1757
2396
2626
1738
1756
1784
1739
1753
1755
1740
1750
1752
1741
1747
1749
1742
1746
1743
1749
1763
1744
1746
1748
1768
2350
1745
2341
1746
2342
1747
2351
1748
1752
2354
1749
1751
1769
2519
1750
1762
1751
1755
1761
1752
1754
1774
2520
1753
2521
1754
2625
1755
1757
1775
2624
1756
1760
1757
1759
1783
1758
2397
2627
1759
1775
1779
2505
2507
1760
1778
1782
1761
1775
1777
1762
1772
1774
1763
1769
1771
1764
1768
1765
1767
1771
2309
1766
2306
1767
2305
2513
1768
1770
2310
2512
1769
2511
1770
1774
2510
1771
1773
2527
2531
1772
2532
1773
1777
2535
1774
1776
2526
2536
1775
2509
1776
2508
1777
1779
2598
2618
1778
2593
1779
1781
2594
1780
2599
2619
1781
2503
2505
2600
2642
1782
2502
2601
1783
2501
2505
1784
2397
2399
1785
2396
2400
1786
1800
1802
1787
1799
1803
1788
1789
1791
1792
1790
1793
1799
1791
1796
1804
2386
1792
1803
2384
2385
1794
1796
1798
1795
2406
2426
1796
2407
2413
2427
1797
2412
1798
1804
2407
2409
2411
1799
2404
2406
1800
1804
1801
2400
2404
1802
1804
2391
2401
2409
1803
2392
2396
1804
1806
1805
1806
2386
2389
2391
2411
1807
2382
2384
2392
1808
2372
2379
2381
1809
2371
2375
2378
1810
2356
2365
2376
1811
2355
2359
2362
1812
1835
2344
2360
1813
1834
1840
2343
1814
1828
1841
1843
1815
1823
1825
1844
1816
1818
1822
1817
1821
1818
1820
1849
1819
1844
1848
1820
1822
1845
1855
1821
1854
1822
1823
1824
1841
1845
1825
1829
1831
1826
1828
1827
1831
1828
1830
1833
1829
1834
1830
1839
1841
1831
1832
1833
1837
1839
1834
1836
1835
1839
1836
1838
2362
1837
2363
1838
2368
1839
2360
2361
1840
1841
2346
2360
1842
1843
1845
2330
2346
1844
2329
2343
1845
1847
1846
1847
1855
2330
2332
1848
2327
2329
1849
1851
1855
1850
1854
1851
1853
1852
1860
2327
1853
1855
1861
2332
1854
1856
1855
1857
1861
1858
1862
1870
1859
1865
1860
1862
1864
2325
1861
2326
1862
2333
1863
2334
1864
1868
1870
2553
1865
1867
2324
1866
1870
1867
1869
1872
1868
2106
2323
1869
2107
2554
1870
1871
1872
2107
2109
1873
2104
2106
1874
1875
1877
2106
2319
1876
2296
1877
1879
2295
1878
2105
2318
1879
1903
1907
2111
2955
1880
1906
2294
1881
1903
1905
1882
1900
1902
1883
1897
1899
1884
1894
1896
1885
1891
1893
1886
1890
1887
1893
1915
1888
1890
1892
1920
2052
1889
1919
2049
1890
2050
1891
2051
1892
1896
2058
1893
1895
1921
2059
1894
1914
1895
1899
1913
1896
1898
1926
2060
1897
2061
1898
1902
2091
1899
1901
1927
2090
1900
1912
1901
1905
1911
1902
1904
1932
2099
1903
2100
1904
2103
1905
1907
1933
2113
1906
1910
1907
1909
2293
1908
2112
2954
1909
1933
1937
2117
3041
1910
1936
2292
1911
1933
1935
1912
1930
1932
1913
1927
1929
1914
1924
1926
1915
1921
1923
1916
1920
1917
1923
1945
1918
1920
1922
1950
2068
1919
1949
2047
1920
2048
1921
2067
1922
1926
2066
1923
1925
1951
2081
1924
1944
1925
1929
1943
1926
1928
1956
2082
1927
2083
1928
1932
2089
1929
1931
1957
2088
1930
1942
1931
1935
1941
1932
1934
1962
2120
1933
2119
1934
2118
1935
1937
1963
2126
1936
1940
1937
1939
2291
1938
2127
3040
1939
1963
1967
2130
3119
1940
1966
2290
1941
1963
1965
1942
1960
1962
1943
1957
1959
1944
1954
1956
1945
1951
1953
1946
1950
1947
1953
1975
1948
1950
1952
1980
2076
1949
1979
2045
1950
2046
1951
2077
1952
1956
2080
1953
1955
1981
2136
1954
1974
1955
1959
1973
1956
1958
1986
2135
1957
2134
1958
1962
2133
1959
1961
1987
2142
1960
1972
1961
1965
1971
1962
1964
1992
2143
1963
2132
1964
2131
1965
1967
1993
2148
1966
1970
1967
1969
2289
1968
2149
3118
1969
1993
1997
2152
3185
1970
1996
2288
1971
1993
1995
1972
1990
1992
1973
1987
1989
1974
1984
1986
1975
1981
1983
1976
1980
1977
1983
2005
1978
1980
1982
2010
2159
1979
2009
2043
1980
2044
1981
2158
1982
1986
2157
1983
1985
2011
2166
1984
2004
1985
1989
2003
1986
1988
2016
2167
1987
2156
1988
1992
2155
1989
1991
2017
2172
1990
2002
1991
1995
2001
1992
1994
2022
2173
1993
2154
1994
2153
1995
1997
2023
2178
1996
2000
1997
1999
2287
1998
2179
3184
1999
2023
2027
2182
3235
2000
2026
2286
2001
2023
2025
2002
2020
2022
2003
2017
2019
2004
2014
2016
2005
2011
2013
2006
2010
2007
2013
2035
2008
2010
2012
2036
2040
2009
2037
2041
2010
2042
2011
2188
2012
2016
2187
2013
2015
2202
2204
2014
2034
2015
2019
2033
2016
2018
2201
2205
2017
2186
2018
2022
2185
2019
2021
2212
2226
2020
2032
2021
2025
2031
2022
2024
2213
2225
2023
2184
2024
2183
2025
2027
2218
2224
2026
2030
2027
2029
2285
2028
2219
3234
2029
2222
2224
2234
3273
2030
2233
2284
2031
2224
2232
2032
2225
2229
2033
2226
2228
2034
2199
2201
2035
2198
2202
2036
2037
2039
2202
2038
2039
2041
2194
2040
2193
2203
2041
2188
2192
2204
2042
2191
2043
2188
2190
2044
2159
2161
2045
2158
2162
2046
2074
2076
2047
2073
2077
2048
2068
2070
2049
2067
2071
2050
2052
2054
2051
2055
2052
2056
2058
2053
2059
2067
2054
2056
2064
2072
2055
2071
2056
2057
2058
2062
2064
2059
2061
2060
2064
2066
2061
2063
2083
2090
2062
2091
2063
2096
2064
2084
2097
2065
2066
2072
2084
2086
2067
2081
2083
2068
2072
2069
2077
2081
2070
2072
2078
2086
2071
2073
2072
2074
2078
2075
2162
2076
2078
2137
2163
2077
2136
2158
2078
2080
2079
2080
2086
2137
2139
2081
2134
2136
2082
2086
2083
2085
2088
2134
2084
2089
2085
2123
2086
2087
2139
2088
2121
2123
2140
2089
2120
2133
2090
2119
2123
2091
2097
2099
2092
2096
2100
2093
2095
2094
2100
2104
2095
2101
2109
2096
2097
2101
2098
2123
2099
2101
2114
2122
2100
2113
2119
2101
2103
2102
2103
2109
2110
2114
2104
2111
2113
2105
2109
2106
2108
2111
2559
2107
2322
2108
2557
2109
2110
2558
2111
2115
3347
2112
3342
2113
2115
2117
3343
2114
2118
2115
2124
2116
3346
2117
2124
2128
3371
2118
2127
3366
2119
2124
2126
2120
2122
2121
2126
2132
2122
2125
2145
2123
2124
2125
2126
2128
2146
2127
2131
2128
2130
3367
2129
3370
2130
2146
2150
3661
2131
2149
3656
2132
2146
2148
2133
2143
2145
2134
2140
2142
2135
2139
2136
2138
2142
2156
2137
2157
2138
2164
2139
2141
2169
2140
2141
2145
2142
2144
2170
2143
2155
2144
2148
2154
2145
2147
2175
2146
2147
2148
2150
2176
2149
2153
2150
2152
3655
2151
3660
2152
2176
2180
3677
2153
2179
3654
2154
2176
2178
2155
2173
2175
2156
2170
2172
2157
2167
2169
2158
2164
2166
2159
2163
2160
2166
2188
2161
2163
2165
2189
2162
2190
2163
2164
2165
2169
2166
2168
2208
2167
2187
2168
2172
2186
2169
2171
2209
2170
2171
2175
2172
2174
2210
2173
2185
2174
2178
2184
2175
2177
2215
2176
2177
2178
2180
2216
2179
2183
2180
2182
3653
2181
3676
2182
2216
2220
3679
2183
2219
3652
2184
2216
2218
2185
2213
2215
2186
2210
2212
2187
2205
2209
2188
2204
2208
2189
2190
2192
2208
2191
2192
2194
2193
2207
2194
2252
2196
2252
2253
2197
2203
2249
2198
2200
2202
2199
2200
2228
2201
2227
2249
2202
2226
2250
2203
2204
2250
2252
2205
2207
2206
2212
2250
2207
2209
2211
2251
2208
2252
2209
2210
2211
2215
2212
2214
2261
2213
2256
2214
2218
2257
2215
2217
2260
2216
2217
2218
2220
2262
2219
2223
2220
2222
3651
2221
3680
2222
2262
2266
3706
2223
2265
3650
2224
2257
2262
2264
2225
2231
2226
2230
2257
2227
2256
2228
2230
2240
2255
2229
2239
2230
2232
2238
2231
2243
2258
2232
2234
2244
2264
2233
2237
2234
2236
2283
2235
2265
3272
2236
2244
2248
2268
3634
2237
2247
2282
2238
2244
2246
2239
2241
2243
2240
2243
2271
2242
2246
2243
2245
2274
2244
2270
2245
2269
2246
2248
2275
2247
2248
2281
2276
3635
2250
2253
2255
2251
2256
2252
2253
2261
2254
2255
2259
2261
2272
2256
2258
2271
2257
2261
2258
2260
2259
2264
2270
2260
2263
2280
2261
2262
2263
2264
2266
2279
2265
2269
2266
2268
3649
2267
3705
2268
2277
2279
3848
2269
2276
3648
2270
2275
2279
2271
2274
2280
2272
2280
2274
2278
2280
2275
2276
2278
2277
3647
2278
3849
2279
2280
2282
3631
3635
2283
3632
3634
2284
3270
3272
2285
3269
3273
2286
3232
3234
2287
3231
3235
2288
3182
3184
2289
3181
3185
2290
3116
3118
2291
3115
3119
2292
3038
3040
2293
3037
3041
2294
2952
2954
2295
2951
2955
2296
2316
2318
2297
2315
2319
2298
2300
2302
2299
2303
2300
2304
2306
2301
2307
2315
2302
2304
2312
2320
2550
2303
2319
2323
2304
2324
2305
2551
2306
2310
2312
2570
2307
2309
2308
2312
2314
2309
2311
2533
2541
2310
2532
2311
2531
2571
2312
2538
2546
2572
2313
2549
2314
2320
2544
2546
2548
2315
2541
2543
2316
2320
2317
2543
2951
2318
2320
2544
2560
2956
2319
2559
2955
2320
2322
2321
2322
2548
2550
2556
2560
2323
2557
2559
2324
2550
2554
2325
2551
2553
2326
2334
2336
2327
2333
2337
2328
2332
2329
2331
2337
2341
2330
2342
2331
2347
2332
2338
2348
2333
2334
2338
2335
2553
2336
2338
2514
2552
2337
2513
2551
2338
2340
2339
2340
2348
2514
2516
2341
2511
2513
2342
2348
2350
2343
2347
2351
2344
2346
2345
2351
2355
2346
2352
2358
2360
2347
2348
2352
2349
2350
2352
2516
2518
2351
2511
2519
2352
2354
2353
2354
2358
2518
2522
2355
2519
2521
2356
2358
2357
2378
2521
2358
2376
2377
2522
2359
2360
2361
2376
2362
2366
2368
2363
2365
2364
2368
2365
2367
2370
2366
2371
2367
2374
2376
2368
2369
2370
2374
2371
2372
2374
2373
2384
2374
2381
2383
2375
2376
2377
2381
2378
2380
2630
2379
2625
2380
2392
2626
2381
2393
2629
2382
2383
2389
2393
2384
2387
2388
2385
2386
2388
2387
2412
2389
2415
2390
2416
2391
2393
2417
2637
2392
2410
2636
2393
2395
2394
2395
2629
2633
2637
2396
2626
2634
2636
2397
2401
2398
2505
2634
2399
2401
2457
2504
2635
2400
2456
2501
2401
2403
2402
2636
2403
2409
2457
2459
2655
2404
2454
2456
2405
2409
2406
2408
2432
2454
2407
2425
2408
2420
2424
2409
2419
2433
2459
2410
2411
2417
2419
2655
2412
2416
2420
2413
2415
2414
2420
2667
2415
2421
2668
2416
2417
2421
2418
2660
2419
2421
2661
2671
2420
2656
2664
2421
2423
2422
2423
2668
2669
2671
2424
2664
2666
2667
2425
2427
2433
2435
2426
2430
2432
2427
2667
2429
2439
2441
2430
2436
2438
2431
2435
2432
2434
2438
2452
2433
2453
2434
2460
2664
2435
2437
2465
2665
2436
2666
2437
2441
2674
2438
2440
2466
2673
2439
2451
2440
2443
2450
2441
2442
2471
2676
2675
2443
2445
2472
2681
2444
2449
2445
2448
2477
2682
2447
2481
2483
2448
2478
2480
2449
2475
2477
2450
2472
2474
2451
2469
2471
2452
2466
2468
2453
2463
2465
2454
2460
2462
2455
2459
2456
2458
2462
2499
2457
2500
2458
2652
2654
2459
2461
2651
2657
2460
2656
2461
2465
2663
2462
2464
2692
2728
2463
2498
2464
2468
2497
2465
2467
2691
2727
2466
2690
2467
2471
2689
2468
2470
2698
2726
2469
2496
2470
2474
2495
2471
2473
2699
2725
2472
2688
2473
2477
2687
2474
2476
2704
2724
2475
2494
2476
2480
2493
2477
2479
2705
2723
2478
2686
2479
2483
2685
2480
2482
2710
2722
2481
2492
2482
2485
2491
2483
2484
2711
2721
2684
2485
2487
2715
2720
2486
2490
2487
2489
2716
2719
2489
2718
2750
2490
2719
2747
2491
2720
2746
2492
2721
2743
2493
2722
2742
2494
2723
2739
2495
2724
2738
2496
2725
2735
2497
2726
2734
2498
2727
2731
2499
2728
2730
2500
2649
2651
2501
2648
2652
2502
2504
2503
2604
2648
2504
2605
2641
2647
2505
2640
2652
2506
2507
2632
2634
2640
2642
2508
2619
2627
2631
2509
2618
2622
2624
2510
2520
2524
2526
2511
2517
2519
2527
2512
2516
2513
2515
2527
2571
2514
2570
2515
2569
2516
2528
2574
2517
2518
2524
2528
2519
2523
2520
2521
2523
2624
2522
2625
2523
2630
2524
2623
2525
2622
2526
2528
2579
2621
2527
2578
2618
2528
2530
2529
2530
2574
2575
2579
2531
2571
2576
2578
2532
2536
2538
2533
2535
2534
2538
2540
2535
2537
2584
2592
2536
2593
2537
2578
2598
2538
2577
2583
2597
2539
2576
2540
2546
2583
2587
3332
2541
2584
2586
2542
2546
2543
2545
2586
2949
2544
2950
2545
2563
2957
2546
2564
2587
2962
2547
2548
2564
2566
2572
3332
2549
2563
2567
2550
2568
2570
2572
2551
2555
2552
2570
2553
2555
2569
2554
2555
2557
2556
2568
2557
2561
2567
2558
2559
2561
3347
2560
3342
2561
2563
3341
2562
3348
2563
2565
2567
3349
2564
3340
2565
3331
3339
2566
3334
3354
2567
2573
3333
2568
2569
2573
2570
2574
2571
2572
2574
2573
2576
2574
2575
2576
2580
3333
2577
3332
2578
2580
2582
2616
2579
2617
2580
3323
2581
3324
2582
3327
3333
3335
2583
2615
3330
3332
2584
2588
2614
2585
2591
2586
2588
2590
2947
2587
2948
2588
2963
3331
2589
2968
3330
2590
2612
2614
2969
3329
2591
2611
2946
2592
2610
2614
2593
2595
2597
2594
2598
2595
2599
2601
2596
2602
2610
2597
2599
2607
2613
3320
2598
2614
2616
2599
2617
2600
3321
2601
2605
2607
3413
2602
2604
2603
2607
2609
2604
2606
2825
2881
2605
2824
2606
2829
3414
2607
2828
2886
3415
2608
3412
2609
2613
2884
2886
3318
2610
2881
2883
2611
2613
2612
2883
2945
2613
2884
2974
3390
2614
3319
2615
2616
3319
3327
3329
2617
3320
3324
2618
3321
3323
2619
2621
2620
2642
3321
2621
2631
2643
3322
2622
3323
2623
2631
2624
2628
2630
2625
2627
2626
2630
2627
2629
2628
2634
2629
2631
2633
2630
2632
2633
2639
2643
2634
2638
2635
2636
2638
2640
2654
2637
2655
2638
2660
2639
2659
2640
2644
2772
2641
2653
2642
2644
2646
3414
2643
3413
2644
3418
2645
3417
2646
2772
2773
3419
2647
2653
2769
3420
2648
2650
2652
2829
2649
2824
2650
2730
2823
2651
2729
2769
2830
2652
2728
2770
2653
2654
2770
2772
2655
2657
2659
2656
2660
2657
2661
2663
2658
2692
2770
2659
2661
2693
2771
2660
2772
2661
2662
2663
2671
2693
2695
2664
2690
2692
2665
2671
2666
2670
2673
2690
2669
2674
2668
2670
2679
2671
2672
2695
2673
2677
2679
2696
2674
2676
2689
2675
2679
2676
2678
2677
2681
2688
2678
2680
2701
2679
2681
2683
2702
2682
2687
2683
2686
2707
2685
2711
2713
2686
2708
2710
2687
2705
2707
2688
2702
2704
2689
2699
2701
2690
2696
2698
2691
2695
2692
2694
2698
2777
2693
2776
2694
2775
2695
2697
2778
2696
2697
2701
2698
2700
2781
2699
2782
2700
2704
2783
2701
2703
2784
2702
2703
2707
2704
2706
2787
2705
2788
2706
2710
2789
2707
2709
2790
2708
2709
2713
2710
2712
2793
2711
2794
2712
2715
2795
2713
2714
2796
2715
2717
2799
2716
2800
2717
2801
2802
2719
2749
2806
2720
2748
2801
2721
2745
2800
2722
2744
2795
2723
2741
2794
2724
2740
2789
2725
2737
2788
2726
2736
2783
2727
2733
2782
2728
2732
2777
2729
2776
2730
2732
2768
2831
2731
2822
2732
2734
2821
2733
2767
2836
2734
2736
2766
2837
2735
2820
2736
2738
2819
2737
2765
2842
2738
2740
2764
2843
2739
2818
2740
2742
2817
2741
2763
2848
2742
2744
2762
2849
2743
2816
2744
2746
2815
2745
2761
2854
2746
2748
2760
2855
2747
2814
2748
2750
2813
2749
2759
2860
2750
2752
2758
2861
2751
2812
2752
2754
2811
2753
2757
2810
2754
2756
3299
3294
2756
2807
3630
2757
3625
2758
2807
2809
2759
2804
2806
3557
2760
2801
2803
3551
2761
2798
2800
3550
2762
2795
2797
3536
2763
2792
2794
3533
2764
2789
2791
3527
2765
2786
2788
3526
2766
2783
2785
3447
2767
2780
2782
3444
2768
2777
2779
3438
2769
2774
2776
3437
2770
2773
3423
2771
2776
2772
2773
2775
2774
3424
2775
2779
3442
2776
2778
2777
2778
2782
2779
2781
2780
3441
2781
2785
3443
2782
2784
2783
2784
2788
2785
2787
2786
3448
2787
2791
3531
2788
2790
2789
2790
2794
2791
2793
2792
3530
2793
2797
3532
2794
2796
2795
2796
2800
2797
2799
2798
3537
2799
2803
3555
2800
2802
2801
2802
2806
2803
2805
2804
3554
2805
2807
3556
2806
2808
2809
3556
3560
3630
2810
3557
3559
3625
2811
2861
2865
3299
2812
2864
3294
2813
2861
2863
2814
2858
2860
2815
2855
2857
2816
2852
2854
2817
2849
2851
2818
2846
2848
2819
2843
2845
2820
2840
2842
2821
2837
2839
2822
2834
2836
2823
2831
2833
2824
2826
2830
2825
2829
2826
2828
2880
2827
2833
2879
2828
2830
2832
2892
3422
2829
2887
3421
2830
3420
2831
3423
2832
2836
3437
2833
2835
2893
3436
2834
2878
2835
2839
2877
2836
2838
2898
3439
2837
3438
2838
2842
3444
2839
2841
2899
3445
2840
2876
2841
2845
2875
2842
2844
2904
3446
2843
3447
2844
2848
3526
2845
2847
2905
3525
2846
2874
2847
2851
2873
2848
2850
2910
3528
2849
3527
2850
2854
3533
2851
2853
2911
3534
2852
2872
2853
2857
2871
2854
2856
2916
3535
2855
3536
2856
2860
3550
2857
2859
2917
3549
2858
2870
2859
2863
2869
2860
2862
2922
3552
2861
3551
2862
3557
2863
2865
2923
3558
2864
2868
2865
2867
3293
2866
3298
3559
2867
2923
2927
3301
3303
2868
2926
3292
2869
2923
2925
2870
2920
2922
2871
2917
2919
2872
2914
2916
2873
2911
2913
2874
2908
2910
2875
2905
2907
2876
2902
2904
2877
2899
2901
2878
2896
2898
2879
2893
2895
2880
2890
2892
2881
2887
2889
2882
2886
2883
2885
2889
2943
2884
2944
2885
2975
3406
2886
2888
2980
3407
2887
3317
2888
2892
3316
2889
2891
2981
3430
2890
2942
2891
2895
2941
2892
2894
2986
3431
2893
3315
2894
2898
3314
2895
2897
2987
3455
2896
2940
2897
2901
2939
2898
2900
2992
3454
2899
3313
2900
2904
3312
2901
2903
2993
3506
2902
2938
2903
2907
2937
2904
2906
2998
3507
2905
3311
2906
2910
3310
2907
2909
2999
3518
2908
2936
2909
2913
2935
2910
2912
3004
3519
2911
3309
2912
2916
3308
2913
2915
3005
3543
2914
2934
2915
2919
2933
2916
2918
3010
3544
2917
3307
2918
2922
3306
2919
2921
3011
3566
2920
2932
2921
2925
2931
2922
2924
3016
3565
2923
3305
2924
3304
2925
2927
3017
3614
2926
2930
2927
2929
2928
3615
2929
3017
3619
2930
2931
3017
2932
3014
3016
2933
3011
3013
2934
3008
3010
2935
3005
3007
2936
3002
3004
2937
2999
3001
2938
2996
2998
2939
2993
2995
2940
2990
2992
2941
2987
2989
2942
2984
2986
2943
2981
2983
2944
2978
2980
2945
2975
2977
2946
2972
2974
2947
2969
2971
2948
2966
2968
2949
2963
2965
2950
2960
2962
2951
2957
2959
2952
2956
2953
2959
3037
2954
2956
2958
3042
3344
2955
3041
3343
2956
3342
2957
3341
2958
2962
3340
2959
2961
3043
3351
2960
3036
2961
2965
3035
2962
2964
3048
3352
2963
3339
2964
2968
3338
2965
2967
3049
3357
2966
3034
2967
2971
3033
2968
2970
3054
3358
2969
3337
2970
2974
3388
2971
2973
3055
3387
2972
3032
2973
2977
3031
2974
2976
3060
3396
2975
3389
2976
2980
3405
2977
2979
3061
3404
2978
3030
2979
2983
3029
2980
2982
3066
3462
2981
3461
2982
2986
3460
2983
2985
3067
3469
2984
3028
2985
2989
3027
2986
2988
3072
3470
2987
3459
2988
2992
3458
2989
2991
3073
3490
2990
3026
2991
2995
3025
2992
2994
3078
3491
2993
3492
2994
2998
3505
2995
2997
3079
3504
2996
3024
2997
3001
3023
2998
3000
3084
3513
2999
3514
3000
3004
3517
3001
3003
3085
3574
3002
3022
3003
3007
3021
3004
3006
3090
3573
3005
3572
3006
3010
3571
3007
3009
3091
3580
3008
3020
3009
3013
3019
3010
3012
3096
3581
3011
3570
3012
3016
3569
3013
3015
3097
3606
3014
3018
3015
3016
3607
3017
3608
3613
3019
3097
3020
3094
3096
3021
3091
3093
3022
3088
3090
3023
3085
3087
3024
3082
3084
3025
3079
3081
3026
3076
3078
3027
3073
3075
3028
3070
3072
3029
3067
3069
3030
3064
3066
3031
3061
3063
3032
3058
3060
3033
3055
3057
3034
3052
3054
3035
3049
3051
3036
3046
3048
3037
3043
3045
3038
3042
3039
3045
3115
3040
3042
3044
3120
3368
3041
3119
3367
3042
3366
3043
3365
3044
3048
3364
3045
3047
3121
3375
3046
3114
3047
3051
3113
3048
3050
3126
3376
3049
3363
3050
3054
3362
3051
3053
3127
3381
3052
3112
3053
3057
3111
3054
3056
3132
3382
3055
3361
3056
3060
3386
3057
3059
3133
3385
3058
3110
3059
3063
3109
3060
3062
3138
3398
3061
3397
3062
3066
3403
3063
3065
3139
3478
3064
3108
3065
3069
3107
3066
3068
3144
3477
3067
3476
3068
3072
3475
3069
3071
3145
3484
3070
3106
3071
3075
3105
3072
3074
3150
3485
3073
3474
3074
3078
3489
3075
3077
3151
3488
3076
3104
3077
3081
3103
3078
3080
3156
3499
3079
3498
3080
3084
3503
3081
3083
3157
3502
3082
3102
3083
3087
3101
3084
3086
3162
3590
3085
3589
3086
3090
3588
3087
3089
3163
3596
3088
3100
3089
3093
3099
3090
3092
3166
3597
3091
3587
3092
3096
3586
3093
3095
3167
3602
3094
3098
3095
3096
3603
3097
3585
3605
3099
3167
3100
3166
3101
3163
3165
3102
3160
3162
3103
3157
3159
3104
3154
3156
3105
3151
3153
3106
3148
3150
3107
3145
3147
3108
3142
3144
3109
3139
3141
3110
3136
3138
3111
3133
3135
3112
3130
3132
3113
3127
3129
3114
3124
3126
3115
3121
3123
3116
3120
3117
3123
3181
3118
3120
3122
3186
3658
3119
3185
3655
3120
3656
3121
3657
3122
3126
3664
3123
3125
3187
3665
3124
3180
3125
3129
3179
3126
3128
3192
3666
3127
3667
3128
3132
3721
3129
3131
3193
3720
3130
3178
3131
3135
3177
3132
3134
3198
3723
3133
3722
3134
3138
3729
3135
3137
3199
3730
3136
3176
3137
3141
3175
3138
3140
3204
3731
3139
3732
3140
3144
3781
3141
3143
3205
3780
3142
3174
3143
3147
3173
3144
3146
3210
3783
3145
3782
3146
3150
3789
3147
3149
3211
3790
3148
3172
3149
3153
3171
3150
3152
3216
3791
3151
3792
3152
3156
3822
3153
3155
3217
3821
3154
3170
3155
3159
3169
3156
3158
3220
3824
3157
3823
3158
3162
3830
3159
3161
3221
3831
3160
3168
3161
3165
3162
3164
3832
3163
3833
3164
3166
3860
3165
3859
3167
3861
3866
3169
3221
3170
3220
3171
3217
3219
3172
3214
3216
3173
3211
3213
3174
3208
3210
3175
3205
3207
3176
3202
3204
3177
3199
3201
3178
3196
3198
3179
3193
3195
3180
3190
3192
3181
3187
3189
3182
3186
3183
3189
3231
3184
3186
3188
3236
3674
3185
3235
3653
3186
3654
3187
3673
3188
3192
3672
3189
3191
3237
3687
3190
3230
3191
3195
3229
3192
3194
3242
3688
3193
3689
3194
3198
3719
3195
3197
3243
3718
3196
3228
3197
3201
3227
3198
3200
3248
3739
3199
3738
3200
3204
3737
3201
3203
3249
3752
3202
3226
3203
3207
3225
3204
3206
3254
3753
3205
3754
3206
3210
3779
3207
3209
3255
3778
3208
3224
3209
3213
3223
3210
3212
3260
3799
3211
3798
3212
3216
3797
3213
3215
3261
3812
3214
3222
3215
3219
3216
3218
3813
3217
3814
3218
3220
3820
3219
3819
3221
3839
3838
3223
3261
3224
3258
3260
3225
3255
3257
3226
3252
3254
3227
3249
3251
3228
3246
3248
3229
3243
3245
3230
3240
3242
3231
3237
3239
3232
3236
3233
3239
3269
3234
3236
3238
3274
3682
3235
3273
3651
3236
3652
3237
3683
3238
3242
3686
3239
3241
3275
3696
3240
3268
3241
3245
3267
3242
3244
3280
3695
3243
3694
3244
3248
3717
3245
3247
3281
3716
3246
3266
3247
3251
3265
3248
3250
3286
3747
3249
3748
3250
3254
3751
3251
3253
3287
3761
3252
3264
3253
3257
3263
3254
3256
3290
3760
3255
3759
3256
3260
3777
3257
3259
3291
3776
3258
3262
3259
3260
3807
3261
3808
3811
3263
3291
3264
3290
3265
3287
3289
3266
3284
3286
3267
3281
3283
3268
3278
3280
3269
3275
3277
3270
3274
3271
3277
3632
3272
3274
3276
3633
3703
3273
3634
3649
3274
3650
3275
3702
3276
3280
3701
3277
3279
3643
3710
3278
3638
3279
3283
3639
3280
3282
3644
3711
3281
3700
3282
3286
3715
3283
3285
3645
3714
3284
3646
3285
3289
3286
3288
3768
3287
3767
3288
3290
3766
3289
3774
3291
3765
3775
3293
3301
3294
3296
3298
3295
3299
3296
3300
3297
3298
3300
3628
3299
3301
3624
3300
3625
3626
3302
3303
3621
3624
3304
3559
3615
3622
3305
3558
3562
3614
3306
3552
3563
3565
3307
3547
3549
3566
3308
3535
3544
3546
3309
3534
3540
3543
3310
3519
3528
3541
3311
3518
3522
3525
3312
3446
3507
3523
3313
3445
3451
3506
3314
3439
3452
3454
3315
3434
3436
3455
3316
3422
3431
3433
3317
3421
3427
3430
3318
3407
3415
3428
3319
3406
3410
3412
3320
3326
3390
3321
3325
3412
3322
3413
3323
3325
3418
3324
3325
3327
3326
3411
3327
3391
3410
3328
3329
3335
3391
3393
3330
3388
3390
3331
3335
3337
3332
3334
3338
3333
3334
3335
3355
3336
3337
3355
3359
3393
3338
3358
3388
3339
3355
3357
3340
3352
3354
3341
3349
3351
3342
3344
3348
3343
3347
3344
3346
3366
3345
3351
3365
3346
3348
3350
3372
3347
3371
3348
3349
3350
3354
3351
3353
3373
3352
3364
3353
3357
3363
3354
3356
3378
3355
3356
3357
3359
3379
3358
3362
3359
3361
3387
3360
3394
3361
3379
3383
3401
3362
3382
3386
3363
3379
3381
3364
3376
3378
3365
3373
3375
3366
3368
3372
3367
3371
3368
3370
3656
3369
3375
3657
3370
3372
3374
3662
3371
3661
3372
3373
3374
3378
3375
3377
3663
3376
3664
3377
3381
3667
3378
3380
3668
3379
3380
3381
3383
3726
3382
3721
3383
3385
3722
3384
3727
3385
3399
3401
3728
3386
3398
3729
3387
3397
3401
3388
3394
3396
3389
3393
3390
3392
3396
3405
3391
3406
3392
3409
3393
3395
3465
3394
3395
3401
3396
3400
3464
3397
3404
3398
3400
3403
3399
3478
3732
3400
3479
3733
3401
3402
3403
3464
3479
3481
3404
3476
3478
3405
3462
3464
3406
3461
3465
3407
3409
3408
3430
3461
3409
3428
3429
3466
3410
3465
3411
3428
3412
3416
3418
3413
3415
3414
3418
3415
3417
3420
3416
3421
3417
3426
3428
3418
3419
3420
3424
3426
3421
3423
3422
3426
3423
3425
3436
3424
3437
3425
3442
3426
3433
3435
3427
3428
3429
3433
3430
3432
3467
3431
3460
3432
3455
3459
3433
3456
3472
3434
3435
3452
3456
3436
3440
3442
3437
3439
3438
3442
3439
3441
3444
3440
3445
3441
3450
3452
3442
3443
3444
3448
3450
3445
3447
3446
3450
3447
3449
3525
3448
3526
3449
3531
3450
3523
3524
3451
3452
3509
3523
3453
3454
3456
3493
3509
3455
3492
3506
3456
3458
3457
3458
3472
3493
3495
3459
3490
3492
3460
3470
3472
3461
3467
3469
3462
3466
3463
3469
3476
3464
3466
3468
3481
3465
3466
3467
3468
3472
3469
3471
3482
3470
3475
3471
3474
3490
3472
3473
3495
3474
3482
3486
3496
3475
3485
3489
3476
3482
3484
3477
3481
3478
3480
3484
3782
3479
3781
3480
3786
3481
3483
3787
3482
3483
3484
3486
3788
3485
3789
3486
3488
3792
3487
3793
3488
3496
3500
3827
3489
3499
3822
3490
3496
3498
3491
3495
3492
3494
3498
3504
3493
3505
3494
3510
3495
3497
3511
3496
3497
3498
3500
3593
3499
3503
3500
3502
3823
3501
3828
3502
3591
3593
3829
3503
3590
3830
3504
3589
3593
3505
3511
3513
3506
3510
3514
3507
3509
3508
3514
3518
3509
3515
3521
3523
3510
3511
3515
3512
3593
3513
3515
3575
3592
3514
3574
3589
3515
3517
3516
3517
3521
3575
3577
3518
3572
3574
3519
3521
3520
3543
3572
3521
3541
3542
3577
3522
3523
3524
3541
3525
3529
3531
3526
3528
3527
3531
3528
3530
3533
3529
3534
3530
3539
3541
3531
3532
3533
3537
3539
3534
3536
3535
3539
3536
3538
3549
3537
3550
3538
3555
3539
3546
3548
3540
3541
3542
3546
3543
3545
3578
3544
3571
3545
3566
3570
3546
3567
3583
3547
3548
3563
3567
3549
3553
3555
3550
3552
3551
3555
3552
3554
3557
3553
3558
3554
3561
3563
3555
3556
3557
3561
3558
3559
3561
3560
3624
3561
3622
3623
3562
3563
3617
3622
3564
3565
3567
3609
3617
3566
3608
3614
3567
3569
3568
3569
3583
3609
3611
3570
3606
3608
3571
3581
3583
3572
3578
3580
3573
3577
3574
3576
3580
3587
3575
3588
3576
3594
3577
3579
3599
3578
3579
3583
3580
3582
3600
3581
3586
3582
3585
3606
3583
3584
3611
3585
3600
3604
3612
3586
3603
3605
3587
3600
3602
3588
3597
3599
3589
3594
3596
3590
3592
3591
3596
3833
3592
3595
3834
3593
3594
3595
3599
3596
3598
3863
3597
3860
3598
3602
3861
3599
3601
3864
3600
3601
3602
3604
3865
3603
3866
3604
3606
3612
3607
3611
3608
3610
3609
3613
3610
3618
3611
3612
3614
3618
3619
3615
3617
3616
3619
3617
3620
3622
3618
3620
3620
3622
3623
3624
3627
3630
3625
3628
3626
3630
3628
3629
3628
3629
3630
3632
3636
3637
3633
3638
3634
3636
3643
3846
3635
3648
3636
3647
3642
3845
3638
3640
3642
3639
3643
3640
3644
3646
3641
3642
3644
3843
3643
3844
3644
3853
3645
3854
3646
3857
3648
3845
3849
3649
3846
3848
3650
3703
3705
3651
3702
3706
3652
3680
3682
3653
3679
3683
3654
3674
3676
3655
3673
3677
3656
3658
3660
3657
3661
3658
3662
3664
3659
3665
3673
3660
3662
3670
3678
3661
3677
3662
3663
3664
3668
3670
3665
3667
3666
3670
3672
3667
3669
3689
3720
3668
3721
3669
3726
3670
3690
3725
3671
3672
3678
3690
3692
3673
3687
3689
3674
3678
3675
3683
3687
3676
3678
3684
3692
3677
3679
3678
3680
3684
3681
3706
3682
3684
3697
3707
3683
3696
3702
3684
3686
3685
3686
3692
3693
3697
3687
3694
3696
3688
3692
3689
3691
3694
3718
3690
3719
3691
3742
3692
3693
3741
3694
3698
3744
3695
3717
3696
3698
3700
3716
3697
3701
3698
3708
3699
3745
3700
3708
3712
3771
3701
3711
3715
3702
3708
3710
3703
3707
3704
3710
3846
3705
3707
3709
3847
3706
3848
3707
3708
3709
3710
3712
3852
3711
3853
3712
3714
3854
3713
3855
3714
3769
3771
3858
3715
3768
3857
3716
3767
3771
3717
3745
3747
3718
3744
3748
3719
3739
3741
3720
3738
3742
3721
3723
3725
3722
3726
3723
3727
3729
3724
3730
3738
3725
3727
3735
3743
3726
3742
3727
3728
3729
3733
3735
3730
3732
3731
3735
3737
3732
3734
3754
3780
3733
3781
3734
3786
3735
3755
3785
3736
3737
3743
3755
3757
3738
3752
3754
3739
3743
3740
3748
3752
3741
3743
3749
3757
3742
3744
3743
3745
3749
3746
3771
3747
3749
3762
3770
3748
3761
3767
3749
3751
3750
3751
3757
3758
3762
3752
3759
3761
3753
3757
3754
3756
3759
3778
3755
3779
3756
3802
3757
3758
3801
3759
3763
3804
3760
3777
3761
3763
3765
3776
3762
3766
3763
3772
3764
3805
3765
3772
3818
3766
3775
3767
3772
3774
3768
3770
3769
3774
3770
3773
3771
3772
3773
3774
3776
3818
3777
3805
3807
3778
3804
3808
3779
3799
3801
3780
3798
3802
3781
3783
3785
3782
3786
3783
3787
3789
3784
3790
3798
3785
3787
3795
3803
3786
3802
3787
3788
3789
3793
3795
3790
3792
3791
3795
3797
3792
3794
3814
3821
3793
3822
3794
3827
3795
3815
3826
3796
3797
3803
3815
3817
3798
3812
3814
3799
3803
3800
3808
3812
3801
3803
3809
3817
3802
3804
3803
3805
3809
3806
3818
3807
3809
3808
3809
3811
3810
3811
3817
3812
3813
3817
3814
3816
3819
3815
3820
3816
3841
3817
3840
3820
3840
3821
3839
3841
3822
3824
3826
3823
3827
3824
3828
3830
3825
3831
3839
3826
3828
3836
3842
3827
3841
3828
3829
3830
3834
3836
3831
3833
3832
3836
3838
3833
3835
3859
3834
3860
3835
3863
3836
3862
3837
3838
3842
3839
3842
3841
3842
3844
3854
3856
3845
3851
3853
3846
3850
3847
3853
3848
3850
3852
3849
3850
3851
3852
3856
3853
3855
3854
3855
3857
3856
3858
3858
3860
3862
3861
3863
3864
3866
3863
3864
3865
3866
3869
)


// ************************************************************************* //
