/*--------------------------------*- C++ -*----------------------------------*\
| =========                 |                                                 |
| \\      /  F ield         | OpenFOAM: The Open Source CFD Toolbox           |
|  \\    /   O peration     | Version:  2412                                  |
|   \\  /    A nd           | Website:  www.openfoam.com                      |
|    \\/     M anipulation  |                                                 |
\*---------------------------------------------------------------------------*/
FoamFile
{
    version     2.0;
    format      ascii;
    arch        "LSB;label=32;scalar=64";
    note        "nPoints:4998  nCells:3888  nFaces:12702  nInternalFaces:10626";
    class       labelList;
    location    "constant/fuelZone/polyMesh";
    object      neighbour;
}
// * * * * * * * * * * * * * * * * * * * * * * * * * * * * * * * * * * * * * //


10626
(
1
5
1439
2
4
1468
3
1471
4
19
1472
5
18
1467
6
17
1440
7
16
1437
8
15
1410
9
14
1409
13
1383
11
29
1358
12
28
1361
13
27
1382
14
26
1387
15
25
1408
16
24
1415
17
23
1436
18
22
1445
19
21
1466
20
1477
21
45
1478
22
44
1465
23
43
1446
24
42
1435
25
41
1416
26
40
1407
27
39
1388
28
38
1381
29
37
1362
30
36
1357
31
35
1338
34
1337
33
59
1320
34
58
1323
35
57
1336
36
56
1343
37
55
1356
38
54
1367
39
53
1380
40
52
1393
41
51
1406
42
50
1421
43
49
1434
44
48
1451
45
47
1464
46
1483
47
78
1484
48
77
1463
49
76
1452
50
75
1433
51
74
1422
52
73
1405
53
72
1394
54
71
1379
55
70
1368
56
69
1355
57
68
1344
58
67
1335
59
66
1324
60
65
1319
61
64
1308
63
1307
63
95
1301
64
94
1306
65
93
1313
66
92
1318
67
91
1329
68
90
1334
69
89
1349
70
88
1354
71
87
1373
72
86
1378
73
85
1399
74
84
1404
75
83
1427
76
82
1432
77
81
1457
78
80
1462
79
1489
80
117
1490
81
116
1461
82
115
1458
83
114
1431
84
113
1428
85
112
1403
86
111
1400
87
110
1377
88
109
1374
89
108
1353
90
107
1350
91
106
1333
92
105
1330
93
104
1317
94
103
1314
95
102
1305
96
101
1302
97
100
1299
99
1296
99
137
1511
100
136
1510
101
135
1509
102
134
1508
103
133
1507
104
132
1506
105
131
1505
106
130
1504
107
129
1503
108
128
1502
109
127
1501
110
126
1500
111
125
1499
112
124
1498
113
123
1497
114
122
1496
115
121
1495
116
120
1494
117
119
1493
118
1492
119
160
3480
120
159
3479
121
158
3467
122
157
3466
123
156
3439
124
155
3438
125
154
3388
126
153
3387
127
152
3328
128
151
3327
129
150
2353
130
149
2352
131
148
2341
132
147
2340
133
146
2329
134
145
2328
135
144
2317
136
143
2316
137
142
2237
138
141
2236
140
2213
140
180
2212
141
179
2217
142
178
2235
143
177
2242
144
176
2315
145
175
2322
146
174
2327
147
173
2334
148
172
2339
149
171
2346
150
170
2351
151
169
2358
152
168
3326
153
167
3333
154
166
3386
155
165
3393
156
164
3437
157
163
3444
158
162
3465
159
161
3472
160
3478
3485
162
3473
163
202
3464
164
201
3445
165
200
3436
166
199
3394
167
198
3385
168
197
3334
169
196
3325
170
195
2359
171
194
2350
172
193
2347
173
192
2338
174
191
2335
175
190
2326
176
189
2323
177
188
2314
178
187
2243
179
186
2234
180
185
2218
181
184
2211
183
2104
183
223
2103
184
222
2108
185
221
2210
186
220
2248
187
219
2247
188
218
2246
189
217
2369
190
216
2368
191
215
2367
192
214
2366
193
213
2365
194
212
2364
195
211
2363
196
210
2362
197
209
3324
198
208
3339
199
207
3384
200
206
3399
201
205
3435
202
204
3450
203
3463
204
3462
205
246
3451
206
245
3434
207
244
3400
208
243
3383
209
242
3340
210
241
3323
211
240
2488
212
239
2487
213
238
2474
214
237
2473
215
236
2387
216
235
2386
217
234
2371
218
233
2370
219
232
2257
220
231
2256
221
230
2249
222
229
2250
223
228
2109
224
227
2102
226
2052
226
268
2051
227
267
2056
228
266
2101
229
265
2114
230
264
2263
231
263
2262
232
262
2261
233
261
2260
234
260
2377
235
259
2378
236
258
2385
237
257
2467
238
256
2472
239
255
2481
240
254
2486
241
253
2547
242
252
3322
243
251
3345
244
250
3382
245
249
3405
246
248
3433
247
3456
248
3457
249
291
3432
250
290
3406
251
289
3381
252
288
3346
253
287
3321
254
286
2548
255
285
2485
256
284
2482
257
283
2471
258
282
2466
259
281
2465
260
280
2379
261
279
2380
262
278
2281
263
277
2280
264
276
2265
265
275
2264
266
274
2115
267
273
2100
268
272
2057
269
271
2050
270
1728
271
313
1731
272
312
2049
273
311
2062
274
310
2099
275
309
2120
276
308
2271
277
307
2272
278
306
2279
279
305
2559
280
304
2558
281
303
2557
282
302
2556
283
301
2555
284
300
2554
285
299
2553
286
298
2552
287
297
2551
288
296
3320
289
295
3351
290
294
3380
291
293
3411
292
3431
293
3430
294
337
3412
295
336
3379
296
335
3352
297
334
3319
298
333
3069
299
332
3068
300
331
3007
301
330
3006
302
329
2945
303
328
2944
304
327
2568
305
326
2569
306
325
2560
307
324
2561
308
323
2273
309
322
2274
310
321
2121
311
320
2098
312
319
2063
313
318
2048
314
317
1744
316
1743
316
360
1737
317
359
1742
318
358
1749
319
357
2047
320
356
2068
321
355
2097
322
354
2126
323
353
2576
324
352
2575
325
351
2574
326
350
2573
327
349
2572
328
348
2890
329
347
2943
330
346
2952
331
345
3005
332
344
3014
333
343
3067
334
342
3146
335
341
3318
336
340
3357
337
339
3378
338
3417
339
384
3418
340
383
3377
341
382
3358
342
381
3317
343
380
3147
344
379
3066
345
378
3015
346
377
3004
347
376
2953
348
375
2942
349
374
2889
350
373
2888
351
372
2594
352
371
2593
353
370
2578
354
369
2577
355
368
2127
356
367
2096
357
366
2069
358
365
2046
359
364
1750
360
363
1741
362
1738
362
408
1756
363
407
1755
364
406
1754
365
405
1753
366
404
2045
367
403
2074
368
402
2095
369
401
2132
370
400
2584
371
399
2585
372
398
2592
373
397
2688
374
396
2887
375
395
2896
376
394
2941
377
393
2958
378
392
3003
379
391
3020
380
390
3065
381
389
3150
382
388
3316
383
387
3363
384
386
3376
385
3423
386
433
3424
387
432
3375
388
431
3364
389
430
3315
390
429
3151
391
428
3064
392
427
3021
393
426
3002
394
425
2959
395
424
2940
396
423
2897
397
422
2886
398
421
2689
399
420
2690
400
419
2586
401
418
2587
402
417
2133
403
416
2094
404
415
2075
405
414
2044
406
413
1779
407
412
1778
408
411
1765
410
1764
410
457
1758
411
456
1763
412
455
1772
413
454
1777
414
453
1824
415
452
2043
416
451
2080
417
450
2093
418
449
2138
419
448
2697
420
447
2696
421
446
2695
422
445
2694
423
444
2885
424
443
2902
425
442
2939
426
441
2964
427
440
3001
428
439
3026
429
438
3063
430
437
3309
431
436
3314
432
435
3369
433
434
3374
3429
435
482
3373
436
481
3370
437
480
3313
438
479
3310
439
478
3062
440
477
3027
441
476
3000
442
475
2965
443
474
2938
444
473
2903
445
472
2884
446
471
2715
447
470
2714
448
469
2699
449
468
2698
450
467
2139
451
466
2092
452
465
2081
453
464
2042
454
463
1825
455
462
1776
456
461
1773
457
460
1762
459
1759
459
506
1833
460
505
1832
461
504
1831
462
503
1830
463
502
1829
464
501
1828
465
500
2041
466
499
2086
467
498
2091
468
497
2144
469
496
2705
470
495
2706
471
494
2713
472
493
2854
473
492
2883
474
491
2908
475
490
2937
476
489
2970
477
488
2999
478
487
3032
479
486
3061
480
485
3489
481
484
3488
482
483
3487
3486
484
530
3769
485
529
3770
486
528
3490
487
527
3060
488
526
3033
489
525
2998
490
524
2971
491
523
2936
492
522
2909
493
521
2882
494
520
2853
495
519
2852
496
518
2707
497
517
2708
498
516
2145
499
515
2090
500
514
2087
501
513
2040
502
512
1909
503
511
1908
504
510
1879
505
509
1878
506
508
1849
507
1848
508
554
1847
509
553
1856
510
552
1877
511
551
1886
512
550
1907
513
549
1995
514
548
2151
515
547
2150
516
546
2149
517
545
2148
518
544
2827
519
543
2828
520
542
2851
521
541
2860
522
540
2881
523
539
2914
524
538
2935
525
537
2976
526
536
2997
527
535
3038
528
534
3059
529
533
3497
530
532
3773
531
3774
532
3775
533
579
3776
534
578
3498
535
577
3058
536
576
3039
537
575
2996
538
574
2977
539
573
2934
540
572
2915
541
571
2880
542
570
2861
543
569
2850
544
568
2829
545
567
2826
546
566
2169
547
565
2168
548
564
2153
549
563
2152
550
562
1996
551
561
1906
552
560
1887
553
559
1876
554
558
1857
555
557
1846
556
1834
557
603
1837
558
602
1845
559
601
1862
560
600
1875
561
599
1892
562
598
1905
563
597
1999
564
596
2159
565
595
2160
566
594
2167
567
593
2812
568
592
2825
569
591
2836
570
590
2849
571
589
2866
572
588
2879
573
587
2920
574
586
2933
575
585
2982
576
584
2995
577
583
3044
578
582
3057
579
581
3503
580
3803
581
3802
582
626
3504
583
625
3056
584
624
3045
585
623
2994
586
622
2983
587
621
2932
588
620
2921
589
619
2878
590
618
2867
591
617
2848
592
616
2837
593
615
2824
594
614
2811
595
613
2810
596
612
2161
597
611
2162
598
610
2000
599
609
1904
600
608
1893
601
607
1874
602
606
1863
603
605
1844
604
1838
605
1841
606
647
1843
607
646
1868
608
645
1873
609
644
1898
610
643
1903
611
642
2003
612
641
2785
613
640
2786
614
639
2809
615
638
2818
616
637
2823
617
636
2842
618
635
2847
619
634
2872
620
633
2877
621
632
2926
622
631
2931
623
630
2988
624
629
2993
625
628
3050
626
627
3055
3509
628
3054
629
3051
630
2992
631
2989
632
2930
633
2927
634
2876
635
2873
636
2846
637
2843
638
2822
639
2819
640
2808
641
2787
642
2784
643
2004
644
1902
645
1899
646
1872
647
1869
1842
649
656
1919
650
655
1920
651
654
1923
653
1924
653
669
1926
654
668
1951
655
667
1950
656
666
1945
657
665
1944
658
664
1939
659
663
1938
662
1937
661
679
1787
662
678
1790
663
677
1936
664
676
1935
665
675
1940
666
674
1943
667
673
1946
668
672
1949
669
671
1952
670
1955
671
695
1956
672
694
1981
673
693
1980
674
692
1975
675
691
1974
676
690
1969
677
689
1968
678
688
1967
679
687
1791
680
686
1814
681
685
1813
684
1808
683
709
1804
684
708
1807
685
707
1809
686
706
1812
687
705
1815
688
704
1818
689
703
1966
690
702
1965
691
701
1970
692
700
1973
693
699
1976
694
698
1979
695
697
1982
696
1985
697
727
1986
698
726
2778
699
725
2775
700
724
2772
701
723
2033
702
722
2034
703
721
2029
704
720
2028
705
719
1819
706
718
2025
707
717
2021
708
716
2019
709
715
2020
710
714
1803
713
1796
712
744
1733
713
743
1734
714
742
1797
715
741
1802
716
740
1801
717
739
2018
718
738
2023
719
737
2024
720
736
2026
721
735
2027
722
734
2036
723
733
2035
724
732
2770
725
731
2771
726
730
2776
727
729
2777
728
2780
729
764
2781
730
763
2800
731
762
2799
732
761
2798
733
760
2768
734
759
2769
735
758
2037
736
757
2757
737
756
2648
738
755
2643
739
754
2641
740
753
2642
741
752
2624
742
751
2619
743
750
2617
744
749
2618
745
748
2198
747
2193
747
783
2192
748
782
2200
749
781
2199
750
780
2611
751
779
2616
752
778
2626
753
777
2625
754
776
2635
755
775
2640
756
774
2650
757
773
2649
758
772
2754
759
771
2759
760
770
2762
761
769
2767
762
768
2797
763
767
2796
764
766
2801
765
2804
766
805
2805
767
804
3220
768
803
3219
769
802
3218
770
801
3201
771
800
2761
772
799
2760
773
798
2752
774
797
2753
775
796
2651
776
795
2652
777
794
2634
778
793
2633
779
792
2627
780
791
2628
781
790
2609
782
789
2610
783
788
2201
784
787
2202
786
2190
786
826
2189
787
825
2206
788
824
2203
789
823
2439
790
822
2438
791
821
2608
792
820
2607
793
819
2629
794
818
2632
795
817
2656
796
816
2653
797
815
2741
798
814
2740
799
813
2751
800
812
2750
801
811
3203
802
810
3202
803
809
3217
804
808
3216
805
807
3225
806
3224
807
850
3253
808
849
3226
809
848
3233
810
847
3210
811
846
3209
812
845
3204
813
844
3183
814
843
3184
815
842
2745
816
841
2742
817
840
2725
818
839
2657
819
838
2672
820
837
2667
821
836
2666
822
835
2665
823
834
2441
824
833
2440
825
832
2291
826
831
2207
827
830
2230
829
2225
829
873
2224
830
872
2226
831
871
2229
832
870
2293
833
869
2292
834
868
2433
835
867
2444
836
866
2664
837
865
2663
838
864
2668
839
863
2671
840
862
2727
841
861
2726
842
860
2743
843
859
2744
844
858
3185
845
857
3186
846
856
3205
847
855
3206
848
854
3231
849
853
3232
850
852
3255
851
3254
852
899
3257
853
898
3256
854
897
3234
855
896
3242
856
895
3240
857
894
3241
858
893
3187
859
892
3178
860
891
3177
861
890
3176
862
889
2729
863
888
2728
864
887
2673
865
886
2674
866
885
2675
867
884
2676
868
883
2445
869
882
2432
870
881
2431
871
880
2294
872
879
2231
873
878
2308
874
877
2303
876
2304
876
924
1513
877
923
2305
878
922
2306
879
921
2307
880
920
2310
881
919
2295
882
918
2430
883
917
2449
884
916
2450
885
915
2677
886
914
2680
887
913
2681
888
912
2684
889
911
2685
890
910
2730
891
909
3175
892
908
3174
893
907
3191
894
906
3192
895
905
3193
896
904
3239
897
903
3243
898
902
3246
899
901
3247
900
3260
901
950
3261
902
949
3544
903
948
3543
904
947
3538
905
946
3537
906
945
3534
907
944
3535
908
943
3536
909
942
3173
910
941
3168
911
940
3167
912
939
3166
913
938
3109
914
937
3104
915
936
3103
916
935
3102
917
934
2451
918
933
2459
919
932
2457
920
931
2458
921
930
2311
922
929
2406
923
928
2405
924
927
2404
926
1514
926
976
1516
927
975
1519
928
974
2403
929
973
2402
930
972
2411
931
971
2410
932
970
2425
933
969
2456
934
968
2460
935
967
2461
936
966
3101
937
965
3100
938
964
3111
939
963
3110
940
962
3165
941
961
3164
942
960
3275
943
959
3274
944
958
3273
945
957
3272
946
956
3533
947
955
3532
948
954
3539
949
953
3542
950
952
3545
951
3548
952
1004
3549
953
1003
3566
954
1002
3565
955
1001
3560
956
1000
3559
957
999
3528
958
998
3527
959
997
3526
960
996
3295
961
995
3276
962
994
3283
963
993
3282
964
992
3125
965
991
3112
966
990
3120
967
989
3118
968
988
3119
969
987
3081
970
986
3082
971
985
2424
972
984
2423
973
983
2412
974
982
2413
975
981
2414
976
980
1520
977
979
1527
978
1526
979
1031
1525
980
1030
1528
981
1029
1531
982
1028
2415
983
1027
2418
984
1026
2419
985
1025
2422
986
1024
2532
987
1023
2531
988
1022
3083
989
1021
3084
990
1020
3117
991
1019
3116
992
1018
3121
993
1017
3126
994
1016
3281
995
1015
3280
996
1014
3297
997
1013
3296
998
1012
3525
999
1011
3524
1000
1010
3557
1001
1009
3558
1002
1008
3561
1003
1007
3564
1004
1006
3567
1005
3570
1006
1060
3571
1007
1059
3596
1008
1058
3595
1009
1057
3590
1010
1056
3589
1011
1055
3584
1012
1054
3583
1013
1053
3582
1014
1052
3298
1015
1051
3290
1016
1050
3289
1017
1049
3284
1018
1048
3127
1019
1047
3136
1020
1046
3135
1021
1045
3092
1022
1044
3091
1023
1043
3090
1024
1042
2534
1025
1041
2533
1026
1040
2510
1027
1039
2505
1028
1038
2504
1029
1037
2503
1030
1036
1532
1031
1035
1543
1032
1034
1542
1033
1537
1034
1088
1538
1035
1087
1541
1036
1086
1544
1037
1085
1547
1038
1084
2502
1039
1083
2501
1040
1082
2512
1041
1081
2511
1042
1080
2526
1043
1079
2537
1044
1078
3089
1045
1077
3088
1046
1076
3133
1047
1075
3134
1048
1074
3137
1049
1073
3140
1050
1072
3285
1051
1071
3286
1052
1070
3302
1053
1069
3303
1054
1068
3581
1055
1067
3580
1056
1066
3585
1057
1065
3588
1058
1064
3591
1059
1063
3594
1060
1062
3597
1061
3600
1062
3601
1063
1117
3602
1064
1116
3603
1065
1115
3604
1066
1114
3605
1067
1113
3606
1068
1112
3607
1069
1111
3608
1070
1110
3304
1071
1109
3637
1072
1108
3634
1073
1107
3633
1074
1106
3141
1075
1105
3629
1076
1104
3626
1077
1103
3623
1078
1102
3621
1079
1101
3622
1080
1100
2538
1081
1099
2525
1082
1098
2524
1083
1097
2513
1084
1096
2514
1085
1095
2515
1086
1094
1548
1087
1093
1563
1088
1092
1562
1089
1091
1557
1090
1556
1091
1144
1555
1092
1143
1558
1093
1142
1561
1094
1141
1564
1095
1140
1567
1096
1139
2516
1097
1138
2519
1098
1137
2520
1099
1136
2523
1100
1135
2542
1101
1134
2543
1102
1133
2544
1103
1132
3620
1104
1131
3624
1105
1130
3625
1106
1129
3630
1107
1128
3631
1108
1127
3632
1109
1126
3639
1110
1125
3638
1111
1124
3763
1112
1123
3609
1113
1122
3791
1114
1121
3792
1115
1120
3795
1116
1119
3796
1117
1118
3799
3800
1119
3887
1120
3884
1121
1171
3883
1122
1170
3882
1123
1169
3881
1124
1168
3764
1125
1167
3762
1126
1166
3761
1127
1165
3640
1128
1164
3691
1129
1163
3690
1130
1162
3685
1131
1161
3684
1132
1160
3679
1133
1159
3678
1134
1158
3673
1135
1157
3672
1136
1156
3667
1137
1155
3666
1138
1154
3661
1139
1153
3660
1140
1152
3659
1141
1151
1568
1142
1150
1587
1143
1149
1586
1144
1148
1581
1145
1147
1580
1146
1575
1147
1194
1576
1148
1193
1579
1149
1192
1582
1150
1191
1585
1151
1190
1588
1152
1189
1591
1153
1188
3658
1154
1187
3657
1155
1186
3662
1156
1185
3665
1157
1184
3668
1158
1183
3671
1159
1182
3674
1160
1181
3677
1161
1180
3680
1162
1179
3683
1163
1178
3686
1164
1177
3689
1165
1176
3692
1166
1175
3695
1167
1174
3760
1168
1173
3759
1169
1172
3786
1170
3880
1171
3879
3878
1173
3785
1174
3783
1175
1216
3784
1176
1215
3696
1177
1214
3747
1178
1213
3746
1179
1212
3741
1180
1211
3740
1181
1210
3735
1182
1209
3734
1183
1208
3729
1184
1207
3728
1185
1206
3723
1186
1205
3722
1187
1204
3717
1188
1203
3716
1189
1202
3715
1190
1201
1592
1191
1200
1613
1192
1199
1612
1193
1198
1607
1194
1197
1606
1196
1601
1196
1233
1600
1197
1232
1602
1198
1231
1605
1199
1230
1608
1200
1229
1611
1201
1228
1614
1202
1227
1617
1203
1226
3714
1204
1225
3713
1205
1224
3718
1206
1223
3721
1207
1222
3724
1208
1221
3727
1209
1220
3730
1210
1219
3733
1211
1218
3736
1212
1217
3739
1213
3742
1214
3745
1215
3748
1216
3751
3752
1218
3873
1219
3872
1220
1248
3862
1221
1247
3857
1222
1246
3856
1223
1245
3855
1224
1244
3823
1225
1243
3818
1226
1242
3817
1227
1241
3816
1228
1240
1618
1229
1239
1641
1230
1238
1640
1231
1237
1635
1232
1236
1634
1233
1235
1629
1234
1628
1235
1261
1627
1236
1260
1630
1237
1259
1633
1238
1258
1636
1239
1257
1639
1240
1256
1642
1241
1255
1645
1242
1254
3815
1243
1253
3814
1244
1252
3825
1245
1251
3824
1246
1250
3854
1247
1249
3853
1248
3864
3863
1250
3866
1251
3867
1252
1273
3845
1253
1272
3826
1254
1271
3833
1255
1270
3832
1256
1269
1646
1257
1268
1671
1258
1267
1670
1259
1266
1665
1260
1265
1664
1261
1264
1659
1263
1658
1263
1284
1654
1264
1283
1657
1265
1282
1660
1266
1281
1663
1267
1280
1666
1268
1279
1669
1269
1278
1672
1270
1277
1675
1271
1276
3831
1272
1275
3830
1273
1274
3847
3846
1275
1295
3840
1276
1294
3839
1277
1293
3834
1278
1292
1676
1279
1291
1703
1280
1290
1702
1281
1289
1697
1282
1288
1696
1283
1287
1691
1284
1286
1690
1285
1685
1286
1686
1287
1689
1288
1692
1289
1695
1290
1698
1291
1701
1292
1704
1293
1707
1294
3835
1295
3836
3869
1297
1299
1510
1298
1512
1726
1299
1303
1515
1725
1302
1509
1301
1303
1311
1517
1302
1306
1303
1305
1508
1304
1518
1724
1305
1311
1315
1521
1723
1306
1314
1507
1307
1311
1313
1308
1310
1309
1313
1319
1310
1312
1326
1524
1311
1523
1312
1522
1313
1315
1327
1529
1314
1318
1315
1317
1506
1316
1530
1722
1317
1327
1331
1533
1721
1318
1330
1505
1319
1327
1329
1320
1324
1326
1321
1323
1322
1326
1536
1323
1325
1341
1539
1324
1336
1325
1329
1335
1326
1328
1346
1540
1327
1535
1328
1534
1329
1331
1347
1545
1330
1334
1331
1333
1504
1332
1546
1720
1333
1347
1351
1549
1719
1334
1350
1503
1335
1347
1349
1336
1344
1346
1337
1341
1343
1338
1340
1339
1343
1357
1340
1342
1364
1554
1341
1553
1342
1346
1552
1343
1345
1365
1559
1344
1356
1345
1349
1355
1346
1348
1370
1560
1347
1551
1348
1550
1349
1351
1371
1565
1350
1354
1351
1353
1502
1352
1566
1718
1353
1371
1375
1569
1717
1354
1374
1501
1355
1371
1373
1356
1368
1370
1357
1365
1367
1358
1362
1364
1359
1361
1360
1364
1574
1361
1363
1385
1577
1362
1382
1363
1367
1381
1364
1366
1390
1578
1365
1573
1366
1370
1572
1367
1369
1391
1583
1368
1380
1369
1373
1379
1370
1372
1396
1584
1371
1571
1372
1570
1373
1375
1397
1589
1374
1378
1375
1377
1500
1376
1590
1716
1377
1397
1401
1593
1715
1378
1400
1499
1379
1397
1399
1380
1394
1396
1381
1391
1393
1382
1388
1390
1385
1387
1384
1387
1409
1386
1412
1599
1386
1390
1598
1387
1389
1413
1603
1388
1408
1389
1393
1407
1390
1392
1418
1604
1391
1597
1392
1396
1596
1393
1395
1419
1609
1394
1406
1395
1399
1405
1396
1398
1424
1610
1397
1595
1398
1594
1399
1401
1425
1615
1400
1404
1401
1403
1498
1402
1616
1714
1403
1425
1429
1619
1713
1404
1428
1497
1405
1425
1427
1406
1422
1424
1407
1419
1421
1408
1416
1418
1409
1413
1415
1410
1412
1411
1415
1437
1412
1414
1442
1626
1413
1625
1414
1418
1624
1415
1417
1443
1631
1416
1436
1417
1421
1435
1418
1420
1448
1632
1419
1623
1420
1424
1622
1421
1423
1449
1637
1422
1434
1423
1427
1433
1424
1426
1454
1638
1425
1621
1426
1620
1427
1429
1455
1643
1428
1432
1429
1431
1496
1430
1644
1712
1431
1455
1459
1647
1711
1432
1458
1495
1433
1455
1457
1434
1452
1454
1435
1449
1451
1436
1446
1448
1437
1443
1445
1440
1442
1439
1441
1469
1655
1440
1468
1441
1445
1467
1442
1444
1474
1656
1443
1653
1444
1448
1652
1445
1447
1475
1661
1446
1466
1447
1451
1465
1448
1450
1480
1662
1449
1651
1450
1454
1650
1451
1453
1481
1667
1452
1464
1453
1457
1463
1454
1456
1486
1668
1455
1649
1456
1648
1457
1459
1487
1673
1458
1462
1459
1461
1494
1460
1674
1710
1461
1487
1491
1677
1709
1462
1490
1493
1463
1487
1489
1464
1484
1486
1465
1481
1483
1466
1478
1480
1467
1475
1477
1468
1472
1474
1469
1471
1470
1474
1684
1471
1473
1687
1472
1473
1477
1474
1476
1688
1475
1683
1476
1480
1682
1477
1479
1693
1478
1479
1483
1480
1482
1694
1481
1681
1482
1486
1680
1483
1485
1699
1484
1485
1489
1486
1488
1700
1487
1679
1488
1678
1489
1491
1705
1490
1491
1492
1706
1708
1493
1708
3480
1494
1709
3479
1495
1710
3467
1496
1711
3466
1497
1712
3439
1498
1713
3438
1499
1714
3388
1500
1715
3387
1501
1716
3328
1502
1717
3327
1503
1718
2353
1504
1719
2352
1505
1720
2341
1506
1721
2340
1507
1722
2329
1508
1723
2328
1509
1724
2317
1510
1725
2316
1511
1726
2237
1727
2236
1513
1515
2300
1514
2305
1515
1519
2404
1518
2399
1517
1519
1527
1518
1522
1519
1521
2398
1520
2403
1521
1527
1531
2414
1522
1530
2397
1523
1527
1529
1524
1526
1525
1529
1535
1526
1528
1542
1527
1528
1529
1531
1543
1530
1534
1531
1533
2416
1532
2415
1533
1543
1547
2503
1534
1546
2498
1535
1543
1545
1536
1540
1542
1537
1539
1538
1542
1539
1541
1557
1540
1552
1541
1545
1551
1542
1544
1562
1543
1544
1545
1547
1563
1546
1550
1547
1549
2497
1548
2502
1549
1563
1567
2515
1550
1566
2496
1551
1563
1565
1552
1560
1562
1553
1557
1559
1554
1556
1555
1559
1573
1556
1558
1580
1557
1558
1562
1559
1561
1581
1560
1572
1561
1565
1571
1562
1564
1586
1563
1564
1565
1567
1587
1566
1570
1567
1569
2517
1568
2516
1569
1587
1591
3659
1570
1590
3654
1571
1587
1589
1572
1584
1586
1573
1581
1583
1574
1578
1580
1575
1577
1576
1580
1577
1579
1601
1578
1598
1579
1583
1597
1580
1582
1606
1581
1582
1586
1583
1585
1607
1584
1596
1585
1589
1595
1586
1588
1612
1587
1588
1589
1591
1613
1590
1594
1591
1593
3655
1592
3658
1593
1613
1617
3715
1594
1616
3710
1595
1613
1615
1596
1610
1612
1597
1607
1609
1598
1604
1606
1601
1603
1600
1603
1625
1602
1628
1602
1606
1603
1605
1629
1604
1624
1605
1609
1623
1606
1608
1634
1607
1608
1612
1609
1611
1635
1610
1622
1611
1615
1621
1612
1614
1640
1613
1614
1615
1617
1641
1616
1620
1617
1619
3711
1618
3714
1619
1641
1645
3816
1620
1644
3811
1621
1641
1643
1622
1638
1640
1623
1635
1637
1624
1632
1634
1625
1629
1631
1626
1628
1627
1631
1653
1628
1630
1658
1629
1630
1634
1631
1633
1659
1632
1652
1633
1637
1651
1634
1636
1664
1635
1636
1640
1637
1639
1665
1638
1650
1639
1643
1649
1640
1642
1670
1641
1642
1643
1645
1671
1644
1648
1645
1647
3810
1646
3815
1647
1671
1675
3832
1648
1674
3809
1649
1671
1673
1650
1668
1670
1651
1665
1667
1652
1662
1664
1653
1659
1661
1656
1658
1655
1657
1685
1656
1684
1657
1661
1683
1658
1660
1690
1659
1660
1664
1661
1663
1691
1662
1682
1663
1667
1681
1664
1666
1696
1665
1666
1670
1667
1669
1697
1668
1680
1669
1673
1679
1670
1672
1702
1671
1672
1673
1675
1703
1674
1678
1675
1677
3808
1676
3831
1677
1703
1707
3834
1678
1706
3807
1679
1703
1705
1680
1700
1702
1681
1697
1699
1682
1694
1696
1683
1691
1693
1684
1688
1690
1685
1687
1686
1690
1687
1689
1688
1689
1693
1690
1692
1691
1692
1696
1693
1695
1694
1695
1699
1696
1698
1697
1698
1702
1699
1701
1700
1701
1705
1702
1704
1703
1704
1705
1707
1706
1707
3806
3835
1709
3481
3806
1710
3482
3807
1711
3468
3808
1712
3469
3809
1713
3440
3810
1714
3441
3811
1715
3389
3711
1716
3390
3710
1717
3329
3655
1718
3330
3654
1719
2354
2517
1720
2355
2496
1721
2342
2497
1722
2343
2498
1723
2330
2416
1724
2331
2397
1725
2318
2398
1726
2319
2399
1727
2238
2300
2239
2301
1729
1731
2050
1730
1732
2059
1731
1735
1745
2060
1744
2049
1733
1735
2197
1734
2198
1735
1797
2618
1798
2613
1737
1739
1747
1805
1738
1742
1739
1741
1755
1740
1767
1806
1741
1747
1751
1782
1784
1742
1750
1754
1743
1747
1749
1744
1746
1745
1749
2048
1746
1748
1798
2065
1747
1786
1748
1785
1749
1751
1799
2066
1750
2047
1751
1753
2046
1752
1800
2071
1753
1780
1782
2017
2072
1754
1779
2045
1755
1778
1782
1756
1765
1767
1764
1768
1758
1760
1770
1788
1759
1763
1760
1762
1832
1761
1789
1851
1762
1770
1774
1792
1882
1763
1773
1831
1764
1770
1772
1765
1769
1766
1772
1778
1767
1769
1771
1781
1811
1768
1782
1810
1769
1795
1770
1794
1771
1793
1772
1774
1816
1822
1773
1777
1774
1776
1830
1775
1817
1881
1776
1820
1822
1826
1912
1777
1825
1829
1778
1822
1824
1779
1781
1780
1824
2044
1781
1823
2016
2077
1782
1822
2022
1783
1784
1810
2017
2019
2022
1785
1800
1806
2020
1786
1799
1803
1805
1796
1798
1788
1790
1814
1789
1793
1790
1792
1916
1791
1936
1792
1814
1818
1967
1793
1817
1915
1794
1814
1816
1795
1811
1813
1808
1810
1797
1803
1798
1802
2617
1799
2614
1800
1802
2620
1801
2017
2623
1802
2018
2020
2624
1803
2619
1804
2020
1805
1807
1806
1807
1810
1809
2020
1809
1813
1810
1812
2019
1811
1812
1816
2022
1813
1815
2021
1814
1815
1816
1818
2025
1817
1821
1818
1820
1914
1819
1966
1820
2025
2026
2028
1821
1913
2014
1822
2015
2022
2025
1823
1824
1826
2015
2078
1825
2043
1826
1828
2042
1827
2014
2083
1828
1910
1912
2013
2084
1829
1909
2041
1830
1908
1912
1831
1879
1881
1832
1878
1882
1833
1849
1851
1848
1852
1835
1837
1846
1836
1859
1918
1837
1839
1860
1921
1838
1845
1839
1841
1844
1840
1865
1922
1841
1866
1925
1843
1843
1869
1871
1844
1866
1868
1845
1863
1865
1846
1860
1862
1847
1857
1859
1848
1854
1856
1849
1853
1850
1856
1878
1851
1853
1855
1883
1934
1852
1882
1916
1853
1917
1854
1933
1855
1859
1932
1856
1858
1884
1941
1857
1877
1858
1862
1876
1859
1861
1889
1942
1860
1931
1861
1865
1930
1862
1864
1890
1947
1863
1875
1864
1868
1874
1865
1867
1895
1948
1866
1929
1867
1871
1928
1868
1870
1896
1953
1869
1873
1870
1872
1871
1901
1954
1927
1873
1899
1901
1874
1896
1898
1875
1893
1895
1876
1890
1892
1877
1887
1889
1878
1884
1886
1879
1883
1880
1886
1908
1881
1883
1885
1911
1964
1882
1912
1914
1883
1915
1884
1963
1885
1889
1962
1886
1888
1971
1993
1887
1907
1888
1892
1906
1889
1891
1972
1992
1890
1961
1891
1895
1960
1892
1894
1977
1991
1893
1905
1894
1898
1904
1895
1897
1978
1990
1896
1959
1897
1901
1958
1898
1900
1983
1989
1899
1903
1900
1902
1901
1984
1988
1957
1903
1988
2004
1904
1989
2003
1905
1990
2000
1906
1991
1999
1907
1992
1996
1908
1993
1995
1909
1911
1910
1995
2040
1911
1994
2012
2039
1912
1993
2030
1913
1914
2013
2028
2030
1915
1964
1966
1916
1963
1967
1917
1934
1936
1933
1937
1919
1921
1931
1920
1944
1921
1923
1945
1922
1930
1923
1925
1929
1924
1950
1925
1951
1928
1927
1951
1955
1928
1954
1929
1951
1953
1930
1948
1950
1931
1945
1947
1932
1942
1944
1933
1939
1941
1934
1938
1935
1941
1963
1936
1938
1940
1968
1937
1967
1938
1939
1940
1944
1941
1943
1969
1942
1962
1943
1947
1961
1944
1946
1974
1945
1946
1950
1947
1949
1975
1948
1960
1949
1953
1959
1950
1952
1980
1951
1952
1953
1955
1981
1954
1958
1955
1957
1956
1957
1981
1985
1958
1984
1959
1981
1983
1960
1978
1980
1961
1975
1977
1962
1972
1974
1963
1969
1971
1964
1968
1965
1971
2030
1966
1968
1970
2029
1967
2028
1968
1969
1970
1974
1971
1973
2034
1972
2031
1973
1977
2032
1974
1976
2033
1975
1976
1980
1977
1979
2772
1978
2773
1979
1983
2774
1980
1982
2775
1981
1982
1983
1985
2778
1984
2779
1985
1987
1986
1987
2778
2780
1988
2006
2779
1989
2005
1990
2002
2779
1991
2001
2774
1992
1998
2773
1993
1997
2032
1994
2031
1995
1997
2011
2156
1996
2151
1997
1999
2152
1998
2010
2157
1999
2001
2009
2158
2000
2159
2001
2003
2162
2002
2008
2163
2003
2005
2007
2790
2004
2785
2005
2784
2006
2783
2007
2780
2782
2008
2777
2779
2791
2009
2774
2776
2792
2010
2771
2773
2793
2011
2032
2765
2770
2012
2031
2035
2764
2013
2030
2036
2038
2014
2027
2756
2015
2026
2647
2016
2024
2644
2017
2022
2023
2638
2018
2637
2019
2023
2642
2020
2021
2022
2023
2025
2024
2641
2025
2026
2643
2027
2648
2028
2036
2757
2029
2030
2034
2036
2031
2032
2034
2033
2773
2034
2770
2772
2035
2036
2769
2770
2037
2038
2757
2759
2769
2039
2756
2758
2764
2040
2084
2088
2156
2041
2087
2151
2042
2084
2086
2043
2081
2083
2044
2078
2080
2045
2075
2077
2046
2072
2074
2047
2069
2071
2048
2066
2068
2049
2063
2065
2050
2060
2062
2051
2057
2059
2054
2056
2053
2056
2102
2055
2111
2191
2055
2059
2194
2056
2058
2112
2195
2057
2101
2058
2062
2100
2059
2061
2117
2196
2060
2197
2061
2065
2613
2062
2064
2118
2612
2063
2099
2064
2068
2098
2065
2067
2123
2615
2066
2614
2067
2071
2620
2068
2070
2124
2621
2069
2097
2070
2074
2096
2071
2073
2129
2622
2072
2623
2073
2077
2637
2074
2076
2130
2636
2075
2095
2076
2080
2094
2077
2079
2135
2639
2078
2638
2079
2083
2644
2080
2082
2136
2645
2081
2093
2082
2086
2092
2083
2085
2141
2646
2084
2647
2085
2756
2086
2088
2142
2755
2087
2091
2088
2090
2150
2089
2155
2758
2090
2142
2146
2172
2174
2091
2145
2149
2092
2142
2144
2093
2139
2141
2094
2136
2138
2095
2133
2135
2096
2130
2132
2097
2127
2129
2098
2124
2126
2099
2121
2123
2100
2118
2120
2101
2115
2117
2102
2112
2114
2103
2109
2111
2106
2108
2105
2108
2211
2107
2188
2220
2107
2111
2187
2108
2110
2205
2209
2109
2210
2110
2114
2250
2111
2113
2204
2251
2112
2186
2113
2117
2185
2114
2116
2268
2436
2115
2263
2116
2120
2264
2117
2119
2269
2437
2118
2184
2119
2123
2183
2120
2122
2270
2605
2121
2271
2122
2126
2274
2123
2125
2275
2606
2124
2182
2125
2129
2181
2126
2128
2581
2630
2127
2576
2128
2132
2577
2129
2131
2582
2631
2130
2180
2131
2135
2179
2132
2134
2583
2655
2133
2584
2134
2138
2587
2135
2137
2588
2654
2136
2178
2137
2141
2177
2138
2140
2702
2738
2139
2697
2140
2144
2698
2141
2143
2703
2739
2142
2176
2143
2175
2144
2146
2704
2748
2145
2705
2146
2148
2708
2147
2709
2749
2148
2170
2172
2832
3198
2149
2169
2827
2150
2168
2172
2151
2153
2155
2152
2156
2153
2157
2159
2154
2160
2168
2155
2157
2165
2171
2766
2156
2172
2763
2157
2764
2158
2765
2159
2163
2165
2793
2160
2162
2161
2165
2167
2162
2164
2786
2810
2163
2785
2164
2790
2792
2165
2789
2795
2815
2166
2794
2167
2171
2813
2815
3213
2168
2810
2812
2169
2171
2170
2812
2826
2171
2813
2833
3199
2172
3200
2173
2174
2761
2763
3198
3200
2175
2749
2758
2760
2176
2748
2752
2755
2177
2646
2739
2753
2178
2645
2651
2738
2179
2639
2652
2654
2180
2634
2636
2655
2181
2622
2631
2633
2182
2621
2627
2630
2183
2606
2615
2628
2184
2605
2609
2612
2185
2196
2437
2610
2186
2195
2201
2436
2187
2191
2202
2204
2190
2205
2189
2205
2221
2206
2230
2202
2206
2192
2195
2200
2202
2194
2198
2200
2195
2197
2196
2200
2197
2199
2612
2198
2613
2199
2618
2200
2610
2611
2201
2202
2439
2610
2203
2204
2206
2291
2439
2205
2290
2436
2206
2208
2207
2208
2230
2291
2293
2209
2221
2288
2290
2210
2220
2251
2253
2211
2248
2250
2212
2218
2220
2215
2217
2214
2217
2236
2216
2223
2239
2216
2220
2222
2217
2219
2227
2240
2218
2235
2219
2234
2248
2220
2228
2233
2253
2221
2222
2228
2230
2225
2227
2224
2227
2302
2226
2303
2226
2230
2227
2229
2308
2228
2309
2229
2232
2288
2230
2231
2293
2232
2294
2308
2310
2233
2287
2297
2309
2234
2240
2244
2254
2235
2243
2247
2236
2240
2242
2237
2239
2238
2242
2316
2239
2241
2299
2319
2240
2302
2241
2309
2242
2244
2298
2320
2243
2315
2244
2246
2314
2245
2297
2313
2246
2254
2258
2296
2374
2247
2257
2369
2248
2254
2256
2249
2253
2250
2252
2256
2262
2251
2263
2252
2268
2290
2253
2255
2267
2289
2254
2288
2255
2287
2256
2258
2284
2286
2257
2261
2258
2260
2370
2259
2375
2429
2260
2282
2284
2376
2448
2261
2281
2377
2262
2280
2284
2263
2265
2267
2264
2268
2265
2269
2271
2266
2272
2280
2267
2269
2277
2283
2443
2268
2284
2434
2269
2435
2270
2442
2271
2275
2277
2604
2272
2274
2273
2277
2279
2274
2276
2561
2575
2275
2576
2276
2581
2661
2277
2562
2580
2662
2278
2603
2279
2283
2562
2564
2602
2280
2559
2561
2281
2283
2282
2380
2559
2283
2381
2447
2564
2284
2446
2285
2286
2432
2434
2446
2448
2287
2289
2429
2431
2288
2294
2296
2289
2293
2290
2292
2434
2291
2435
2292
2440
2293
2431
2433
2294
2295
2431
2296
2310
2430
2458
2297
2427
2429
2298
2310
2312
2299
2307
2309
2407
2300
2302
2306
2400
2301
2305
2399
2302
2304
2303
2309
2304
2306
2308
2305
2306
2404
2307
2405
2308
2310
2406
2309
2311
2312
2406
2410
2458
2313
2407
2409
2427
2314
2320
2324
2374
2315
2323
2369
2316
2320
2322
2317
2319
2318
2322
2328
2319
2321
2331
2401
2320
2400
2321
2407
2322
2324
2332
2408
2323
2327
2324
2326
2368
2325
2373
2409
2326
2332
2336
2390
2394
2327
2335
2367
2328
2332
2334
2329
2331
2330
2334
2340
2331
2333
2343
2417
2332
2396
2333
2395
2334
2336
2344
2420
2335
2339
2336
2338
2366
2337
2389
2421
2338
2344
2348
2477
2509
2339
2347
2365
2340
2344
2346
2341
2343
2342
2346
2352
2343
2345
2355
2500
2344
2499
2345
2506
2346
2348
2356
2507
2347
2351
2348
2350
2364
2349
2476
2508
2350
2356
2360
2491
2493
2351
2359
2363
2352
2356
2358
2353
2355
2354
2358
3327
2355
2357
2518
3330
2356
2495
2357
2494
2358
2360
2521
3331
2359
3326
2360
2362
3325
2361
2522
3336
2362
2489
2491
2541
3337
2363
2488
3324
2364
2487
2491
2365
2474
2476
2366
2473
2477
2367
2387
2389
2368
2386
2390
2369
2371
2373
2370
2374
2371
2375
2377
2372
2378
2386
2373
2375
2383
2391
2455
2374
2390
2426
2375
2427
2376
2428
2377
2381
2383
2453
2378
2380
2379
2383
2385
2380
2382
2465
2557
2381
2558
2382
2452
2565
2383
2462
2464
2566
2384
2454
2385
2391
2464
2468
3080
2386
2465
2467
2387
2391
2388
2467
2473
2389
2391
2468
2478
2530
2390
2477
2529
2391
2393
2392
2393
2455
2530
3080
3082
2394
2424
2426
2529
2395
2409
2421
2423
2396
2408
2412
2420
2397
2401
2413
2417
2398
2414
2416
2399
2401
2403
2400
2404
2401
2405
2407
2402
2408
2403
2405
2411
2413
2404
2414
2405
2406
2407
2411
2408
2409
2411
2410
2426
2411
2423
2425
2412
2413
2419
2423
2414
2418
2415
2416
2418
2503
2417
2498
2418
2420
2499
2419
2504
2420
2422
2505
2421
2506
2422
2509
2529
2423
2510
2532
2424
2425
2532
3082
2426
2456
2458
2427
2455
2428
2458
2429
2453
2455
2457
2430
2448
2431
2449
2457
2432
2433
2445
2449
2434
2440
2444
2435
2443
2436
2440
2442
2437
2439
2438
2442
2605
2439
2441
2608
2610
2440
2441
2442
2444
2665
2443
2604
2444
2446
2603
2445
2664
2446
2450
2676
2447
2602
2448
2450
2452
2678
2449
2453
2450
2459
2451
2677
2452
2459
2461
3102
2453
2462
3097
2454
2459
2455
2460
2462
3080
2456
2457
2460
3082
2458
2459
2460
2461
3081
2462
3101
3119
2463
3096
2464
3080
3085
3095
3119
2465
2469
2948
2466
2556
2467
2469
2471
2555
2468
2472
2469
2479
3079
2470
2947
3085
2471
2479
2483
3010
3086
2472
2482
2554
2473
2479
2481
2474
2478
2475
2481
2487
2476
2478
2480
2490
2536
2477
2491
2527
2478
2528
2479
2535
2480
3078
2481
2483
3076
3077
2482
2486
2483
2485
2553
2484
3009
3087
2485
2549
3072
3074
3076
2486
2548
2552
2487
2547
3076
2488
2490
2489
2547
3323
2490
2540
2546
3342
2491
2539
3076
2492
2493
2525
2527
2539
2541
2494
2508
2522
2524
2495
2507
2513
2521
2496
2500
2514
2518
2497
2515
2517
2498
2500
2502
2499
2503
2500
2504
2506
2501
2507
2502
2504
2512
2514
2503
2515
2504
2505
2506
2510
2512
2507
2509
2508
2512
2509
2511
2527
2510
2528
2511
2533
2512
2524
2526
2513
2514
2520
2524
2515
2519
2516
2517
2519
3659
2518
3654
2519
2521
3653
2520
3660
2521
2523
3661
2522
3652
2523
2541
3651
2524
2542
3666
2525
2526
2538
2542
2527
2533
2537
2528
2536
2529
2533
2535
2530
2532
2531
2535
3079
2532
2534
3082
3083
2533
2534
2535
2537
3090
2536
3078
2537
2539
3077
2538
3089
2539
2543
3622
2540
3075
2541
2543
2545
3649
2542
3650
2543
3667
2544
3672
2545
3620
3622
3673
2546
3075
3619
3648
2547
2549
3076
3343
2548
3322
2549
2551
3321
2550
3348
3619
2551
3070
3072
3349
3618
2552
3069
3320
2553
3068
3072
2554
3007
3009
2555
3006
3010
2556
2945
2947
2557
2944
2948
2558
2566
2568
2559
2565
2569
2560
2564
2561
2563
2569
2573
2562
2574
2563
2597
2601
2564
2570
2596
2679
2565
2678
2566
2570
3097
2567
2948
3096
2568
2570
2891
2949
3099
2569
2890
2944
2570
2572
2571
3098
2572
2596
2891
2893
3105
2573
2888
2890
2574
2594
2596
2575
2593
2597
2576
2578
2580
2577
2581
2578
2582
2584
2579
2585
2593
2580
2582
2590
2598
2670
2581
2597
2669
2582
2660
2583
2659
2584
2588
2590
2658
2585
2587
2586
2590
2592
2587
2589
2690
2696
2588
2697
2589
2702
2724
2590
2691
2701
2723
2591
2722
2592
2598
2687
2691
2721
2593
2688
2690
2594
2598
2595
2688
2888
2596
2598
2683
2687
2893
2597
2682
2598
2600
2599
2600
2670
2673
2683
2721
2601
2669
2674
2682
2602
2662
2675
2679
2603
2676
2678
2604
2662
2664
2605
2661
2665
2606
2608
2607
2630
2661
2608
2628
2629
2666
2609
2665
2610
2611
2628
2612
2616
2618
2613
2615
2614
2618
2615
2617
2620
2616
2621
2617
2626
2628
2618
2619
2620
2624
2626
2621
2623
2622
2626
2623
2625
2636
2624
2637
2625
2642
2626
2633
2635
2627
2628
2629
2633
2630
2632
2667
2631
2660
2632
2655
2659
2633
2656
2672
2634
2635
2652
2656
2636
2640
2642
2637
2639
2638
2642
2639
2641
2644
2640
2645
2641
2650
2652
2642
2643
2644
2648
2650
2645
2647
2646
2650
2647
2649
2755
2648
2756
2649
2757
2650
2753
2754
2651
2652
2741
2753
2653
2654
2656
2725
2741
2655
2724
2738
2656
2658
2657
2658
2672
2725
2727
2659
2722
2724
2660
2670
2672
2661
2667
2669
2662
2666
2663
2669
2664
2666
2668
2675
2665
2676
2666
2667
2668
2672
2669
2671
2674
2670
2671
2722
2672
2673
2727
2674
2684
2728
2675
2681
2676
2680
2677
2678
2680
3102
2679
3097
2680
2682
3098
2681
3103
2682
2684
3104
2683
3105
2684
2686
3108
2685
3109
2686
2728
2730
3166
2687
2721
2731
3161
2688
2692
2894
2689
2887
2690
2692
2694
2886
2691
2695
2692
2718
2720
2693
2731
2899
2694
2716
2718
2732
2900
2695
2715
2885
2696
2714
2718
2697
2699
2701
2698
2702
2699
2703
2705
2700
2706
2714
2701
2703
2711
2717
2735
2702
2718
2736
2703
2737
2704
2746
2705
2709
2711
2747
2706
2708
2707
2711
2713
2708
2710
2828
2852
2709
2827
2710
2832
3182
2711
2831
2857
3181
2712
3180
2713
2717
2855
2857
3179
2714
2852
2854
2715
2717
2716
2854
2884
2717
2733
2855
2905
2718
2734
2719
2720
2732
2734
2736
3176
2721
2723
2729
2731
2722
2728
2723
2727
2724
2726
2736
2725
2737
2726
2742
2727
2729
2743
2728
2729
2730
3176
2731
3167
3175
2732
3162
2733
3169
3175
2734
3172
3174
3190
2735
3177
3179
2736
2744
2746
3180
2737
2743
2738
2742
2746
2739
2741
2740
2746
2748
2741
2745
2751
2753
2742
2743
2745
2744
3176
2745
3177
3185
2746
3184
2747
2748
3180
3182
3184
2749
2751
2750
3182
3198
2751
2760
3183
3203
2752
3184
2753
2754
2760
2755
2757
2759
2756
2758
2757
2759
2763
2760
2762
2761
2762
3201
3203
2763
2767
2769
2764
2766
2765
2769
2766
2768
2793
2767
2794
3200
2768
2797
3201
2769
2770
2798
2771
2772
2776
2798
2773
2775
2774
2775
2779
2776
2778
2777
2799
2778
2780
2800
2779
2781
2782
2800
2804
2783
2791
2803
2784
2788
2790
2785
2787
2786
2790
2787
2789
2809
2788
2808
2789
2803
2807
2790
2802
2816
2791
2792
2800
2802
2793
2795
2799
2794
2798
2795
2797
3213
2796
2802
3214
2797
2799
2801
3219
2798
3218
2799
2800
2801
2802
2804
3220
2803
3221
2804
2806
2805
2806
3220
3224
2807
3221
3223
2808
2816
2820
2809
2819
2810
2816
2818
2811
2815
2812
2814
2818
2824
2813
2825
2814
2834
3212
2815
2817
2839
3215
2816
3214
2817
3221
2818
2820
2840
3222
2819
2823
2820
2822
2821
3223
2822
2840
2844
3252
2823
2843
2824
2840
2842
2825
2837
2839
2826
2834
2836
2827
2829
2833
2828
2832
2829
2831
2851
2830
2836
2850
2831
2833
2835
2863
3207
2832
2858
3196
2833
3197
2834
3208
2835
2839
3211
2836
2838
2864
3230
2837
2849
2838
2842
2848
2839
2841
2869
3229
2840
3228
2841
3227
2842
2844
2870
3250
2843
2847
2844
2846
2845
3251
2846
2870
2874
3258
2847
2873
2848
2870
2872
2849
2867
2869
2850
2864
2866
2851
2861
2863
2852
2858
2860
2853
2857
2854
2856
2860
2882
2855
2883
2856
2906
3190
2857
2859
2911
3189
2858
3188
2859
2863
3195
2860
2862
2912
3194
2861
2881
2862
2866
2880
2863
2865
2917
3238
2864
3237
2865
2869
3236
2866
2868
2918
3244
2867
2879
2868
2872
2878
2869
2871
2923
3245
2870
3235
2871
3249
2872
2874
2924
3248
2873
2877
2874
2876
2875
3259
2876
2924
2928
3262
2877
2927
2878
2924
2926
2879
2921
2923
2880
2918
2920
2881
2915
2917
2882
2912
2914
2883
2909
2911
2884
2906
2908
2885
2903
2905
2886
2900
2902
2887
2897
2899
2888
2894
2896
2889
2893
2890
2892
2896
2942
2891
2943
2892
2950
3106
2893
2895
2955
3107
2894
3108
2895
2899
3161
2896
2898
2956
3160
2897
2941
2898
2902
2940
2899
2901
2961
3163
2900
3162
2901
2905
3169
2902
2904
2962
3170
2903
2939
2904
2908
2938
2905
2907
2967
3171
2906
3172
2907
2911
3269
2908
2910
2968
3270
2909
2937
2910
2914
2936
2911
2913
2973
3271
2912
3268
2913
2917
3267
2914
2916
2974
3530
2915
2935
2916
2920
2934
2917
2919
2979
3531
2918
3266
2919
2923
3265
2920
2922
2980
3540
2921
2933
2922
2926
2932
2923
2925
2985
3541
2924
3264
2925
3263
2926
2928
2986
3546
2927
2931
2928
2930
2929
3547
2930
2986
2990
3550
2931
2989
2932
2986
2988
2933
2983
2985
2934
2980
2982
2935
2977
2979
2936
2974
2976
2937
2971
2973
2938
2968
2970
2939
2965
2967
2940
2962
2964
2941
2959
2961
2942
2956
2958
2943
2953
2955
2944
2950
2952
2945
2949
2946
2952
3006
2947
2949
2951
3011
3115
2948
3010
3094
2949
3095
2950
3114
2951
2955
3113
2952
2954
3012
3122
2953
3005
2954
2958
3004
2955
2957
3017
3123
2956
3124
2957
2961
3159
2958
2960
3018
3158
2959
3003
2960
2964
3002
2961
2963
3023
3279
2962
3278
2963
2967
3277
2964
2966
3024
3292
2965
3001
2966
2970
3000
2967
2969
3029
3293
2968
3294
2969
2973
3521
2970
2972
3030
3520
2971
2999
2972
2976
2998
2973
2975
3035
3523
2974
3522
2975
2979
3529
2976
2978
3036
3556
2977
2997
2978
2982
2996
2979
2981
3041
3555
2980
3554
2981
2985
3553
2982
2984
3042
3562
2983
2995
2984
2988
2994
2985
2987
3047
3563
2986
3552
2987
3551
2988
2990
3048
3568
2989
2993
2990
2992
2991
3569
2992
3048
3052
3572
2993
3051
2994
3048
3050
2995
3045
3047
2996
3042
3044
2997
3039
3041
2998
3036
3038
2999
3033
3035
3000
3030
3032
3001
3027
3029
3002
3024
3026
3003
3021
3023
3004
3018
3020
3005
3015
3017
3006
3012
3014
3007
3011
3008
3014
3068
3009
3011
3013
3071
3131
3010
3072
3132
3011
3093
3012
3130
3013
3017
3129
3014
3016
3138
3144
3015
3067
3016
3020
3066
3017
3019
3139
3143
3018
3128
3019
3023
3157
3020
3022
3154
3156
3021
3065
3022
3026
3064
3023
3025
3153
3287
3024
3288
3025
3029
3291
3026
3028
3301
3307
3027
3063
3028
3032
3062
3029
3031
3300
3306
3030
3299
3031
3035
3519
3032
3034
3493
3518
3033
3061
3034
3038
3060
3035
3037
3494
3579
3036
3578
3037
3041
3577
3038
3040
3495
3586
3039
3059
3040
3044
3058
3041
3043
3500
3587
3042
3576
3043
3047
3575
3044
3046
3501
3592
3045
3057
3046
3050
3056
3047
3049
3506
3593
3048
3574
3049
3573
3050
3052
3507
3598
3051
3055
3052
3054
3053
3599
3054
3507
3510
3055
3056
3507
3509
3057
3504
3506
3058
3501
3503
3059
3498
3500
3060
3495
3497
3061
3490
3494
3062
3489
3493
3063
3306
3310
3064
3307
3309
3065
3151
3153
3066
3150
3154
3067
3143
3147
3068
3144
3146
3069
3071
3070
3146
3319
3071
3145
3354
3617
3072
3144
3627
3073
3074
3132
3618
3623
3627
3075
3087
3619
3621
3076
3077
3622
3078
3087
3089
3079
3086
3090
3080
3083
3085
3081
3082
3083
3119
3084
3090
3085
3091
3117
3119
3086
3094
3087
3091
3093
3088
3132
3089
3091
3133
3621
3090
3622
3091
3092
3093
3117
3133
3135
3094
3130
3132
3095
3115
3117
3096
3114
3118
3097
3099
3101
3098
3102
3099
3103
3105
3100
3106
3114
3101
3103
3111
3120
3102
3118
3103
3104
3105
3109
3111
3106
3108
3107
3111
3113
3108
3110
3124
3160
3109
3161
3110
3166
3111
3125
3165
3112
3113
3120
3121
3125
3114
3122
3124
3115
3120
3116
3122
3130
3117
3120
3121
3135
3118
3119
3120
3122
3126
3136
3123
3129
3124
3126
3128
3158
3125
3159
3126
3282
3127
3281
3128
3136
3140
3284
3129
3139
3157
3130
3136
3138
3131
3135
3132
3134
3138
3627
3133
3134
3623
3135
3137
3626
3136
3137
3138
3140
3629
3139
3628
3140
3142
3156
3141
3285
3142
3629
3631
3633
3143
3155
3615
3628
3144
3148
3154
3145
3628
3146
3148
3355
3616
3147
3318
3148
3150
3317
3149
3360
3615
3150
3152
3154
3361
3614
3151
3316
3152
3309
3315
3153
3308
3366
3613
3154
3307
3635
3155
3156
3614
3633
3635
3157
3285
3287
3158
3284
3288
3159
3279
3281
3160
3278
3282
3161
3163
3165
3162
3166
3163
3167
3169
3164
3170
3278
3165
3167
3275
3283
3166
3282
3167
3168
3169
3173
3175
3275
3170
3172
3171
3275
3277
3172
3270
3274
3294
3173
3269
3174
3274
3536
3175
3177
3191
3176
3177
3178
3179
3185
3187
3191
3180
3188
3190
3181
3185
3182
3186
3188
3196
3183
3197
3184
3186
3204
3185
3186
3187
3205
3188
3192
3241
3189
3195
3190
3192
3194
3268
3191
3269
3192
3536
3193
3535
3194
3239
3241
3534
3195
3238
3267
3196
3237
3241
3197
3205
3207
3198
3204
3208
3199
3203
3200
3202
3208
3212
3201
3213
3202
3218
3203
3209
3217
3204
3205
3209
3206
3241
3207
3209
3231
3240
3208
3230
3237
3209
3211
3210
3211
3217
3231
3233
3212
3228
3230
3213
3215
3217
3214
3218
3215
3219
3221
3216
3222
3228
3217
3219
3225
3233
3218
3219
3220
3221
3225
3222
3223
3225
3227
3224
3252
3225
3253
3226
3227
3233
3253
3255
3228
3250
3252
3229
3233
3230
3232
3235
3250
3231
3236
3232
3242
3233
3234
3255
3235
3242
3246
3256
3236
3245
3249
3237
3242
3244
3238
3240
3239
3244
3266
3240
3243
3537
3241
3242
3243
3244
3246
3538
3245
3265
3246
3248
3264
3247
3543
3248
3256
3260
3544
3249
3259
3263
3250
3256
3258
3251
3255
3252
3254
3258
3253
3254
3255
3257
3256
3257
3258
3260
3259
3260
3262
3261
3262
3544
3548
3263
3547
3264
3544
3546
3265
3541
3543
3266
3538
3540
3267
3531
3537
3268
3530
3534
3269
3271
3535
3270
3536
3271
3273
3521
3272
3522
3530
3273
3527
3533
3535
3274
3526
3536
3275
3295
3276
3277
3283
3295
3297
3278
3292
3294
3279
3283
3280
3288
3292
3281
3283
3289
3297
3282
3284
3283
3285
3289
3286
3633
3287
3289
3302
3634
3288
3301
3635
3289
3291
3290
3291
3297
3298
3302
3292
3299
3301
3293
3297
3294
3296
3299
3520
3295
3521
3296
3526
3297
3298
3525
3299
3303
3582
3300
3519
3301
3303
3305
3518
3302
3636
3303
3637
3304
3581
3305
3608
3637
3763
3306
3517
3611
3636
3307
3311
3493
3308
3636
3309
3311
3367
3612
3310
3314
3311
3313
3489
3312
3492
3611
3313
3367
3371
3757
3766
3314
3370
3488
3315
3367
3369
3316
3364
3366
3317
3361
3363
3318
3358
3360
3319
3355
3357
3320
3352
3354
3321
3349
3351
3322
3346
3348
3323
3343
3345
3324
3340
3342
3325
3337
3339
3326
3334
3336
3327
3331
3333
3328
3330
3329
3333
3387
3330
3332
3390
3656
3331
3653
3332
3336
3652
3333
3335
3391
3663
3334
3386
3335
3339
3385
3336
3338
3396
3664
3337
3651
3338
3342
3650
3339
3341
3397
3669
3340
3384
3341
3345
3383
3342
3344
3402
3670
3343
3649
3344
3348
3648
3345
3347
3403
3675
3346
3382
3347
3351
3381
3348
3350
3408
3676
3349
3647
3350
3354
3646
3351
3353
3409
3681
3352
3380
3353
3357
3379
3354
3356
3414
3682
3355
3645
3356
3360
3644
3357
3359
3415
3687
3358
3378
3359
3363
3377
3360
3362
3420
3688
3361
3643
3362
3366
3642
3363
3365
3421
3693
3364
3376
3365
3369
3375
3366
3368
3426
3694
3367
3641
3368
3756
3369
3371
3427
3755
3370
3374
3371
3373
3487
3372
3758
3767
3373
3427
3780
3782
3374
3486
3375
3427
3429
3376
3424
3426
3377
3421
3423
3378
3418
3420
3379
3415
3417
3380
3412
3414
3381
3409
3411
3382
3406
3408
3383
3403
3405
3384
3400
3402
3385
3397
3399
3386
3394
3396
3387
3391
3393
3388
3390
3389
3393
3438
3390
3392
3441
3712
3391
3709
3392
3396
3708
3393
3395
3442
3719
3394
3437
3395
3399
3436
3396
3398
3447
3720
3397
3707
3398
3402
3706
3399
3401
3448
3725
3400
3435
3401
3405
3434
3402
3404
3453
3726
3403
3705
3404
3408
3704
3405
3407
3454
3731
3406
3433
3407
3411
3432
3408
3410
3459
3732
3409
3703
3410
3414
3702
3411
3413
3460
3737
3412
3431
3413
3417
3430
3414
3416
3461
3738
3415
3701
3416
3420
3700
3417
3419
3743
3418
3419
3423
3420
3422
3744
3421
3699
3422
3426
3698
3423
3425
3749
3424
3425
3429
3426
3428
3750
3427
3697
3428
3754
3429
3753
3431
3461
3432
3460
3433
3457
3459
3434
3454
3456
3435
3451
3453
3436
3448
3450
3437
3445
3447
3438
3442
3444
3439
3441
3440
3444
3466
3441
3443
3469
3813
3442
3812
3443
3447
3819
3444
3446
3470
3820
3445
3465
3446
3450
3464
3447
3449
3475
3821
3448
3822
3449
3453
3850
3450
3452
3476
3849
3451
3463
3452
3456
3462
3453
3455
3477
3852
3454
3851
3455
3459
3858
3456
3458
3859
3457
3458
3459
3860
3460
3861
3461
3870
3871
3463
3477
3464
3476
3465
3473
3475
3466
3470
3472
3467
3469
3468
3472
3479
3469
3471
3482
3829
3470
3828
3471
3475
3827
3472
3474
3483
3842
3473
3478
3474
3475
3843
3476
3844
3477
3848
3865
3479
3483
3485
3480
3482
3481
3485
3482
3484
3837
3483
3838
3484
3841
3485
3868
3487
3780
3488
3767
3769
3489
3766
3770
3490
3492
3491
3497
3770
3492
3494
3496
3771
3790
3493
3610
3766
3494
3517
3495
3516
3496
3500
3515
3497
3499
3772
3793
3498
3773
3499
3503
3776
3500
3502
3777
3794
3501
3514
3502
3506
3513
3503
3505
3797
3804
3504
3803
3505
3509
3802
3506
3508
3798
3805
3507
3512
3508
3511
3509
3801
3511
3599
3601
3512
3598
3602
3801
3513
3593
3603
3798
3514
3592
3604
3797
3515
3587
3605
3794
3516
3586
3606
3793
3517
3579
3607
3790
3518
3608
3610
3519
3579
3581
3520
3578
3582
3521
3523
3525
3522
3526
3523
3527
3529
3524
3556
3578
3525
3527
3557
3583
3526
3582
3527
3528
3529
3533
3557
3559
3530
3554
3556
3531
3533
3532
3540
3554
3533
3537
3539
3559
3534
3535
3537
3536
3538
3539
3543
3540
3542
3560
3541
3553
3542
3546
3552
3543
3545
3565
3544
3545
3546
3548
3566
3547
3551
3548
3550
3549
3550
3566
3570
3551
3569
3552
3566
3568
3553
3563
3565
3554
3560
3562
3555
3559
3556
3558
3562
3576
3557
3577
3558
3584
3559
3561
3589
3560
3561
3565
3562
3564
3590
3563
3575
3564
3568
3574
3565
3567
3595
3566
3567
3568
3570
3596
3569
3573
3570
3572
3571
3572
3596
3600
3573
3599
3574
3596
3598
3575
3593
3595
3576
3590
3592
3577
3587
3589
3578
3584
3586
3579
3583
3580
3586
3581
3583
3585
3607
3582
3608
3583
3584
3585
3589
3586
3588
3606
3587
3588
3592
3589
3591
3605
3590
3591
3595
3592
3594
3604
3593
3594
3598
3595
3597
3603
3596
3597
3598
3600
3602
3599
3600
3601
3602
3603
3800
3604
3799
3605
3796
3606
3795
3607
3792
3608
3791
3609
3610
3763
3764
3791
3611
3765
3790
3612
3757
3763
3613
3636
3638
3756
3614
3635
3639
3641
3615
3632
3642
3616
3631
3643
3617
3628
3630
3644
3618
3625
3627
3645
3619
3624
3646
3620
3647
3621
3624
3678
3622
3623
3624
3626
3625
3679
3626
3630
3684
3627
3629
3628
3629
3630
3631
3685
3632
3690
3633
3639
3691
3634
3635
3637
3639
3636
3637
3638
3639
3761
3763
3640
3641
3691
3695
3761
3642
3694
3756
3643
3691
3693
3644
3688
3690
3645
3685
3687
3646
3682
3684
3647
3679
3681
3648
3676
3678
3649
3673
3675
3650
3670
3672
3651
3667
3669
3652
3664
3666
3653
3661
3663
3654
3656
3660
3655
3659
3656
3658
3710
3657
3663
3709
3658
3660
3662
3716
3659
3715
3660
3661
3662
3666
3663
3665
3717
3664
3708
3665
3669
3707
3666
3668
3722
3667
3668
3672
3669
3671
3723
3670
3706
3671
3675
3705
3672
3674
3728
3673
3674
3678
3675
3677
3729
3676
3704
3677
3681
3703
3678
3680
3734
3679
3680
3684
3681
3683
3735
3682
3702
3683
3687
3701
3684
3686
3740
3685
3686
3690
3687
3689
3741
3688
3700
3689
3693
3699
3690
3692
3746
3691
3692
3693
3695
3747
3694
3698
3695
3697
3755
3696
3760
3697
3747
3751
3784
3698
3750
3754
3699
3747
3749
3700
3744
3746
3701
3741
3743
3702
3738
3740
3703
3735
3737
3704
3732
3734
3705
3729
3731
3706
3726
3728
3707
3723
3725
3708
3720
3722
3709
3717
3719
3710
3712
3716
3711
3715
3712
3714
3811
3713
3719
3812
3714
3716
3718
3817
3715
3816
3716
3717
3718
3722
3719
3721
3818
3720
3819
3721
3725
3822
3722
3724
3823
3723
3724
3728
3725
3727
3855
3726
3850
3727
3731
3851
3728
3730
3856
3729
3730
3734
3731
3733
3857
3732
3858
3733
3737
3861
3734
3736
3862
3735
3736
3740
3737
3739
3872
3738
3870
3739
3743
3871
3740
3742
3873
3741
3742
3746
3743
3745
3744
3745
3749
3746
3748
3747
3748
3749
3751
3750
3751
3753
3752
3753
3784
3754
3755
3782
3784
3756
3758
3760
3757
3761
3758
3762
3765
3759
3782
3787
3760
3762
3783
3786
3761
3784
3762
3763
3764
3765
3786
3881
3766
3787
3789
3767
3771
3768
3780
3787
3769
3771
3779
3788
3770
3774
3771
3773
3772
3789
3773
3777
3779
3875
3774
3776
3775
3779
3776
3778
3777
3803
3778
3804
3876
3779
3877
3874
3781
3782
3785
3787
3783
3784
3785
3786
3787
3880
3788
3789
3874
3880
3790
3875
3881
3791
3793
3792
3881
3793
3795
3882
3794
3875
3795
3797
3876
3796
3883
3797
3799
3884
3798
3885
3799
3801
3886
3800
3887
3801
3803
3805
3804
3805
3885
3886
3807
3835
3837
3808
3834
3838
3809
3829
3831
3810
3828
3832
3811
3813
3815
3812
3816
3813
3817
3819
3814
3820
3828
3815
3817
3825
3833
3816
3832
3817
3818
3819
3823
3825
3820
3822
3821
3825
3827
3822
3824
3844
3849
3823
3850
3824
3855
3825
3845
3854
3826
3827
3833
3845
3847
3828
3842
3844
3829
3833
3830
3838
3842
3831
3833
3839
3847
3832
3834
3833
3835
3839
3836
3837
3839
3869
3838
3868
3839
3841
3840
3841
3847
3869
3842
3868
3843
3847
3844
3846
3845
3848
3846
3867
3847
3849
3865
3867
3850
3852
3854
3851
3855
3852
3856
3858
3853
3859
3865
3854
3856
3864
3866
3855
3867
3856
3857
3858
3862
3864
3859
3861
3860
3864
3861
3863
3862
3870
3863
3872
3864
3866
3867
3869
3871
3872
3873
3873
3875
3877
3879
3876
3882
3877
3883
3885
3878
3879
3883
3880
3882
3881
3882
3883
3884
3885
3887
3886
3887
)


// ************************************************************************* //
