/*--------------------------------*- C++ -*----------------------------------*\
| =========                 |                                                 |
| \\      /  F ield         | OpenFOAM: The Open Source CFD Toolbox           |
|  \\    /   O peration     | Version:  2412                                  |
|   \\  /    A nd           | Website:  www.openfoam.com                      |
|    \\/     M anipulation  |                                                 |
\*---------------------------------------------------------------------------*/
FoamFile
{
    version     2.0;
    format      ascii;
    arch        "LSB;label=32;scalar=64";
    note        "nPoints:10836  nCells:7224  nFaces:24940  nInternalFaces:18404";
    class       labelList;
    location    "constant/claddingZone/polyMesh";
    object      neighbour;
}
// * * * * * * * * * * * * * * * * * * * * * * * * * * * * * * * * * * * * * //


18404
(
1
35
3890
2
34
3889
3
33
3870
4
32
3869
5
31
3850
6
30
3849
7
29
3831
8
28
3830
9
27
2675
10
26
2674
11
25
2655
12
24
2654
13
23
2635
14
22
2634
15
21
2615
20
2614
17
66
2576
18
65
2579
19
64
2596
20
63
2599
21
62
2613
22
61
2620
23
60
2633
24
59
2640
25
58
2653
26
57
2660
27
56
2673
28
55
2680
29
54
3829
30
53
3836
31
52
3848
32
51
3855
33
50
3868
34
49
3875
35
48
3888
36
47
3895
37
46
3908
38
45
3911
39
44
3927
43
3930
41
102
3965
42
101
3947
43
100
3946
44
99
3931
45
98
3926
46
97
3912
47
96
3907
48
95
3896
49
94
3887
50
93
3876
51
92
3867
52
91
3856
53
90
3847
54
89
3837
55
88
3828
56
87
2681
57
86
2672
58
85
2661
59
84
2652
60
83
2641
61
82
2632
62
81
2621
63
80
2612
64
79
2600
65
78
2595
66
77
2580
67
76
2575
68
75
2559
69
74
2558
73
2540
71
141
2520
72
140
2523
73
139
2539
74
138
2544
75
137
2557
76
136
2564
77
135
2574
78
134
2585
79
133
2594
80
132
2605
81
131
2611
82
130
2626
83
129
2631
84
128
2646
85
127
2651
86
126
2666
87
125
2671
88
2686
89
3827
90
124
3842
91
123
3846
92
122
3861
93
121
3866
94
120
3881
95
119
3886
96
118
3901
97
117
3906
98
116
3917
99
115
3925
100
114
3936
101
113
3945
102
112
3952
103
111
3964
104
110
3969
105
109
3983
108
3986
107
167
4004
108
166
4003
109
165
3987
110
164
3982
111
163
3970
112
162
3963
113
161
3953
114
160
3944
115
159
3937
116
158
3924
117
157
3918
118
3905
119
3902
120
3885
121
3882
122
3865
123
3862
124
3845
3843
126
2670
127
2667
128
2650
129
2647
130
2630
131
2627
132
2610
133
2606
134
156
2593
135
155
2586
136
154
2573
137
153
2565
138
152
2556
139
151
2545
140
150
2538
141
149
2524
142
148
2519
143
147
2501
146
2500
145
188
2480
146
187
2483
147
186
2499
148
185
2506
149
184
2518
150
183
2529
151
182
2537
152
181
2550
153
180
2555
154
2570
155
2572
156
2591
2592
158
3922
159
3923
160
3942
161
3943
162
179
3958
163
178
3962
164
177
3975
165
176
3981
166
175
3992
167
174
4002
168
173
4009
169
172
4023
171
4026
171
205
4043
172
204
4027
173
203
4022
174
202
4010
175
201
4001
176
200
3993
177
199
3980
178
3976
179
3961
3959
181
2554
182
2551
183
2536
184
198
2530
185
197
2517
186
196
2507
187
195
2498
188
194
2484
189
193
2479
192
2461
191
222
2443
192
221
2460
193
220
2465
194
219
2478
195
218
2489
196
217
2497
197
216
2512
198
2516
2535
200
3979
201
3998
202
215
4000
203
214
4015
204
213
4021
205
212
4032
206
211
4042
207
210
4047
209
4063
209
237
4065
210
236
4062
211
235
4048
212
234
4041
213
233
4033
214
232
4020
215
4016
3999
217
2513
218
2496
219
231
2490
220
230
2477
221
229
2466
222
228
2459
223
227
2444
226
2441
225
252
2424
226
251
2427
227
250
2440
228
249
2449
229
248
2458
230
247
2471
231
2476
2495
233
4019
234
4038
235
246
4040
236
245
4053
237
244
4061
238
243
4070
239
242
4083
241
4086
241
266
4106
242
265
4087
243
264
4082
244
263
4071
245
262
4060
246
261
4054
4039
248
2472
249
260
2457
250
259
2450
251
258
2439
252
257
2428
253
256
2423
255
2413
255
278
2412
256
277
2417
257
276
2422
258
275
2433
259
274
2438
260
2455
2456
262
4058
263
4059
264
273
4076
265
272
4081
266
271
4092
267
270
4105
269
4110
269
290
4130
270
289
4111
271
288
4104
272
287
4093
273
286
4080
4077
275
2437
276
285
2434
277
284
2421
278
283
2418
279
282
2411
281
2408
281
302
2693
282
301
2692
283
300
2691
284
299
2690
285
298
2689
2688
287
4079
288
297
4098
289
296
4103
290
295
4116
291
294
4129
293
4134
293
314
4154
294
313
4135
295
312
4128
296
311
4117
297
310
4102
4099
299
3622
300
309
3579
301
308
3578
302
307
3563
303
306
3562
305
3011
305
326
3010
306
325
3015
307
324
3561
308
323
3568
309
322
3577
3584
311
4101
312
321
4122
313
320
4127
314
319
4140
315
318
4153
317
4158
317
338
4181
318
337
4159
319
336
4152
320
335
4141
321
334
4126
4123
323
3576
324
333
3569
325
332
3560
326
331
3016
327
330
3009
329
2991
329
349
2990
330
348
2995
331
347
3008
332
346
3021
333
345
3559
3574
335
4125
336
344
4146
337
343
4151
338
342
4164
339
341
4180
340
4185
341
358
4186
342
357
4179
343
356
4165
344
355
4150
4147
346
3558
347
354
3022
348
353
3007
349
352
2996
351
2989
351
368
2983
352
367
2988
353
366
3001
354
365
3006
3027
356
4149
357
364
4170
358
363
4178
359
362
4191
361
4212
361
379
4214
362
378
4211
363
377
4192
364
376
4177
375
4171
366
374
3005
367
373
3002
368
372
2987
369
371
2984
370
2981
371
388
3032
372
387
3031
373
386
3030
374
385
3029
3028
376
4174
377
384
4176
378
383
4197
379
382
4210
381
4219
381
398
4248
382
397
4220
383
396
4209
384
395
4198
4175
386
3113
387
394
3112
388
393
3093
389
392
3092
391
3034
391
409
3036
392
408
3098
393
407
3097
394
406
3096
405
3111
396
404
4202
397
403
4208
398
402
4225
399
401
4247
400
4252
401
418
4253
402
417
4246
403
416
4226
404
415
4207
4203
406
3110
407
414
3107
408
413
3106
409
412
3099
411
3100
411
429
3121
412
428
3120
413
427
3119
414
426
3118
425
3117
416
424
4206
417
423
4231
418
422
4245
419
421
4258
420
4303
421
438
4302
422
437
4259
423
436
4244
424
435
4232
4205
426
3151
427
434
3150
428
433
3137
429
432
3136
431
3125
431
449
3124
432
448
3130
433
447
3135
434
446
3144
445
3149
436
444
4236
437
443
4243
438
442
4264
439
441
4301
440
4308
441
457
4309
442
456
4300
443
455
4265
444
454
4242
4237
446
3148
447
453
3145
448
452
3134
449
451
3131
450
3123
451
466
3239
452
465
3238
453
464
3237
463
3236
455
462
4241
456
461
4270
457
460
4299
459
4314
459
477
4374
460
476
4315
461
475
4298
462
474
4271
473
4240
464
472
3376
465
471
3375
466
470
3326
467
469
3325
468
3269
469
485
3272
470
484
3324
471
483
3333
472
482
3374
3383
474
4239
475
481
4276
476
480
4297
477
479
4320
478
4373
479
494
4372
480
493
4321
481
492
4296
491
4277
483
490
3373
484
489
3334
485
488
3323
487
3273
487
505
3268
488
504
3277
489
503
3322
490
502
3339
501
3372
492
500
4280
493
499
4295
494
498
4326
495
497
4371
496
4380
497
515
4381
498
514
4370
499
513
4327
500
512
4294
511
4281
502
510
3371
503
509
3340
504
508
3321
505
507
3278
506
3267
507
523
3266
508
522
3283
509
521
3320
510
520
3345
3370
512
4284
513
519
4293
514
518
4332
515
517
4369
516
4386
517
532
4387
518
531
4368
519
530
4333
529
4292
521
528
3346
522
527
3319
523
526
3284
525
3265
525
543
3241
526
542
3264
527
541
3289
528
540
3318
539
3351
530
538
4291
531
537
4338
532
536
4367
533
535
4392
534
4421
535
553
4420
536
552
4393
537
551
4366
538
550
4339
549
4290
540
548
3352
541
547
3317
542
546
3290
543
545
3263
544
3240
545
563
3245
546
562
3262
547
561
3295
548
560
3316
559
3357
550
558
4289
551
557
4344
552
556
4365
553
555
4398
554
4419
555
573
4418
556
572
4399
557
571
4364
558
570
4345
569
4288
560
568
3358
561
567
3315
562
566
3296
563
565
3261
564
3246
565
583
3249
566
582
3260
567
581
3301
568
580
3314
579
3363
570
578
4287
571
577
4350
572
576
4363
573
575
4404
574
4417
575
593
4416
576
592
4405
577
591
4362
578
590
4351
589
4286
580
588
3364
581
587
3313
582
586
3302
583
585
3259
584
3250
585
601
3253
586
600
3258
587
599
3307
588
598
3312
3369
590
4285
591
597
4356
592
596
4361
593
595
4410
594
4415
595
609
4414
596
608
4411
597
607
4360
606
4357
599
605
3311
600
604
3308
601
603
3257
602
3254
603
619
3520
604
618
3525
605
617
3526
616
3533
607
613
5148
608
612
5147
609
611
5146
610
5145
611
629
6465
612
628
6423
613
627
6422
614
626
6356
625
6355
616
624
3534
617
623
3535
618
622
3527
619
621
3528
620
3521
621
639
3634
622
638
3633
623
637
3632
624
636
3631
635
3630
626
634
6354
627
633
6361
628
632
6421
629
631
6428
630
6464
631
649
6463
632
648
6429
633
647
6420
634
646
6362
645
6353
636
644
3698
637
643
3697
638
642
3660
639
641
3659
640
3635
641
659
3643
642
658
3658
643
657
3667
644
656
3696
655
3705
646
654
6352
647
653
6367
648
652
6419
649
651
6434
650
6462
651
669
6461
652
668
6435
653
667
6418
654
666
6368
665
6351
656
664
3706
657
663
3695
658
662
3668
659
661
3657
660
3642
661
679
3647
662
678
3656
663
677
3673
664
676
3694
675
3711
666
674
6350
667
673
6373
668
672
6417
669
671
6440
670
6460
671
6459
672
687
6441
673
686
6416
674
685
6374
684
6349
676
683
3712
677
682
3693
678
681
3674
679
680
3655
3648
681
697
3654
682
696
3679
683
695
3692
694
3717
685
691
6348
686
690
6379
687
689
6415
688
6446
689
707
6447
690
706
6414
691
705
6380
692
704
6347
703
6301
694
702
3821
695
701
3718
696
700
3691
697
699
3680
698
3653
699
717
3652
700
716
3685
701
715
3690
702
714
3723
713
3824
704
712
6304
705
711
6346
706
710
6385
707
709
6413
708
6452
709
6453
710
725
6412
711
724
6386
712
723
6345
722
6305
714
721
3825
715
720
3724
716
719
3689
717
718
3686
3651
719
735
3729
720
734
3728
721
733
3727
732
4785
723
729
6308
724
728
6344
725
727
6391
726
6411
727
745
6410
728
744
6392
729
743
6343
730
742
6309
741
6300
732
740
4787
733
739
4786
734
738
3739
735
737
3738
736
3730
737
3734
738
753
3737
739
752
4793
740
751
4792
750
4836
742
749
6299
743
748
6314
744
747
6342
745
746
6397
6409
747
763
6398
748
762
6341
749
761
6315
760
6298
751
757
4835
752
756
4834
753
755
4794
754
3736
755
773
4817
756
772
4818
757
771
4833
758
770
4842
769
4868
760
768
6266
761
767
6297
762
766
6320
763
765
6340
764
6403
765
6404
766
783
6339
767
782
6321
768
781
6296
780
6267
770
777
4867
771
776
4843
772
775
4832
773
774
4819
4816
775
793
4825
776
792
4831
777
791
4848
778
790
4866
789
4873
780
788
6264
781
787
6271
782
786
6295
783
785
6326
784
6338
785
6337
786
803
6327
787
802
6294
788
801
6272
800
6263
790
797
4874
791
796
4865
792
795
4849
793
794
4830
4826
795
813
4829
796
812
4854
797
811
4864
798
810
4879
809
4901
800
808
6235
801
807
6262
802
806
6277
803
805
6293
804
6332
805
6333
806
823
6292
807
822
6278
808
821
6261
820
6236
810
817
4900
811
816
4880
812
815
4863
813
814
4855
4828
815
4859
816
833
4862
817
832
4885
818
831
4899
830
4906
820
827
6233
821
826
6240
822
825
6260
823
824
6283
6291
825
843
6284
826
842
6259
827
841
6241
828
840
6232
839
6207
830
838
4930
831
837
4907
832
836
4898
833
835
4886
834
4861
835
4860
836
853
4891
837
852
4897
838
851
4912
850
4929
840
847
6210
841
846
6231
842
845
6246
843
844
6258
6289
845
6257
846
863
6247
847
862
6230
848
861
6211
860
6206
850
857
5029
851
856
4928
852
855
4913
853
854
4896
4892
855
875
4895
856
874
4918
857
873
4927
858
872
5042
871
5077
860
868
6184
861
867
6205
862
866
6216
863
865
6229
864
6252
865
6253
866
887
6228
867
886
6217
868
885
6204
869
884
6185
883
6182
871
880
5078
872
879
5079
873
878
5041
874
877
4926
875
876
4919
4894
877
4923
878
899
4925
879
898
5040
880
897
5102
881
896
5103
895
5110
883
892
6160
884
891
6181
885
890
6190
886
889
6203
887
888
6222
6227
889
6223
890
911
6202
891
910
6191
892
909
6180
893
908
6161
907
6158
895
904
5111
896
903
5112
897
902
5104
898
901
5105
899
900
5039
4924
901
5038
902
923
5138
903
922
5137
904
921
5136
905
920
5150
919
5149
907
916
6137
908
915
6157
909
914
6166
910
913
6179
911
912
6196
6201
913
6197
914
935
6178
915
934
6167
916
933
6156
917
932
6138
931
6135
919
928
5158
920
927
5159
921
926
5151
922
925
5152
923
924
5140
5139
925
5165
926
949
5164
927
948
5163
928
947
5162
929
946
5190
945
5189
931
940
6117
932
939
6134
933
938
6143
934
937
6155
935
936
6172
6177
937
6173
938
963
6154
939
962
6144
940
961
6133
941
960
6118
942
959
6115
958
6096
944
955
5225
945
954
5212
946
953
5213
947
952
5191
948
951
5192
949
950
5193
5194
951
5200
952
979
5203
953
978
5204
954
977
5216
955
976
5217
956
975
5224
974
5245
958
969
6095
959
968
6100
960
967
6114
961
966
6123
962
965
6132
963
964
6149
6153
965
6150
966
6131
967
995
6124
968
994
6113
969
993
6101
970
992
6094
971
991
6076
990
6075
973
985
5262
974
984
5261
975
983
5244
976
982
5243
977
981
5218
978
980
5219
979
5205
5202
981
5235
982
1013
5236
983
1012
5242
984
1011
5251
985
1010
5260
986
1009
5267
987
1008
5281
1007
5284
989
1002
6055
990
1001
6058
991
1000
6074
992
999
6081
993
998
6093
994
997
6106
995
996
6112
6129
997
6111
998
6107
999
1033
6092
1000
1032
6082
1001
1031
6073
1002
1030
6059
1003
1029
6054
1004
1028
6036
1027
6035
1006
1020
5302
1007
1019
5301
1008
1018
5285
1009
1017
5280
1010
1016
5268
1011
1015
5259
1012
1014
5252
1013
5241
5237
1015
5256
1016
1059
5258
1017
1058
5273
1018
1057
5279
1019
1056
5290
1020
1055
5300
1021
1054
5307
1022
1053
5320
1023
1052
5323
1051
5339
1025
1042
6000
1026
1041
6017
1027
1040
6020
1028
1039
6034
1029
1038
6041
1030
1037
6053
1031
1036
6064
1032
1035
6072
1033
1034
6087
6091
1035
6088
1036
6071
1037
1097
6065
1038
1096
6052
1039
1095
6042
1040
1094
6033
1041
1093
6021
1042
1092
6016
1043
1091
6001
1044
1090
5998
1045
1089
5980
1046
1088
5979
1087
5961
1048
1070
5377
1049
1069
5358
1050
1068
5357
1051
1067
5341
1052
1066
5338
1053
1065
5324
1054
1064
5319
1055
1063
5308
1056
1062
5299
1057
1061
5291
1058
1060
5278
1059
5274
5257
1061
5277
1062
5296
1063
1133
5298
1064
1132
5313
1065
1131
5318
1066
1130
5329
1067
1129
5337
1068
1128
5346
1069
1127
5356
1070
1126
5363
1071
1125
5376
1072
1124
5381
1073
1123
5395
1074
1122
5398
1075
1121
5415
1076
1120
5418
1077
1119
5435
1078
1118
5438
1117
5455
1080
1114
5884
1081
1113
5901
1082
1112
5904
1083
1111
5921
1084
1110
5924
1085
1109
5941
1086
1108
5944
1087
1107
5960
1088
1106
5965
1089
1105
5978
1090
1104
5985
1091
1103
5997
1092
1102
6006
1093
1101
6015
1094
1100
6026
1095
1099
6032
1096
1098
6047
1097
6051
6070
1099
6048
1100
6031
1101
6027
1102
1163
6014
1103
1162
6007
1104
1161
5996
1105
1160
5986
1106
1159
5977
1107
1158
5966
1108
1157
5959
1109
1156
5945
1110
1155
5940
1111
1154
5925
1112
1153
5920
1113
1152
5905
1114
1151
5900
1115
1150
5885
1116
1149
5598
1117
1148
5583
1118
1147
5454
1119
1146
5439
1120
1145
5434
1121
1144
5419
1122
1143
5414
1123
1142
5399
1124
1141
5394
1125
1140
5382
1126
1139
5375
1127
1138
5364
1128
1137
5355
1129
1136
5347
1130
1135
5336
1131
1134
5330
1132
5317
1133
5314
5297
1135
5334
1136
5335
1137
5352
1138
1187
5354
1139
1186
5369
1140
1185
5374
1141
1184
5387
1142
1183
5393
1143
1182
5404
1144
1181
5413
1145
1180
5424
1146
1179
5433
1147
1178
5444
1148
1177
5453
1149
1176
5588
1150
1175
5597
1151
1174
5890
1152
1173
5899
1153
1172
5910
1154
1171
5919
1155
1170
5930
1156
1169
5939
1157
1168
5950
1158
1167
5958
1159
1166
5971
1160
1165
5976
1161
1164
5991
1162
5995
1163
6012
6013
1165
5992
1166
5975
1167
5972
1168
5957
1169
1203
5951
1170
1202
5938
1171
1201
5931
1172
1200
5918
1173
1199
5911
1174
1198
5898
1175
1197
5891
1176
1196
5596
1177
1195
5589
1178
1194
5452
1179
1193
5445
1180
1192
5432
1181
1191
5425
1182
1190
5412
1183
1189
5405
1184
1188
5392
1185
5388
1186
5373
1187
5370
5353
1189
5391
1190
5410
1191
5411
1192
5430
1193
5431
1194
5450
1195
5451
1196
5594
1197
5595
1198
5896
1199
5897
1200
5916
1201
5917
1202
5936
1203
5937
5956
1205
1239
3467
1206
1238
3468
1207
1237
3472
1208
1236
3473
1209
1235
3510
1210
1234
3509
1211
1233
3550
1212
1232
3551
1213
1231
3640
1214
1230
3641
1215
1229
3769
1216
1228
3768
1217
1227
3773
1218
1226
3772
1219
1225
3809
1224
3810
1221
1270
4772
1222
1269
4759
1223
1268
4764
1224
1267
4765
1225
1266
3811
1226
1265
7223
1227
1264
3802
1228
1263
3774
1229
1262
3781
1230
1261
3764
1231
1260
3763
1232
1259
3762
1233
1258
3552
1234
1257
3517
1235
1256
3516
1236
1255
3511
1237
1254
3474
1238
1253
3483
1239
1252
3482
1240
1251
3481
1241
1250
3425
1242
1249
3434
1243
1248
3433
1247
3432
1245
1306
3393
1246
1305
3397
1247
1304
3396
1248
1303
3431
1249
1302
3430
1250
1301
3435
1251
1300
3438
1252
1299
3480
1253
1298
3479
1254
1297
3484
1255
1296
3487
1256
1295
3512
1257
1294
3513
1258
1293
3554
1259
1292
3553
1260
1291
3761
1261
1290
3760
1262
1289
3779
1263
1288
3780
1264
1287
3798
1265
1286
3803
1266
1285
3804
1267
1284
3814
1268
1283
4756
1269
1282
4763
1270
1281
4768
1271
1280
4773
1272
1279
4802
1273
1278
4803
1277
4815
1275
1345
4950
1276
1344
4948
1277
1343
4946
1278
1342
4947
1279
1341
4804
1280
1340
4805
1281
1339
4774
1282
1338
4767
1283
1337
4766
1284
1336
4755
1285
1335
3815
1286
1334
3816
1287
1333
3796
1288
1332
3797
1289
1331
3782
1290
1330
3783
1291
1329
3784
1292
3785
1293
3556
1294
1328
3555
1295
1327
3540
1296
1326
3541
1297
1325
3488
1298
1324
3497
1299
1323
3496
1300
1322
3495
1301
1321
3439
1302
1320
3447
1303
1319
3445
1304
1318
3446
1305
1317
3417
1306
1316
3398
1307
1315
3405
1308
1314
3404
1309
1313
3172
1312
3171
1311
1371
3166
1312
1370
3167
1313
1369
3168
1314
1368
3175
1315
1367
3403
1316
1366
3402
1317
1365
3419
1318
1364
3418
1319
1363
3420
1320
1362
3444
1321
1361
3448
1322
3451
1323
3494
1324
3493
1325
3498
1326
3501
1327
3502
1328
3542
3543
1330
3787
1331
3788
1332
3791
1333
3792
1334
3795
1335
3817
1336
3820
1337
4754
1338
1360
4753
1339
1359
4778
1340
1358
4775
1341
1357
4806
1342
1356
4809
1343
1355
4810
1344
1354
4945
1345
1353
4954
1346
1352
4955
1347
1351
4956
1350
4959
1349
1392
4983
1350
1391
4978
1351
1390
4977
1352
1389
4972
1353
1388
4971
1354
1387
4970
1355
1386
4944
1356
1385
4943
1357
1384
4934
1358
4935
1359
4784
1360
4779
4782
1362
3461
1363
3460
1364
3459
1365
3458
1366
1383
3412
1367
1382
3411
1368
1381
3406
1369
1380
3176
1370
1379
3195
1371
1378
3194
1372
1377
3189
1373
1376
3188
1375
3187
1375
1409
3163
1376
1408
3186
1377
1407
3185
1378
1406
3190
1379
1405
3193
1380
1404
3196
1381
1403
3199
1382
3407
1383
3408
3457
1385
4936
1386
4942
1387
4941
1388
1402
4969
1389
1401
4968
1390
1400
4973
1391
1399
4976
1392
1398
4979
1393
1397
4982
1396
4984
1395
1426
5060
1396
1425
4986
1397
1424
5009
1398
1423
5008
1399
1422
5003
1400
1421
5002
1401
1420
4997
1402
4996
4995
1404
3200
1405
3225
1406
1419
3224
1407
1418
3219
1408
1417
3218
1409
1416
3213
1410
1415
3212
1411
1414
3211
1413
3037
1413
1441
3039
1414
1440
3042
1415
1439
3210
1416
1438
3209
1417
1437
3214
1418
1436
3217
1419
3220
3223
1421
4998
1422
5001
1423
1435
5004
1424
1434
5007
1425
1433
5010
1426
1432
5013
1427
1431
5061
1430
5062
1429
1456
5063
1430
1455
5074
1431
1454
5073
1432
1453
5072
1433
1452
5014
1434
1451
5021
1435
5020
5019
1437
3234
1438
3235
1439
1450
3229
1440
1449
3230
1441
1448
3043
1442
1447
3056
1443
1446
3055
1445
3050
1445
1470
3049
1446
1469
3051
1447
1468
3054
1448
1467
3057
1449
1466
3060
1450
1465
3231
3232
1452
5022
1453
1464
5025
1454
1463
5071
1455
1462
5070
1456
1461
5069
1457
1460
5068
1459
5092
1459
1482
5094
1460
1481
5091
1461
1480
5090
1462
1479
5085
1463
1478
5084
1464
5075
5026
1466
3233
1467
3061
1468
1477
3082
1469
1476
3081
1470
1475
3076
1471
1474
3075
1473
3070
1473
1494
3069
1474
1493
3071
1475
1492
3074
1476
1491
3077
1477
1490
3080
3083
1479
5083
1480
1489
5086
1481
1488
5089
1482
1487
5098
1483
1486
5095
1485
5168
1485
1506
5169
1486
1505
5176
1487
1504
5125
1488
1503
5099
1489
1502
5120
5119
1491
3620
1492
1501
3621
1493
1500
3603
1494
1499
3598
1495
1498
3597
1497
3596
1497
1518
2695
1498
1517
3595
1499
1516
3594
1500
1515
3605
1501
1514
3604
3616
1503
5118
1504
1513
5127
1505
1512
5126
1506
1511
5175
1507
1510
5174
1509
5234
1509
1530
5461
1510
1529
5460
1511
1528
5177
1512
1527
5133
1513
1526
5132
5128
1515
3615
1516
1525
3606
1517
1524
3607
1518
1523
3608
1519
1522
2696
1521
2701
1521
1542
2700
1522
1541
2702
1523
1540
2705
1524
1539
3609
1525
1538
3612
3613
1527
5129
1528
1537
5181
1529
1536
5182
1530
1535
5459
1531
1534
5464
1533
5465
1533
1553
5467
1534
1552
5476
1535
1551
5475
1536
1550
5458
1537
1549
5183
5186
1539
3629
1540
1548
3628
1541
1547
2706
1542
1546
2717
1543
1545
2716
1544
2711
1545
1562
2712
1546
1561
2715
1547
1560
2718
1548
1559
2721
3627
1550
5188
1551
1558
5457
1552
1557
5474
1553
1556
5477
1555
5480
1555
1572
5498
1556
1571
5481
1557
1570
5488
1558
1569
5487
5456
1560
2722
1561
1568
2739
1562
1567
2738
1563
1566
2733
1565
2732
1565
1583
2728
1566
1582
2731
1567
1581
2734
1568
1580
2737
1579
2740
1570
1578
5486
1571
1577
5489
1572
1576
5492
1573
1575
5493
1574
5497
1575
1592
5515
1576
1591
5510
1577
1590
5509
1578
1589
5508
5507
1580
2761
1581
1588
2760
1582
1587
2755
1583
1586
2754
1585
2749
1585
1602
2748
1586
1601
2750
1587
1600
2753
1588
1599
2756
2759
1590
5506
1591
1598
5505
1592
1597
5511
1593
1596
5514
1595
5516
1595
1613
5518
1596
1612
5533
1597
1611
5532
1598
1610
5527
1609
5526
1600
1608
2779
1601
1607
2778
1602
1606
2773
1603
1605
2772
1604
2767
1605
1622
2768
1606
1621
2771
1607
1620
2774
1608
1619
2777
2780
1610
5525
1611
1618
5528
1612
1617
5531
1613
1616
5534
1615
5537
1615
1633
5572
1616
1632
5538
1617
1631
5549
1618
1630
5548
1629
5543
1620
1628
2801
1621
1627
2796
1622
1626
2795
1623
1625
2790
1624
2789
1625
1642
2788
1626
1641
2791
1627
1640
2794
1628
1639
2797
2800
1630
5544
1631
1638
5547
1632
1637
5550
1633
1636
5553
1635
5571
1635
1653
5576
1636
1652
5577
1637
1651
5554
1638
1650
5561
1649
5560
1640
1648
2819
1641
1647
2818
1642
1646
2813
1643
1645
2812
1644
2807
1645
1661
2808
1646
1660
2811
1647
1659
2814
1648
1658
2817
2820
1650
5559
1651
1657
5562
1652
1656
5565
1653
1655
5566
1654
5575
1655
1670
6488
1656
1669
6483
1657
1668
6482
1667
6477
1659
1666
2839
1660
1665
2834
1661
1664
2833
1663
2828
1663
1681
2827
1664
1680
2829
1665
1679
2832
1666
1678
2835
1677
2838
1668
1676
6478
1669
1675
6481
1670
1674
6484
1671
1673
6487
1672
6489
1673
1689
6506
1674
1688
6505
1675
1687
6500
1676
1686
6499
6496
1678
2857
1679
1685
2854
1680
1684
2853
1681
1683
2848
1682
2847
1683
1698
2846
1684
1697
2849
1685
1696
2852
1695
2855
1687
1694
6498
1688
1693
6501
1689
1692
6504
1691
6507
1691
1709
6528
1692
1708
6523
1693
1707
6522
1694
1706
6517
1705
6516
1696
1704
2875
1697
1703
2874
1698
1702
2869
1699
1701
2868
1700
2863
1701
1719
2864
1702
1718
2867
1703
1717
2870
1704
1716
2873
1715
2876
1706
1714
6515
1707
1713
6518
1708
1712
6521
1709
1711
6524
1710
6527
1711
1727
6546
1712
1726
6541
1713
1725
6540
1714
1724
6535
6534
1716
2895
1717
1723
2894
1718
1722
2889
1719
1721
2888
1720
2883
1721
1736
2884
1722
1735
2887
1723
1734
2890
1733
2893
1725
1732
6536
1726
1731
6539
1727
1730
6542
1729
6545
1729
1747
6564
1730
1746
6563
1731
1745
6558
1732
1744
6557
1743
6552
1734
1742
2915
1735
1741
2910
1736
1740
2909
1737
1739
2904
1738
2903
1739
1757
2902
1740
1756
2905
1741
1755
2908
1742
1754
2911
1753
2914
1744
1752
6553
1745
1751
6556
1746
1750
6559
1747
1749
6562
1748
6565
1749
1767
6584
1750
1766
6583
1751
1765
6578
1752
1764
6577
1763
6572
1754
1762
2935
1755
1761
2930
1756
1760
2929
1757
1759
2924
1758
2923
1759
1777
2922
1760
1776
2925
1761
1775
2928
1762
1774
2931
1773
2934
1764
1772
6573
1765
1771
6576
1766
1770
6579
1767
1769
6582
1768
6585
1769
1787
6604
1770
1786
6603
1771
1785
6598
1772
1784
6597
1783
6592
1774
1782
2955
1775
1781
2950
1776
1780
2949
1777
1779
2944
1778
2943
1779
1797
2942
1780
1796
2945
1781
1795
2948
1782
1794
2951
1793
2954
1784
1792
6593
1785
1791
6596
1786
1790
6599
1787
1789
6602
1788
6605
1789
1805
6622
1790
1804
6621
1791
1803
6616
1792
1802
6615
6612
1794
2973
1795
1801
2970
1796
1800
2969
1797
1799
2964
1798
2963
1799
1813
2962
1800
1812
2965
1801
1811
2968
1810
2971
1803
1809
6614
1804
1808
6617
1805
1807
6620
1806
6623
1807
1823
6964
1808
1822
6963
1809
1821
6958
1820
6957
1811
1817
4481
1812
1816
4438
1813
1815
4433
1814
4432
1815
1833
4431
1816
1832
4440
1817
1831
4439
1818
1830
4480
1829
4479
1820
1828
6953
1821
1827
6956
1822
1826
6959
1823
1825
6962
1824
6965
1825
1843
6984
1826
1842
6983
1827
1841
6978
1828
1840
6977
1839
6972
1830
1838
4487
1831
1837
4486
1832
1836
4463
1833
1835
4441
1834
4446
1835
1853
4445
1836
1852
4465
1837
1851
4464
1838
1850
4485
1849
4484
1840
1848
6973
1841
1847
6976
1842
1846
6979
1843
1845
6982
1844
6985
1845
1863
7004
1846
1862
7003
1847
1861
6998
1848
1860
6997
1859
6992
1850
1858
4488
1851
1857
4472
1852
1856
4471
1853
1855
4466
1854
4447
1855
1873
4450
1856
1872
4467
1857
1871
4468
1858
1870
4492
1869
4493
1860
1868
6993
1861
1867
6996
1862
1866
6999
1863
1865
7002
1864
7005
1865
1883
7024
1866
1882
7023
1867
1881
7018
1868
1880
7017
1879
7012
1870
1878
4494
1871
1877
4502
1872
1876
4500
1873
1875
4501
1874
4451
1875
4454
1876
1891
4455
1877
1890
4499
1878
1889
4503
1888
4506
1880
1887
7013
1881
1886
7016
1882
1885
7019
1883
1884
7022
7025
1885
1901
7044
1886
1900
7039
1887
1899
7038
1898
7033
1889
1895
4507
1890
1894
4518
1891
1893
4517
1892
4512
1893
1911
4513
1894
1910
4516
1895
1909
4519
1896
1908
4522
1907
4569
1898
1906
7032
1899
1905
7034
1900
1904
7037
1901
1903
7040
1902
7043
1903
1921
7064
1904
1920
7059
1905
1919
7058
1906
1918
7053
1917
7052
1908
1916
4571
1909
1915
4523
1910
1914
4534
1911
1913
4533
1912
4528
1913
4529
1914
1929
4532
1915
1928
4535
1916
1927
4538
1926
4570
1918
1925
7051
1919
1924
7054
1920
1923
7057
1921
1922
7060
7063
1923
1939
7080
1924
1938
7079
1925
1937
7074
1936
7073
1927
1933
4575
1928
1932
4539
1929
1931
4546
1930
4545
1931
1949
4544
1932
1948
4547
1933
1947
4550
1934
1946
4574
1945
4573
1936
1944
7069
1937
1943
7072
1938
1942
7075
1939
1941
7078
1940
7081
1941
7100
1942
1957
7099
1943
1956
7094
1944
1955
7093
1954
7088
1946
1953
4579
1947
1952
4580
1948
1951
4551
1949
1950
4556
4555
1951
1967
4557
1952
1966
4560
1953
1965
4561
1964
4578
1955
1961
7089
1956
1960
7092
1957
1959
7095
1958
7098
1959
1977
7120
1960
1976
7115
1961
1975
7114
1962
1974
7109
1973
7108
1964
1972
4598
1965
1971
4597
1966
1970
4592
1967
1969
4591
1968
4586
1969
4587
1970
1987
4590
1971
1986
4593
1972
1985
4596
1984
4599
1974
1981
7107
1975
1980
7110
1976
1979
7113
1977
1978
7116
7119
1979
1997
7138
1980
1996
7137
1981
1995
7132
1982
1994
7131
1993
7126
1984
1992
4620
1985
1991
4615
1986
1990
4614
1987
1989
4609
1988
4608
1989
4607
1990
2007
4610
1991
2006
4613
1992
2005
4616
2004
4619
1994
2001
7127
1995
2000
7130
1996
1999
7133
1997
1998
7136
7139
1999
2017
7160
2000
2016
7155
2001
2015
7154
2002
2014
7149
2013
7148
2004
2012
4638
2005
2011
4637
2006
2010
4632
2007
2009
4631
2008
4626
2009
4627
2010
2027
4630
2011
2026
4633
2012
2025
4636
2024
4639
2014
2021
7147
2015
2020
7150
2016
2019
7153
2017
2018
7156
7159
2019
7180
2020
2037
7179
2021
2036
7174
2022
2035
7173
2034
7168
2024
2031
4658
2025
2030
4653
2026
2029
4652
2027
2028
4647
4646
2029
2047
4648
2030
2046
4651
2031
2045
4654
2032
2044
4657
2043
4659
2034
2042
7167
2035
2041
7169
2036
2040
7172
2037
2039
7175
2038
7178
2039
7199
2040
2057
7196
2041
2056
7195
2042
2055
7190
2054
7189
2044
2051
4676
2045
2050
4675
2046
2049
4670
2047
2048
4669
4666
2049
4668
2050
2067
4671
2051
2066
4674
2052
2065
4677
2064
4680
2054
2061
7188
2055
2060
7187
2056
2059
7191
2057
2058
7194
7197
2059
2079
7213
2060
2078
7208
2061
2077
7207
2062
2076
7206
2075
6629
2064
2072
4718
2065
2071
4681
2066
2070
4692
2067
2069
4691
2068
4686
2069
4687
2070
2091
4690
2071
2090
4693
2072
2089
4696
2073
2088
4717
2087
4716
2075
2084
6631
2076
2083
6634
2077
2082
7205
2078
2081
7204
2079
2080
7209
7212
2081
7221
2082
2103
7220
2083
2102
7219
2084
2101
6635
2085
2100
6644
2099
6643
2087
2096
4726
2088
2095
4725
2089
2094
4724
2090
2093
4697
2091
2092
4702
4701
2093
4703
2094
2115
4706
2095
2114
4723
2096
2113
4722
2097
2112
4727
2111
4730
2099
2108
6639
2100
2107
6642
2101
2106
6645
2102
2105
6648
2103
2104
7218
7217
2105
7222
2106
2127
6649
2107
2126
6666
2108
2125
6665
2109
2124
6660
2123
6659
2111
2120
4746
2112
2119
4745
2113
2118
4740
2114
2117
4739
2115
2116
4738
4707
2117
4737
2118
2139
4736
2119
2138
4741
2120
2137
4744
2121
2136
4747
2135
4750
2123
2132
6655
2124
2131
6658
2125
2130
6661
2126
2129
6664
2127
2128
6667
6670
2129
6696
2130
2153
6695
2131
2152
6690
2132
2151
6689
2133
2150
6684
2149
6683
2135
2144
5618
2136
2143
5617
2137
2142
5612
2138
2141
5611
2139
2140
5606
5605
2141
5607
2142
2167
5610
2143
2166
5613
2144
2165
5616
2145
2164
5619
2146
2163
5622
2162
5623
2148
2159
6678
2149
2158
6679
2150
2157
6682
2151
2156
6685
2152
2155
6688
2153
2154
6691
6694
2155
6726
2156
2183
6725
2157
2182
6720
2158
2181
6719
2159
2180
6714
2160
2179
6713
2178
6708
2162
2173
5650
2163
2172
5645
2164
2171
5644
2165
2170
5639
2166
2169
5638
2167
2168
5633
5632
2169
5634
2170
5637
2171
2199
5640
2172
2198
5643
2173
2197
5646
2174
2196
5649
2175
2195
5651
2194
5654
2177
2189
6704
2178
2188
6707
2179
2187
6709
2180
2186
6712
2181
2185
6715
2182
2184
6718
2183
6721
6724
2185
6760
2186
2217
6757
2187
2216
6756
2188
2215
6751
2189
2214
6750
2190
2213
6745
2191
2212
6744
2211
6739
2193
2206
5684
2194
2205
5679
2195
2204
5678
2196
2203
5673
2197
2202
5672
2198
2201
5667
2199
2200
5666
5663
2201
5665
2202
5668
2203
2237
5671
2204
2236
5674
2205
2235
5677
2206
2234
5680
2207
2233
5683
2208
2232
5685
2231
5688
2210
2224
6735
2211
2223
6738
2212
2222
6740
2213
2221
6743
2214
2220
6746
2215
2219
6749
2216
2218
6752
2217
6755
6758
2219
6806
2220
2263
6805
2221
2262
6800
2222
2261
6799
2223
2260
6794
2224
2259
6793
2225
2258
6788
2226
2257
6787
2227
2256
6782
2255
6781
2229
2246
5724
2230
2245
5723
2231
2244
5718
2232
2243
5717
2233
2242
5712
2234
2241
5711
2235
2240
5706
2236
2239
5705
2237
2238
5700
5699
2239
5701
2240
5704
2241
2301
5707
2242
2300
5710
2243
2299
5713
2244
2298
5716
2245
2297
5719
2246
2296
5722
2247
2295
5725
2248
2294
5728
2249
2293
5729
2250
2292
5732
2291
5733
2252
2274
6772
2253
2273
6773
2254
2272
6776
2255
2271
6777
2256
2270
6780
2257
2269
6783
2258
2268
6786
2259
2267
6789
2260
2266
6792
2261
2265
6795
2262
2264
6798
2263
6801
6804
2265
6879
2266
6878
2267
2337
6877
2268
2336
6872
2269
2335
6871
2270
2334
6866
2271
2333
6865
2272
2332
6860
2273
2331
6859
2274
2330
6854
2275
2329
6853
2276
2328
6848
2277
2327
6847
2278
2326
6842
2279
2325
6841
2280
2324
6836
2281
2323
6835
2282
2322
6830
2321
6829
2284
2318
5804
2285
2317
5803
2286
2316
5798
2287
2315
5797
2288
2314
5792
2289
2313
5791
2290
2312
5786
2291
2311
5785
2292
2310
5780
2293
2309
5779
2294
2308
5774
2295
2307
5773
2296
2306
5768
2297
2305
5767
2298
2304
5762
2299
2303
5761
2300
2302
5756
2301
5755
5754
2303
5757
2304
5760
2305
5763
2306
2367
5766
2307
2366
5769
2308
2365
5772
2309
2364
5775
2310
2363
5778
2311
2362
5781
2312
2361
5784
2313
2360
5787
2314
2359
5790
2315
2358
5793
2316
2357
5796
2317
2356
5799
2318
2355
5802
2319
2354
5805
2320
2353
5808
2321
2352
6828
2322
2351
6827
2323
2350
6831
2324
2349
6834
2325
2348
6837
2326
2347
6840
2327
2346
6843
2328
2345
6846
2329
2344
6849
2330
2343
6852
2331
2342
6855
2332
2341
6858
2333
2340
6861
2334
2339
6864
2335
2338
6867
2336
6870
2337
6873
6876
2339
6931
2340
6930
2341
6929
2342
2391
6928
2343
2390
6923
2344
2389
6922
2345
2388
6917
2346
2387
6916
2347
2386
6911
2348
2385
6910
2349
2384
6905
2350
2383
6904
2351
2382
6899
2352
2381
6898
2353
2380
6897
2354
2379
5809
2355
2378
5858
2356
2377
5857
2357
2376
5852
2358
2375
5851
2359
2374
5846
2360
2373
5845
2361
2372
5840
2362
2371
5839
2363
2370
5834
2364
2369
5833
2365
2368
5828
2366
5827
2367
5826
5825
2369
5829
2370
5832
2371
5835
2372
5838
2373
2407
5841
2374
2406
5844
2375
2405
5847
2376
2404
5850
2377
2403
5853
2378
2402
5856
2379
2401
5859
2380
2400
5862
2381
2399
6896
2382
2398
6895
2383
2397
6900
2384
2396
6903
2385
2395
6906
2386
2394
6909
2387
2393
6912
2388
2392
6915
2389
6918
2390
6921
2391
6924
6927
2393
6946
2394
6945
2395
6944
2396
6943
2397
6942
2398
6941
2399
6940
2400
6939
2401
5863
2402
5878
2403
5877
2404
5876
2405
5875
2406
5874
2407
5873
5872
2409
2411
2692
2410
2694
2978
2411
2415
2419
2697
2977
2412
2418
2691
2415
2417
2414
2417
2423
2416
2430
2699
2416
2698
2417
2419
2431
2703
2418
2422
2419
2421
2690
2420
2704
2976
2421
2431
2435
2707
2975
2422
2434
2689
2423
2431
2433
2424
2428
2430
2425
2427
2426
2430
2710
2427
2429
2447
2713
2428
2440
2429
2433
2439
2430
2432
2452
2714
2431
2709
2432
2708
2433
2435
2453
2719
2434
2438
2435
2437
2688
2436
2720
2974
2437
2453
2723
2438
2439
2453
2455
2440
2450
2452
2441
2447
2449
2444
2446
2443
2445
2463
2729
2444
2460
2445
2449
2459
2446
2448
2468
2730
2447
2727
2448
2452
2726
2449
2451
2469
2735
2450
2458
2451
2455
2457
2452
2454
2474
2736
2453
2725
2454
2724
2455
2475
2741
2456
2457
2475
2458
2472
2474
2459
2469
2471
2460
2466
2468
2463
2465
2462
2465
2479
2464
2486
2747
2464
2468
2746
2465
2467
2487
2751
2466
2478
2467
2471
2477
2468
2470
2492
2752
2469
2745
2470
2474
2744
2471
2473
2493
2757
2472
2476
2473
2474
2758
2475
2743
2742
2477
2493
2495
2478
2490
2492
2479
2487
2489
2480
2484
2486
2481
2483
2482
2486
2766
2483
2485
2504
2769
2484
2499
2485
2489
2498
2486
2488
2509
2770
2487
2765
2488
2492
2764
2489
2491
2510
2775
2490
2497
2491
2495
2496
2492
2494
2515
2776
2493
2763
2494
2762
2495
2781
2497
2513
2515
2498
2510
2512
2499
2507
2509
2500
2504
2506
2501
2503
2502
2506
2519
2503
2505
2526
2787
2504
2786
2505
2509
2785
2506
2508
2527
2792
2507
2518
2508
2512
2517
2509
2511
2532
2793
2510
2784
2511
2515
2783
2512
2514
2533
2798
2513
2516
2514
2515
2799
2782
2517
2533
2535
2518
2530
2532
2519
2527
2529
2520
2524
2526
2521
2523
2522
2526
2806
2523
2525
2542
2809
2524
2539
2525
2529
2538
2526
2528
2547
2810
2527
2805
2528
2532
2804
2529
2531
2548
2815
2530
2537
2531
2535
2536
2532
2534
2553
2816
2533
2803
2534
2802
2535
2821
2537
2551
2553
2538
2548
2550
2539
2545
2547
2542
2544
2541
2544
2558
2543
2561
2826
2543
2547
2825
2544
2546
2562
2830
2545
2557
2546
2550
2556
2547
2549
2567
2831
2548
2824
2549
2553
2823
2550
2552
2568
2836
2551
2555
2552
2554
2553
2571
2837
2822
2555
2571
2556
2568
2570
2557
2565
2567
2558
2562
2564
2559
2561
2560
2564
2575
2561
2563
2582
2845
2562
2844
2563
2567
2843
2564
2566
2583
2850
2565
2574
2566
2570
2573
2567
2569
2588
2851
2568
2842
2569
2571
2841
2570
2589
2856
2572
2840
2573
2589
2591
2574
2586
2588
2575
2583
2585
2576
2580
2582
2577
2579
2578
2582
2862
2579
2581
2597
2865
2580
2596
2581
2585
2595
2582
2584
2602
2866
2583
2861
2584
2588
2860
2585
2587
2603
2871
2586
2594
2587
2591
2593
2588
2590
2608
2872
2589
2859
2590
2858
2591
2609
2877
2592
2593
2609
2594
2606
2608
2595
2603
2605
2596
2600
2602
2597
2599
2598
2602
2882
2599
2601
2618
2885
2600
2613
2601
2605
2612
2602
2604
2623
2886
2603
2881
2604
2608
2880
2605
2607
2624
2891
2606
2611
2607
2610
2608
2629
2892
2609
2879
2878
2611
2627
2629
2612
2624
2626
2613
2621
2623
2614
2618
2620
2615
2617
2616
2620
2634
2617
2619
2637
2901
2618
2900
2619
2623
2899
2620
2622
2638
2906
2621
2633
2622
2626
2632
2623
2625
2643
2907
2624
2898
2625
2629
2897
2626
2628
2644
2912
2627
2631
2628
2630
2629
2649
2913
2896
2631
2647
2649
2632
2644
2646
2633
2641
2643
2634
2638
2640
2635
2637
2636
2640
2654
2637
2639
2657
2921
2638
2920
2639
2643
2919
2640
2642
2658
2926
2641
2653
2642
2646
2652
2643
2645
2663
2927
2644
2918
2645
2649
2917
2646
2648
2664
2932
2647
2651
2648
2650
2649
2669
2933
2916
2651
2667
2669
2652
2664
2666
2653
2661
2663
2654
2658
2660
2655
2657
2656
2660
2674
2657
2659
2677
2941
2658
2940
2659
2663
2939
2660
2662
2678
2946
2661
2673
2662
2666
2672
2663
2665
2683
2947
2664
2938
2665
2669
2937
2666
2668
2684
2952
2667
2671
2668
2670
2669
2687
2953
2936
2671
2687
2672
2684
2686
2673
2681
2683
2674
2678
2680
2675
2677
2676
2680
3830
2677
2679
2961
3833
2678
2960
2679
2683
2959
2680
2682
2966
3834
2681
3829
2682
2686
3828
2683
2685
2967
3839
2684
2958
2685
2687
2957
2686
2972
3840
3827
2956
2689
2974
2690
2975
3622
2691
2976
3579
2692
2977
3578
2693
2978
3563
2979
3562
2695
2697
3590
2696
3595
2697
2701
2705
3608
2698
2704
3589
2701
2703
2700
2703
2709
2702
2716
2702
2703
2705
2717
2704
2708
2705
2707
3610
2706
3609
2707
2717
2721
3628
2708
2720
3625
2709
2717
2719
2710
2714
2716
2711
2713
2712
2716
2713
2715
2733
2714
2726
2715
2719
2725
2716
2718
2738
2717
2718
2719
2721
2739
2720
2724
2721
2723
3626
2722
3627
2723
2739
2724
2725
2739
2741
2726
2736
2738
2727
2733
2735
2730
2732
2729
2731
2749
2730
2746
2731
2735
2745
2732
2734
2754
2733
2734
2738
2735
2737
2755
2736
2744
2737
2741
2743
2738
2740
2760
2739
2740
2741
2761
2742
2743
2761
2744
2758
2760
2745
2755
2757
2746
2752
2754
2749
2751
2748
2751
2765
2750
2772
2750
2754
2751
2753
2773
2752
2764
2753
2757
2763
2754
2756
2778
2755
2756
2760
2757
2759
2779
2758
2762
2759
2760
2761
2763
2779
2781
2764
2776
2778
2765
2773
2775
2766
2770
2772
2767
2769
2768
2772
2769
2771
2790
2770
2785
2771
2775
2784
2772
2774
2795
2773
2774
2778
2775
2777
2796
2776
2783
2777
2781
2782
2778
2780
2801
2779
2780
2781
2783
2799
2801
2784
2796
2798
2785
2793
2795
2786
2790
2792
2787
2789
2788
2792
2805
2789
2791
2812
2790
2791
2795
2792
2794
2813
2793
2804
2794
2798
2803
2795
2797
2818
2796
2797
2801
2798
2800
2819
2799
2802
2800
2801
2803
2819
2821
2804
2816
2818
2805
2813
2815
2806
2810
2812
2807
2809
2808
2812
2809
2811
2828
2810
2825
2811
2815
2824
2812
2814
2833
2813
2814
2818
2815
2817
2834
2816
2823
2817
2821
2822
2818
2820
2839
2819
2820
2821
2823
2837
2839
2824
2834
2836
2825
2831
2833
2828
2830
2827
2830
2844
2829
2847
2829
2833
2830
2832
2848
2831
2843
2832
2836
2842
2833
2835
2853
2834
2835
2839
2836
2838
2854
2837
2841
2838
2840
2839
2857
2841
2857
2842
2854
2856
2843
2851
2853
2844
2848
2850
2845
2847
2846
2850
2861
2847
2849
2868
2848
2849
2853
2850
2852
2869
2851
2860
2852
2856
2859
2853
2855
2874
2854
2855
2857
2856
2875
2858
2859
2875
2877
2860
2872
2874
2861
2869
2871
2862
2866
2868
2863
2865
2864
2868
2865
2867
2883
2866
2882
2867
2871
2881
2868
2870
2888
2869
2870
2874
2871
2873
2889
2872
2880
2873
2877
2879
2874
2876
2894
2875
2876
2877
2895
2878
2879
2895
2880
2892
2894
2881
2889
2891
2882
2886
2888
2883
2885
2884
2888
2885
2887
2904
2886
2899
2887
2891
2898
2888
2890
2909
2889
2890
2894
2891
2893
2910
2892
2897
2893
2896
2894
2915
2895
2897
2913
2915
2898
2910
2912
2899
2907
2909
2900
2904
2906
2901
2903
2902
2906
2920
2903
2905
2923
2904
2905
2909
2906
2908
2924
2907
2919
2908
2912
2918
2909
2911
2929
2910
2911
2915
2912
2914
2930
2913
2917
2914
2916
2915
2935
2917
2933
2935
2918
2930
2932
2919
2927
2929
2920
2924
2926
2921
2923
2922
2926
2940
2923
2925
2943
2924
2925
2929
2926
2928
2944
2927
2939
2928
2932
2938
2929
2931
2949
2930
2931
2935
2932
2934
2950
2933
2937
2934
2936
2935
2955
2937
2953
2955
2938
2950
2952
2939
2947
2949
2940
2944
2946
2941
2943
2942
2946
2960
2943
2945
2963
2944
2945
2949
2946
2948
2964
2947
2959
2948
2952
2958
2949
2951
2969
2950
2951
2955
2952
2954
2970
2953
2957
2954
2956
2955
2973
2957
2973
2958
2970
2972
2959
2967
2969
2960
2964
2966
2961
2963
2962
2966
4429
2963
2965
4432
2964
2965
2969
2966
2968
4433
2967
4434
2968
2972
4437
2969
2971
4438
2970
2971
2973
2972
4481
4477
2975
3626
2976
3623
3625
2977
3580
3610
2978
3581
3589
2979
3564
3590
3565
3591
2981
2985
3038
3090
2984
3032
2983
2985
2999
3040
2984
2988
2985
2987
3031
2986
3041
3089
2987
2999
3003
3044
3088
2988
3002
3030
2989
2999
3001
2990
2996
2998
2993
2995
2992
2995
3009
2994
3018
3048
2994
2998
3047
2995
2997
3019
3052
2996
3008
2997
3001
3007
2998
3000
3024
3053
2999
3046
3000
3045
3001
3003
3025
3058
3002
3006
3003
3005
3029
3004
3059
3087
3005
3025
3062
3086
3006
3028
3007
3025
3027
3008
3022
3024
3009
3019
3021
3010
3016
3018
3013
3015
3012
3015
3562
3014
3068
3565
3014
3018
3067
3015
3017
3072
3566
3016
3561
3017
3021
3560
3018
3020
3073
3571
3019
3066
3020
3024
3065
3021
3023
3078
3572
3022
3559
3023
3027
3558
3024
3026
3079
3575
3025
3064
3026
3063
3027
3084
3029
3086
3030
3087
3113
3031
3088
3112
3032
3089
3093
3090
3092
3034
3091
3103
3162
3092
3098
3036
3101
3103
3182
3098
3100
3038
3042
3211
3041
3161
3040
3042
3056
3041
3045
3042
3044
3160
3043
3210
3044
3056
3060
3230
3045
3059
3159
3046
3056
3058
3047
3053
3055
3050
3052
3049
3052
3066
3051
3075
3051
3055
3052
3054
3076
3053
3065
3054
3058
3064
3055
3057
3081
3056
3057
3058
3060
3082
3059
3063
3060
3062
3158
3061
3231
3062
3082
3233
3063
3085
3064
3082
3084
3065
3079
3081
3066
3076
3078
3067
3073
3075
3070
3072
3069
3072
3592
3071
3597
3071
3075
3072
3074
3598
3073
3599
3074
3078
3602
3075
3077
3603
3076
3077
3081
3078
3080
3621
3079
3618
3080
3084
3619
3081
3083
3620
3082
3083
3084
3086
3158
3233
3087
3088
3114
3158
3089
3115
3159
3090
3094
3160
3091
3161
3092
3094
3104
3207
3093
3097
3094
3096
3112
3095
3115
3208
3096
3104
3108
3116
3215
3097
3107
3111
3098
3104
3106
3099
3103
3100
3102
3106
3119
3101
3120
3102
3140
3181
3103
3105
3139
3184
3104
3183
3105
3206
3106
3108
3154
3205
3107
3118
3108
3110
3117
3109
3153
3216
3110
3116
3226
3111
3112
3116
3113
3115
3114
3115
3157
3116
3228
3227
3118
3151
3153
3119
3150
3154
3120
3137
3139
3121
3136
3140
3125
3127
3123
3128
3132
3173
3329
3124
3131
3239
3128
3130
3126
3130
3136
3127
3129
3141
3164
3140
3165
3129
3170
3130
3132
3142
3169
3131
3135
3132
3134
3238
3133
3174
3328
3134
3142
3146
3177
3379
3135
3145
3237
3136
3142
3144
3137
3141
3138
3144
3150
3139
3141
3143
3155
3192
3140
3154
3191
3141
3180
3142
3179
3143
3178
3144
3146
3156
3197
3145
3149
3146
3148
3236
3147
3198
3378
3148
3156
3201
3149
3150
3156
3151
3155
3152
3153
3155
3222
3154
3221
3155
3204
3156
3203
3202
3158
3228
3232
3159
3231
3160
3228
3230
3161
3208
3210
3207
3211
3163
3183
3207
3186
3212
3165
3167
3169
3179
3166
3180
3167
3189
3168
3194
3169
3171
3175
3195
3170
3174
3178
3171
3173
3172
3173
3175
3404
3174
3391
3175
3177
3390
3176
3403
3177
3195
3199
3406
3178
3198
3389
3179
3195
3197
3180
3192
3194
3181
3189
3191
3182
3184
3188
3183
3187
3184
3186
3206
3185
3191
3205
3186
3188
3190
3218
3187
3213
3188
3189
3190
3194
3191
3193
3219
3192
3204
3193
3197
3203
3194
3196
3224
3195
3196
3197
3199
3225
3198
3202
3199
3201
3388
3200
3407
3201
3225
3202
3203
3225
3204
3222
3224
3205
3219
3221
3206
3216
3218
3207
3213
3215
3208
3212
3209
3215
3228
3210
3212
3214
3229
3211
3230
3212
3213
3214
3218
3215
3217
3235
3216
3227
3217
3221
3226
3218
3220
3234
3219
3220
3224
3221
3223
3222
3223
3224
3225
3227
3234
3228
3235
3229
3230
3232
3235
3231
3232
3233
3235
3237
3376
3378
3238
3375
3379
3239
3326
3328
3325
3329
3241
3243
3245
3263
3242
3264
3243
3287
3466
3244
3292
3469
3245
3247
3293
3471
3246
3262
3247
3249
3261
3248
3298
3470
3249
3251
3299
3507
3250
3260
3251
3253
3259
3252
3304
3508
3253
3255
3305
3519
3254
3258
3255
3257
3520
3256
3523
3549
3257
3305
3309
3524
3548
3258
3308
3525
3259
3305
3307
3260
3302
3304
3261
3299
3301
3262
3296
3298
3263
3293
3295
3264
3290
3292
3265
3287
3289
3266
3284
3286
3267
3281
3283
3268
3278
3280
3275
3277
3270
3272
3325
3271
3330
3392
3272
3274
3331
3394
3273
3324
3274
3277
3323
3276
3336
3395
3276
3280
3424
3277
3279
3337
3423
3278
3322
3279
3283
3321
3280
3282
3342
3429
3281
3428
3282
3286
3427
3283
3285
3343
3436
3284
3320
3285
3289
3319
3286
3288
3348
3437
3287
3426
3288
3292
3465
3289
3291
3349
3464
3290
3318
3291
3295
3317
3292
3294
3354
3478
3293
3477
3294
3298
3476
3295
3297
3355
3485
3296
3316
3297
3301
3315
3298
3300
3360
3486
3299
3475
3300
3304
3506
3301
3303
3361
3505
3302
3314
3303
3307
3313
3304
3306
3366
3514
3305
3515
3306
3518
3307
3309
3367
3546
3308
3312
3309
3311
3526
3310
3531
3547
3311
3367
3532
3557
3312
3533
3313
3367
3369
3314
3364
3366
3315
3361
3363
3316
3358
3360
3317
3355
3357
3318
3352
3354
3319
3349
3351
3320
3346
3348
3321
3343
3345
3322
3340
3342
3323
3337
3339
3324
3334
3336
3325
3331
3333
3326
3330
3327
3333
3375
3328
3330
3332
3380
3401
3329
3379
3390
3330
3391
3331
3400
3332
3336
3399
3333
3335
3381
3414
3334
3374
3335
3339
3373
3336
3338
3384
3415
3337
3416
3338
3342
3422
3339
3341
3385
3421
3340
3372
3341
3345
3371
3342
3344
3386
3443
3343
3442
3344
3348
3441
3345
3347
3387
3449
3346
3370
3347
3351
3348
3350
3450
3349
3440
3350
3354
3463
3351
3353
3462
3352
3353
3357
3354
3356
3492
3355
3491
3356
3360
3490
3357
3359
3499
3358
3359
3363
3360
3362
3500
3361
3489
3362
3366
3504
3363
3365
3503
3364
3365
3369
3366
3368
3538
3367
3539
3368
3545
3369
3544
3371
3387
3372
3386
3373
3385
3374
3384
3375
3381
3383
3376
3380
3377
3383
3378
3380
3382
3409
3379
3388
3380
3389
3381
3410
3382
3384
3413
3383
3456
3385
3455
3386
3454
3387
3453
3452
3389
3407
3409
3390
3406
3410
3391
3401
3403
3400
3404
3393
3394
3400
3397
3405
3395
3397
3399
3396
3416
3423
3397
3417
3431
3398
3399
3405
3417
3419
3400
3414
3416
3401
3405
3402
3410
3414
3403
3405
3411
3419
3404
3406
3405
3407
3411
3408
3409
3411
3457
3410
3456
3411
3413
3412
3413
3419
3457
3458
3414
3455
3456
3415
3419
3416
3418
3421
3455
3417
3422
3418
3446
3419
3420
3458
3421
3444
3446
3459
3422
3443
3454
3423
3442
3446
3424
3429
3431
3428
3432
3426
3434
3438
3481
3427
3437
3465
3428
3434
3436
3429
3433
3430
3436
3442
3431
3433
3435
3445
3432
3446
3433
3434
3435
3436
3438
3447
3437
3441
3438
3440
3464
3439
3480
3440
3447
3451
3495
3441
3450
3463
3442
3447
3449
3443
3445
3444
3449
3453
3445
3448
3460
3446
3447
3448
3449
3451
3461
3450
3452
3451
3462
3494
3453
3461
3454
3460
3455
3459
3458
3457
3459
3460
3461
3463
3492
3494
3464
3491
3495
3465
3478
3480
3466
3477
3481
3467
3469
3468
3481
3469
3472
3482
3471
3477
3471
3473
3475
3507
3472
3476
3473
3483
3474
3510
3475
3483
3487
3511
3476
3486
3506
3477
3483
3485
3478
3482
3479
3485
3491
3480
3482
3484
3496
3481
3495
3482
3483
3484
3485
3487
3497
3486
3490
3487
3489
3505
3488
3512
3489
3497
3501
3541
3490
3500
3504
3491
3497
3499
3492
3496
3493
3499
3494
3496
3498
3495
3496
3497
3498
3499
3501
3500
3501
3503
3502
3503
3541
3542
3504
3538
3505
3539
3541
3506
3512
3514
3507
3511
3515
3508
3510
3509
3515
3519
3510
3516
3550
3511
3512
3516
3513
3541
3514
3516
3540
3554
3515
3539
3546
3516
3518
3517
3518
3550
3552
3554
3519
3546
3548
3549
3550
3521
3523
3525
3522
3528
3634
3523
3529
3637
3638
3524
3639
3525
3529
3531
3757
3526
3528
3527
3531
3533
3528
3530
3535
3632
3529
3633
3530
3663
3758
3531
3536
3662
3759
3532
3756
3533
3536
3755
3535
3535
3537
3630
3536
3631
3537
3701
3754
3700
3786
3539
3542
3544
3540
3545
3541
3542
3555
3543
3544
3555
3545
3546
3555
3557
3547
3554
3548
3553
3557
3756
3549
3552
3757
3551
3639
3551
3552
3640
3553
3762
3554
3556
3761
3555
3556
3557
3785
3755
3559
3575
3560
3572
3574
3561
3569
3571
3562
3566
3568
3563
3565
3564
3568
3578
3565
3567
3581
3593
3566
3592
3567
3571
3599
3568
3570
3582
3600
3569
3577
3570
3574
3576
3571
3573
3585
3601
3572
3602
3573
3575
3618
3574
3617
3619
3577
3585
3578
3582
3584
3579
3581
3580
3584
3622
3581
3583
3611
3623
3582
3588
3583
3585
3587
3584
3614
3586
3587
3601
3615
3588
3600
3606
3614
3589
3593
3607
3611
3590
3608
3610
3591
3593
3595
3592
3596
3593
3597
3599
3594
3600
3595
3597
3605
3607
3596
3608
3597
3598
3599
3603
3605
3600
3602
3601
3605
3602
3604
3617
3603
3618
3604
3621
3605
3615
3616
3606
3607
3613
3615
3608
3612
3609
3610
3612
3628
3611
3625
3612
3614
3624
3613
3629
3614
3617
3621
3618
3619
3621
3620
3621
3623
3624
3625
3629
3626
3628
3627
3628
3629
3631
3698
3700
3632
3697
3701
3633
3660
3662
3634
3659
3663
3635
3637
3636
3643
3659
3637
3644
3664
3767
3663
3766
3639
3641
3758
3766
3640
3757
3641
3762
3763
3769
3643
3645
3647
3657
3644
3658
3645
3665
3770
3646
3670
3771
3647
3649
3671
3807
3648
3656
3649
3655
3676
3808
3651
3683
3687
4771
3652
3686
3653
3683
3685
3654
3680
3682
3655
3677
3679
3656
3674
3676
3657
3671
3673
3658
3668
3670
3659
3665
3667
3660
3664
3661
3667
3697
3662
3664
3666
3702
3777
3663
3701
3778
3664
3765
3665
3776
3666
3670
3775
3667
3669
3703
3799
3668
3696
3669
3673
3695
3670
3672
3708
3800
3671
3801
3672
3676
3806
3673
3675
3709
3805
3674
3694
3675
3679
3693
3676
3678
3714
3813
3677
3812
3678
3682
4758
3679
3681
3715
4757
3680
3692
3681
3685
3691
3682
3684
3720
4762
3683
4761
3684
4760
3685
3687
3721
4769
3686
3690
3687
3689
3729
3688
3732
4770
3689
3721
3725
3742
3744
3690
3724
3728
3691
3721
3723
3692
3718
3720
3693
3715
3717
3694
3712
3714
3695
3709
3711
3696
3706
3708
3697
3703
3705
3698
3702
3699
3705
3700
3702
3704
3790
3701
3789
3702
3753
3703
3752
3704
3708
3751
3705
3707
3793
3706
3707
3711
3708
3710
3794
3709
3750
3710
3714
3749
3711
3713
3818
3712
3713
3717
3714
3716
3819
3715
3748
3716
3720
3747
3717
3719
4751
3718
3719
3723
3821
3720
3722
3822
4752
3721
3746
3722
3745
3723
3725
3823
4777
3724
3824
3725
3727
3825
3726
3826
4776
3727
3740
3742
4789
4807
3728
3739
4785
3729
3738
3742
3730
3732
3731
3734
3738
3732
3733
3741
4800
3742
4801
3734
4797
4814
3737
3736
4795
4797
4813
4822
3737
4794
4817
3738
4793
4797
3739
3741
3740
4786
4793
3741
4790
4796
4808
3742
4797
4799
3743
3744
4799
4801
4805
4807
3745
4770
4774
4776
3746
4767
4769
4777
3747
4752
4762
4766
3748
4751
4755
4757
3749
3813
3815
3819
3750
3805
3816
3818
3751
3794
3796
3800
3752
3793
3797
3799
3753
3777
3782
3790
3754
3778
3783
3789
3755
3759
3784
3786
3756
3785
3757
3759
3761
3758
3762
3759
3763
3765
3760
3778
3761
3763
3779
3784
3762
3785
3763
3764
3765
3769
3779
3781
3766
3776
3778
3767
3769
3768
3770
3776
3769
3773
3781
3771
3773
3775
3772
3801
3807
3773
3802
3809
3774
3775
3781
3798
3802
3776
3799
3801
3777
3781
3778
3780
3799
3779
3780
3783
3781
3782
3798
3783
3791
3797
3784
3788
3785
3787
3787
3789
3788
3789
3791
3790
3791
3793
3792
3793
3795
3797
3794
3795
3818
3796
3817
3797
3803
3816
3798
3799
3803
3800
3801
3803
3805
3802
3806
3803
7223
3804
3805
3814
3816
7223
3806
3813
3807
3812
7223
3808
3809
3810
3812
3810
7223
3811
3812
3814
4765
7223
3813
4758
3814
4757
3815
4756
3816
3820
4755
3817
3818
3820
3819
3820
4751
4754
3822
3824
3823
4781
3824
3826
4780
3825
3826
4785
4783
4789
3828
3840
3842
3829
3837
3839
3830
3834
3836
3831
3833
3832
3836
3849
3833
3835
3852
4430
3834
4429
3835
3839
4434
3836
3838
3853
4435
3837
3848
3838
3842
3847
3839
3841
3858
4436
3840
4437
3841
4477
3842
3844
3859
4476
3843
3846
3844
3845
3864
4478
3846
3862
3864
3847
3859
3861
3848
3856
3858
3849
3853
3855
3850
3852
3851
3855
3869
3852
3854
3872
4444
3853
4443
3854
3858
4442
3855
3857
3873
4460
3856
3868
3857
3861
3867
3858
3860
3878
4461
3859
4462
3860
3864
4475
3861
3863
3879
4474
3862
3866
3863
3865
3864
3884
4483
4482
3866
3882
3884
3867
3879
3881
3868
3876
3878
3869
3873
3875
3870
3872
3871
3875
3889
3872
3874
3892
4449
3873
4448
3874
3878
4459
3875
3877
3893
4458
3876
3888
3877
3881
3887
3878
3880
3898
4469
3879
4470
3880
3884
4473
3881
3883
3899
4491
3882
3886
3883
3885
3884
3904
4490
4489
3886
3902
3904
3887
3899
3901
3888
3896
3898
3889
3893
3895
3890
3892
3891
3895
3892
3894
4453
3893
4452
3894
3898
4457
3895
3897
3909
4456
3896
3908
3897
3901
3907
3898
3900
3914
4498
3899
4497
3900
3904
4496
3901
3903
3915
4504
3902
3906
3903
3905
3904
3920
4505
4495
3906
3918
3920
3907
3915
3917
3908
3912
3914
3909
3911
3910
3914
4511
3911
3913
3928
4514
3912
3927
3913
3917
3926
3914
3916
3933
4515
3915
4510
3916
3920
4509
3917
3919
3934
4520
3918
3925
3919
3922
3924
3920
3921
3939
4521
4508
3922
3940
4568
3923
3924
3940
3942
3925
3937
3939
3926
3934
3936
3927
3931
3933
3928
3930
3929
3933
4527
3930
3932
4530
3931
3932
3936
3946
3933
3935
3949
4531
3934
4526
3935
3939
4525
3936
3938
3950
4536
3937
3945
3938
3942
3944
3939
3941
3955
4537
3940
4524
3941
4567
3942
3956
4566
3943
3944
3956
3958
3945
3953
3955
3946
3950
3952
3947
3949
3948
3952
3965
3949
3951
3966
4543
3950
4542
3951
3955
4541
3952
3954
3967
4548
3953
3964
3954
3958
3963
3955
3957
3972
4549
3956
4540
3957
4565
3958
3960
3973
4564
3959
3962
3960
3961
3978
4572
3962
3976
3978
3963
3973
3975
3964
3970
3972
3965
3967
3969
3966
3967
4554
3968
3972
4553
3969
3971
3984
4558
3970
3983
3971
3975
3982
3972
3974
3989
4559
3973
4552
3974
3978
4563
3975
3977
3990
4562
3976
3981
3977
3980
3978
3995
4577
4576
3980
3996
3998
3981
3993
3995
3982
3990
3992
3983
3987
3989
3984
3986
3985
3989
4585
3986
3988
4588
3987
3988
3992
4003
3989
3991
4006
4589
3990
4584
3991
3995
4583
3992
3994
4007
4594
3993
4002
3994
3998
4001
3995
3997
4012
4595
3996
4582
3997
4581
3998
4013
4600
4000
4000
4016
4018
4001
4013
4015
4002
4010
4012
4003
4007
4009
4004
4006
4005
4009
4006
4008
4606
4007
4605
4008
4012
4604
4009
4011
4024
4611
4010
4023
4011
4015
4022
4012
4014
4029
4612
4013
4603
4014
4018
4602
4015
4017
4030
4617
4016
4021
4017
4020
4018
4035
4618
4601
4020
4036
4038
4021
4033
4035
4022
4030
4032
4023
4027
4029
4024
4026
4025
4029
4625
4026
4028
4628
4027
4028
4032
4043
4029
4031
4044
4629
4030
4624
4031
4035
4623
4032
4034
4045
4634
4033
4042
4034
4038
4041
4035
4037
4050
4635
4036
4622
4037
4621
4038
4051
4640
4040
4040
4054
4056
4041
4051
4053
4042
4048
4050
4043
4045
4047
4044
4045
4645
4046
4050
4644
4047
4049
4064
4649
4048
4063
4049
4053
4062
4050
4052
4067
4650
4051
4643
4052
4056
4642
4053
4055
4068
4655
4054
4061
4055
4058
4060
4056
4057
4073
4656
4641
4058
4074
4660
4059
4060
4074
4076
4061
4071
4073
4062
4068
4070
4063
4065
4067
4064
4067
4665
4066
4070
4067
4069
4667
4068
4664
4069
4073
4663
4070
4072
4084
4672
4071
4083
4072
4076
4082
4073
4075
4089
4673
4074
4662
4075
4661
4076
4078
4090
4678
4077
4081
4078
4080
4095
4679
4080
4096
4098
4081
4093
4095
4082
4090
4092
4083
4087
4089
4084
4086
4085
4089
4685
4086
4088
4688
4087
4088
4092
4106
4089
4091
4107
4689
4090
4684
4091
4095
4683
4092
4094
4108
4694
4093
4105
4094
4098
4104
4095
4097
4113
4695
4096
4682
4097
4714
4098
4100
4114
4713
4099
4103
4100
4102
4119
4715
4102
4120
4122
4103
4117
4119
4104
4114
4116
4105
4111
4113
4106
4108
4110
4107
4108
4700
4109
4113
4699
4110
4112
4704
4111
4112
4116
4130
4113
4115
4131
4705
4114
4698
4115
4119
4712
4116
4118
4132
4711
4117
4129
4118
4122
4128
4119
4121
4137
4721
4120
4720
4121
4719
4122
4124
4138
4728
4123
4127
4124
4126
4143
4729
4126
4144
4146
4127
4141
4143
4128
4138
4140
4129
4135
4137
4130
4132
4134
4131
4132
4708
4133
4137
4710
4134
4136
4709
4135
4136
4140
4154
4137
4139
4155
4735
4138
4734
4139
4143
4733
4140
4142
4156
4742
4141
4153
4142
4146
4152
4143
4145
4161
4743
4144
4732
4145
4731
4146
4148
4162
4748
4147
4151
4148
4150
4167
4749
4150
4168
4170
4151
4165
4167
4152
4162
4164
4153
4159
4161
4154
4156
4158
4155
4156
5604
4157
4161
5603
4158
4160
5608
4159
4160
4164
4181
4161
4163
4182
5609
4162
5602
4163
4167
5601
4164
4166
4183
5614
4165
4180
4166
4170
4179
4167
4169
4188
5615
4168
5600
4169
5599
4170
4172
4189
5620
4171
4178
4172
4174
4177
4173
4194
5621
4174
4195
5624
4176
4176
4198
4200
4177
4195
4197
4178
4192
4194
4179
4189
4191
4180
4186
4188
4181
4183
4185
4182
4183
5631
4184
4188
5630
4185
4187
5635
4186
4187
4191
4188
4190
5636
4189
5629
4190
4194
5628
4191
4193
4213
5641
4192
4212
4193
4197
4211
4194
4196
4216
5642
4195
5627
4196
4200
5626
4197
4199
4217
5647
4198
4210
4199
4202
4209
4200
4201
4222
5648
5625
4202
4204
4223
5652
4203
4208
4204
4207
4228
5653
4206
4232
4234
4207
4229
4231
4208
4226
4228
4209
4223
4225
4210
4220
4222
4211
4217
4219
4212
4214
4216
4213
4216
5662
4215
4219
4216
4218
5664
4217
5661
4218
4222
5660
4219
4221
5669
4220
4221
4225
4248
4222
4224
4249
5670
4223
5659
4224
4228
5658
4225
4227
4250
5675
4226
4247
4227
4231
4246
4228
4230
4255
5676
4229
5657
4230
4234
5656
4231
4233
4256
5681
4232
4245
4233
4236
4244
4234
4235
4261
5682
5655
4236
4238
4262
5686
4237
4243
4238
4242
4267
5687
4240
4274
4276
4241
4271
4273
4242
4268
4270
4243
4265
4267
4244
4262
4264
4245
4259
4261
4246
4256
4258
4247
4253
4255
4248
4250
4252
4249
4250
5698
4251
4255
5697
4252
4254
5702
4253
4254
4258
4255
4257
5703
4256
5696
4257
4261
5695
4258
4260
4304
5708
4259
4303
4260
4264
4302
4261
4263
4305
5709
4262
5694
4263
4267
5693
4264
4266
4306
5714
4265
4301
4266
4270
4300
4267
4269
4311
5715
4268
5692
4269
4273
5691
4270
4272
4312
5720
4271
4299
4272
4276
4298
4273
4275
4317
5721
4274
5690
4275
5689
4276
4278
4318
5726
4277
4297
4278
4280
4296
4279
4323
5727
4280
4282
4324
5730
4281
4295
4282
4284
4294
4283
4329
5731
4284
4330
5734
4293
4286
4354
4356
4287
4351
4353
4288
4348
4350
4289
4345
4347
4290
4342
4344
4291
4339
4341
4292
4336
4338
4293
4333
4335
4294
4330
4332
4295
4327
4329
4296
4324
4326
4297
4321
4323
4298
4318
4320
4299
4315
4317
4300
4312
4314
4301
4309
4311
4302
4306
4308
4303
4305
4304
4305
5753
4306
5752
4307
4311
5751
4308
4310
5758
4309
4310
4314
4311
4313
5759
4312
5750
4313
4317
5749
4314
4316
5764
4315
4316
4320
4374
4317
4319
4375
5765
4318
5748
4319
4323
5747
4320
4322
4376
5770
4321
4373
4322
4326
4372
4323
4325
4377
5771
4324
5746
4325
4329
5745
4326
4328
4378
5776
4327
4371
4328
4332
4370
4329
4331
4383
5777
4330
5744
4331
4335
5743
4332
4334
4384
5782
4333
4369
4334
4338
4368
4335
4337
4389
5783
4336
5742
4337
4341
5741
4338
4340
4390
5788
4339
4367
4340
4344
4366
4341
4343
4395
5789
4342
5740
4343
4347
5739
4344
4346
4396
5794
4345
4365
4346
4350
4364
4347
4349
4401
5795
4348
5738
4349
4353
5737
4350
4352
4402
5800
4351
4363
4352
4356
4362
4353
4355
4407
5801
4354
5736
4355
5735
4356
4358
4408
5806
4357
4361
4358
4360
5148
4359
5807
5882
4360
4408
4412
5810
5881
4361
4411
5147
4362
4408
4410
4363
4405
4407
4364
4402
4404
4365
4399
4401
4366
4396
4398
4367
4393
4395
4368
4390
4392
4369
4387
4389
4370
4384
4386
4371
4381
4383
4372
4378
4380
4373
4377
4374
4376
4375
4376
5824
4377
5823
4378
5822
4379
4383
5821
4380
4382
5830
4381
4382
4386
4383
4385
5831
4384
5820
4385
4389
5819
4386
4388
5836
4387
4388
4392
4389
4391
5837
4390
5818
4391
4395
5817
4392
4394
4422
5842
4393
4421
4394
4398
4420
4395
4397
4423
5843
4396
5816
4397
4401
5815
4398
4400
4424
5848
4399
4419
4400
4404
4418
4401
4403
4425
5849
4402
5814
4403
4407
5813
4404
4406
4426
5854
4405
4417
4406
4410
4416
4407
4409
4427
5855
4408
5812
4409
5811
4410
4412
4428
5860
4411
4415
4412
4414
5146
4413
5861
5880
4414
4428
5864
5879
4415
5145
4416
4428
4417
4427
4418
4426
4419
4425
4420
4424
4421
4423
4422
4423
5871
4424
5870
4425
5869
4426
5868
4427
5867
4428
5866
5865
4430
4432
4434
4431
4435
4443
4432
4440
4446
4433
4434
4438
4440
4435
4437
4436
4440
4442
4437
4439
4462
4476
4438
4477
4439
4481
4440
4463
4480
4441
4442
4446
4463
4465
4443
4460
4462
4444
4446
4445
4448
4460
4446
4447
4465
4448
4450
4466
4449
4459
4450
4452
4458
4451
4467
4452
4454
4501
4453
4457
4454
4456
4455
4456
4499
4501
4512
4457
4498
4511
4458
4497
4501
4459
4467
4469
4460
4466
4470
4461
4465
4462
4464
4470
4474
4463
4475
4464
4486
4465
4471
4485
4466
4467
4471
4468
4501
4469
4471
4492
4500
4470
4491
4497
4471
4473
4472
4473
4485
4488
4492
4474
4489
4491
4475
4483
4485
4476
4482
4486
4477
4478
4480
4481
4479
4482
4480
4487
4481
4486
4483
4487
4484
4489
4485
4487
4488
4486
4487
4489
4493
4490
4491
4493
4495
4492
4496
4493
4502
4494
4495
4502
4506
4496
4505
4497
4502
4504
4498
4500
4499
4504
4510
4500
4503
4517
4501
4502
4503
4504
4506
4518
4505
4509
4506
4508
4507
4508
4518
4522
4509
4521
4510
4518
4520
4511
4515
4517
4512
4514
4513
4517
4514
4516
4528
4515
4527
4516
4520
4526
4517
4519
4533
4518
4519
4520
4522
4534
4521
4525
4522
4524
4568
4523
4569
4524
4534
4538
4571
4525
4537
4567
4526
4534
4536
4527
4531
4533
4528
4530
4529
4533
4530
4532
4531
4532
4536
4542
4533
4535
4545
4534
4535
4536
4538
4546
4537
4541
4538
4540
4566
4539
4570
4540
4546
4550
4575
4541
4549
4565
4542
4546
4548
4543
4545
4544
4548
4554
4545
4547
4555
4546
4547
4548
4550
4556
4549
4553
4550
4552
4564
4551
4574
4552
4556
4560
4580
4553
4559
4563
4554
4556
4558
4555
4556
4557
4558
4560
4586
4559
4585
4560
4562
4584
4561
4591
4562
4578
4580
4592
4563
4577
4583
4564
4576
4580
4565
4572
4574
4566
4575
4567
4570
4568
4571
4569
4571
4571
4575
4573
4576
4574
4579
4575
4580
4577
4579
4578
4582
4579
4597
4580
4582
4598
4600
4583
4595
4597
4584
4592
4594
4585
4589
4591
4586
4588
4587
4591
4588
4590
4589
4590
4594
4605
4591
4593
4608
4592
4593
4597
4594
4596
4609
4595
4604
4596
4600
4603
4597
4599
4614
4598
4599
4600
4615
4602
4602
4618
4620
4603
4615
4617
4604
4612
4614
4605
4609
4611
4606
4608
4607
4611
4608
4610
4609
4610
4614
4611
4613
4626
4612
4625
4613
4617
4624
4614
4616
4631
4615
4616
4620
4617
4619
4632
4618
4623
4619
4622
4620
4637
4622
4638
4640
4623
4635
4637
4624
4632
4634
4625
4629
4631
4626
4628
4627
4631
4628
4630
4629
4630
4634
4645
4631
4633
4646
4632
4633
4637
4634
4636
4647
4635
4644
4636
4640
4643
4637
4639
4652
4638
4639
4640
4653
4642
4642
4656
4658
4643
4653
4655
4644
4650
4652
4645
4647
4649
4646
4647
4648
4652
4649
4651
4666
4650
4665
4651
4655
4664
4652
4654
4669
4653
4654
4658
4655
4657
4670
4656
4663
4657
4660
4662
4658
4659
4675
4660
4676
4661
4662
4676
4678
4663
4673
4675
4664
4670
4672
4665
4667
4669
4666
4669
4668
4672
4669
4671
4670
4671
4675
4672
4674
4686
4673
4685
4674
4678
4684
4675
4677
4691
4676
4677
4678
4680
4692
4679
4683
4680
4682
4681
4682
4692
4696
4718
4683
4695
4714
4684
4692
4694
4685
4689
4691
4686
4688
4687
4691
4688
4690
4689
4690
4694
4700
4691
4693
4701
4692
4693
4694
4696
4702
4695
4699
4696
4698
4713
4697
4717
4698
4702
4706
4724
4699
4705
4712
4700
4702
4704
4701
4702
4703
4704
4706
4705
4706
4708
4711
4707
4723
4708
4738
4710
4710
4735
4737
4711
4734
4738
4712
4721
4723
4713
4720
4724
4714
4715
4717
4718
4716
4720
4717
4725
4718
4724
4720
4726
4728
4721
4725
4722
4728
4734
4723
4725
4727
4739
4724
4738
4725
4726
4727
4728
4730
4740
4729
4733
4730
4732
4745
4732
4746
4748
4733
4743
4745
4734
4740
4742
4735
4739
4736
4742
5604
4737
4739
4741
5605
4738
4739
4740
4741
4745
4742
4744
5606
4743
5603
4744
4748
5602
4745
4747
5611
4746
4747
4748
4750
5612
4749
5601
4750
5600
5617
4752
4754
4753
4777
4781
4754
4766
4778
4782
4755
4756
4766
4757
4763
4765
4758
4762
4761
4765
4760
4764
4768
4772
4761
4769
4771
4762
4764
4763
4769
4764
4766
4768
4765
4767
4768
4774
4778
4769
4773
4770
4771
4773
4801
4772
4773
4774
4802
4775
4805
4776
4778
4784
4806
4777
4783
4807
4778
4780
4779
4780
4782
4784
4781
4783
4782
4784
4932
4935
4786
4789
4787
4790
4792
4788
4836
4790
4837
4931
4790
4932
4791
4933
4792
4796
4837
4839
4938
4793
4834
4836
4794
4796
4795
4818
4834
4796
4812
4821
4839
4797
4811
4798
4799
4811
4813
4814
4947
4800
4804
4808
4801
4803
4814
4802
4803
4805
4804
4815
4805
4809
4947
4806
4807
4809
4935
4808
4932
4809
4811
4933
4810
4934
4811
4943
4945
4947
4812
4938
4813
4939
4945
4953
4946
4949
4815
4947
4817
4819
4823
4818
4822
4819
4821
4833
4820
4825
4832
4821
4823
4824
4845
4952
4822
4840
4953
4823
4949
4951
4825
4827
4846
4957
4826
4831
4827
4830
4851
4958
4829
4855
4857
4830
4852
4854
4831
4849
4851
4832
4846
4848
4833
4843
4845
4834
4840
4842
4835
4839
4836
4838
4842
4837
4838
4937
4839
4841
4940
4840
4939
4841
4845
4965
4842
4844
4869
4966
4843
4868
4844
4848
4867
4845
4847
4870
4967
4846
4964
4847
4851
4963
4848
4850
4871
4974
4849
4866
4850
4854
4865
4851
4853
4876
4975
4852
4962
4853
4857
4961
4854
4856
4877
4980
4855
4864
4856
4859
4863
4857
4858
4882
4981
4960
4859
4883
4985
4862
4861
4889
4891
4862
4886
4888
4863
4883
4885
4864
4880
4882
4865
4877
4879
4866
4874
4876
4867
4871
4873
4868
4870
4869
4870
4994
4871
4993
4872
4876
4992
4873
4875
4999
4874
4875
4879
4876
4878
5000
4877
4991
4878
4882
4990
4879
4881
4902
5005
4880
4901
4881
4885
4900
4882
4884
4903
5006
4883
4989
4884
4888
4988
4885
4887
4904
5011
4886
4899
4887
4891
4898
4888
4890
4909
5012
4889
4987
4890
5037
4891
4893
4910
5036
4892
4897
4893
4896
4915
5059
4895
4919
4921
4896
4916
4918
4897
4913
4915
4898
4910
4912
4899
4907
4909
4900
4904
4906
4901
4903
4902
4903
5018
4904
5017
4905
4909
5016
4906
4908
5023
4907
4908
4912
4930
4909
4911
5024
5028
4910
5015
4911
4915
5035
4912
4914
5032
5034
4913
4929
4914
4918
4928
4915
4917
5031
5057
4916
5058
4917
4921
5065
4918
4920
5044
5066
4919
4927
4920
4923
4926
4921
4922
5045
5067
5064
4923
5048
5093
4925
4925
5039
5049
4926
5040
5048
4927
5041
5045
4928
5042
5044
4929
5029
5031
4930
5032
5028
4933
4936
4937
4933
4935
4934
4938
4935
4936
4943
4942
4938
4940
4942
4939
4943
4940
4944
4965
4941
4966
4942
4944
4969
4943
4944
4945
4970
4946
4954
4947
4948
4949
4950
4954
4951
4953
4951
4955
4952
4953
4955
4957
4964
4954
4965
4955
4970
4956
4971
4957
4959
4972
4958
4963
4959
4962
4977
4961
4981
4983
4962
4978
4980
4963
4975
4977
4964
4972
4974
4965
4967
4971
4966
4970
4967
4969
4994
4968
4974
4993
4969
4971
4973
4996
4970
4995
4971
4972
4973
4977
4974
4976
4997
4975
4992
4976
4980
4991
4977
4979
5002
4978
4979
4983
4980
4982
5003
4981
4990
4982
4985
4989
4983
4984
5008
4985
5009
4988
4987
5009
5013
5060
4988
5012
5037
4989
5009
5011
4990
5006
5008
4991
5003
5005
4992
5000
5002
4993
4997
4999
4994
4996
4995
4996
4997
4998
5002
4999
5001
5000
5001
5005
5002
5004
5003
5004
5008
5005
5007
5019
5006
5018
5007
5011
5017
5008
5010
5020
5009
5010
5011
5013
5021
5012
5016
5013
5015
5036
5014
5061
5015
5021
5025
5072
5016
5024
5035
5017
5021
5023
5018
5020
5019
5020
5021
5022
5023
5025
5024
5025
5027
5034
5026
5071
5027
5075
5028
5033
5032
5030
5042
5031
5043
5082
5032
5044
5056
5033
5034
5056
5075
5035
5057
5071
5036
5058
5072
5037
5059
5061
5060
5039
5051
5138
5040
5050
5105
5041
5047
5102
5042
5046
5079
5043
5077
5044
5046
5076
5087
5045
5055
5046
5048
5054
5047
5080
5088
5048
5050
5097
5101
5049
5053
5050
5052
5051
5096
5106
5143
5167
5053
5094
5096
5054
5091
5093
5097
5055
5067
5088
5090
5056
5066
5085
5087
5057
5082
5084
5058
5066
5070
5059
5065
5073
5062
5061
5062
5072
5073
5064
5068
5074
5065
5067
5066
5074
5067
5069
5068
5093
5069
5090
5092
5070
5074
5085
5071
5073
5084
5072
5075
5073
5074
5084
5077
5080
5115
5079
5079
5081
5103
5080
5102
5081
5101
5116
5108
5117
5083
5087
5084
5086
5085
5086
5090
5087
5089
5119
5088
5115
5089
5097
5116
5090
5098
5120
5091
5092
5094
5098
5093
5095
5096
5098
5125
5168
5097
5124
5167
5098
5100
5099
5100
5120
5125
5127
5101
5116
5122
5124
5102
5106
5108
5103
5105
5104
5108
5110
5105
5107
5112
5137
5106
5138
5107
5124
5143
5108
5113
5123
5142
5109
5122
5110
5113
5121
5112
5112
5114
5150
5113
5136
5114
5131
5135
5130
5155
5116
5119
5117
5120
5118
5122
5120
5127
5120
5122
5128
5131
5123
5127
5124
5126
5131
5172
5125
5171
5126
5176
5127
5132
5175
5128
5132
5130
5132
5181
5131
5180
5132
5134
5133
5134
5175
5177
5181
5135
5172
5178
5180
5136
5142
5153
5155
5137
5150
5152
5138
5140
5142
5139
5143
5140
5144
5141
5152
5165
5142
5144
5153
5166
5173
5143
5172
5144
5171
5170
5146
5879
6465
5147
5880
6423
5148
5881
6422
5882
6356
5150
5156
5159
5151
5155
5152
5154
5159
5163
5153
5164
5154
5178
5196
5155
5160
5179
5197
5156
5180
5160
5185
5158
5160
5187
5209
5159
5190
5160
5162
5161
5184
5162
5197
5209
5230
5471
5163
5190
5192
5164
5193
5197
5165
5194
5196
5166
5196
5233
5168
5171
5176
5170
5174
5176
5171
5173
5172
5176
5173
5175
5174
5178
5233
5175
5177
5234
5176
5178
5182
5460
5179
5232
5180
5182
5184
5231
5181
5185
5182
5186
5183
5459
5184
5186
5188
5458
5185
5187
5230
5186
5188
5229
5457
5190
5210
5213
5191
5209
5192
5204
5208
5213
5193
5203
5471
5194
5198
5200
5195
5196
5198
5462
5197
5232
5198
5231
5199
5463
5471
5200
5466
5470
5203
5202
5206
5468
5470
5203
5205
5204
5470
5205
5207
5216
5206
5219
5207
5220
5479
5208
5215
5470
5478
5209
5214
5471
5473
5210
5229
5214
5228
5212
5214
5222
5226
5485
5213
5217
5225
5214
5216
5215
5484
5216
5220
5222
5483
5217
5219
5218
5222
5224
5219
5221
5236
5243
5220
5235
5221
5240
5482
5222
5239
5248
5491
5223
5490
5224
5226
5246
5248
5502
5225
5243
5245
5226
5227
5485
5502
5507
5229
5456
5484
5230
5457
5473
5231
5458
5472
5232
5459
5463
5233
5460
5462
5234
5460
5236
5240
5237
5239
5242
5238
5241
5239
5254
5496
5240
5249
5494
5495
5242
5252
5254
5243
5249
5251
5244
5248
5245
5247
5251
5261
5246
5247
5503
5248
5250
5264
5504
5249
5501
5250
5254
5500
5251
5253
5265
5512
5252
5260
5253
5256
5259
5254
5255
5270
5513
5499
5256
5271
5517
5258
5258
5274
5276
5259
5271
5273
5260
5268
5270
5261
5265
5267
5262
5264
5263
5267
5264
5266
5524
5265
5523
5266
5270
5522
5267
5269
5282
5529
5268
5281
5269
5273
5280
5270
5272
5287
5530
5271
5521
5272
5276
5520
5273
5275
5288
5535
5274
5279
5275
5278
5276
5293
5536
5519
5278
5294
5296
5279
5291
5293
5280
5288
5290
5281
5285
5287
5282
5284
5283
5287
5542
5284
5286
5545
5285
5286
5290
5301
5287
5289
5304
5546
5288
5541
5289
5293
5540
5290
5292
5305
5551
5291
5300
5292
5296
5299
5293
5295
5310
5552
5294
5539
5295
5570
5296
5311
5569
5298
5298
5314
5316
5299
5311
5313
5300
5308
5310
5301
5305
5307
5302
5304
5303
5307
5304
5306
5558
5305
5557
5306
5310
5556
5307
5309
5321
5563
5308
5320
5309
5313
5319
5310
5312
5326
5564
5311
5555
5312
5316
5568
5313
5315
5327
5567
5314
5318
5315
5317
5316
5332
5574
5573
5318
5330
5332
5319
5327
5329
5320
5324
5326
5321
5323
5322
5326
5581
5323
5325
5340
6479
5324
5339
5325
5329
5338
5326
5328
5343
6480
5327
5580
5328
5332
5579
5329
5331
5344
6485
5330
5337
5331
5334
5336
5332
5333
5349
6486
5578
5334
5350
6490
5335
5336
5350
5352
5337
5347
5349
5338
5344
5346
5339
5341
5343
5340
5343
6495
5342
5346
5357
5343
5345
5360
6497
5344
6494
5345
5349
6493
5346
5348
5361
6502
5347
5356
5348
5352
5355
5349
5351
5366
6503
5350
6492
5351
6491
5352
5367
6508
5354
5354
5370
5372
5355
5367
5369
5356
5364
5366
5357
5361
5363
5358
5360
5359
5363
5377
5360
5362
5378
6514
5361
6513
5362
5366
6512
5363
5365
5379
6519
5364
5376
5365
5369
5375
5366
5368
5384
6520
5367
6511
5368
5372
6510
5369
5371
5385
6525
5370
5374
5371
5373
5372
5390
6526
6509
5374
5388
5390
5375
5385
5387
5376
5382
5384
5377
5379
5381
5378
5379
6533
5380
5384
6532
5381
5383
5396
6537
5382
5395
5383
5387
5394
5384
5386
5401
6538
5385
6531
5386
5390
6530
5387
5389
5402
6543
5388
5393
5389
5392
5390
5407
6544
6529
5392
5408
5410
5393
5405
5407
5394
5402
5404
5395
5399
5401
5396
5398
5397
5401
6551
5398
5400
5416
6554
5399
5415
5400
5404
5414
5401
5403
5421
6555
5402
6550
5403
5407
6549
5404
5406
5422
6560
5405
5413
5406
5410
5412
5407
5409
5427
6561
5408
6548
5409
6547
5410
5428
6566
5411
5412
5428
5430
5413
5425
5427
5414
5422
5424
5415
5419
5421
5416
5418
5417
5421
6571
5418
5420
5436
6574
5419
5435
5420
5424
5434
5421
5423
5441
6575
5422
6570
5423
5427
6569
5424
5426
5442
6580
5425
5433
5426
5430
5432
5427
5429
5447
6581
5428
6568
5429
6567
5430
5448
6586
5431
5432
5448
5450
5433
5445
5447
5434
5442
5444
5435
5439
5441
5436
5438
5437
5441
6591
5438
5440
5582
6594
5439
5455
5440
5444
5454
5441
5443
5585
6595
5442
6590
5443
5447
6589
5444
5446
5586
6600
5445
5453
5446
5450
5452
5447
5449
5591
6601
5448
6588
5449
6587
5450
5592
6606
5451
5452
5592
5594
5453
5589
5591
5454
5586
5588
5455
5583
5585
5582
5457
5487
5458
5474
5459
5475
5460
5464
5461
5462
5464
5463
5464
5466
5472
5465
5475
5466
5476
5469
5468
5476
5480
5469
5479
5470
5472
5476
5478
5471
5472
5473
5475
5474
5478
5484
5475
5477
5487
5476
5477
5478
5480
5488
5479
5483
5480
5482
5481
5482
5488
5492
5498
5483
5491
5495
5484
5488
5490
5485
5487
5486
5490
5487
5489
5507
5488
5489
5490
5492
5508
5491
5502
5492
5494
5501
5493
5509
5494
5497
5498
5510
5495
5496
5500
5498
5497
5499
5515
5500
5513
5515
5501
5510
5512
5502
5504
5509
5503
5508
5504
5506
5505
5512
5523
5506
5509
5511
5526
5508
5508
5509
5510
5511
5515
5512
5514
5527
5513
5522
5514
5517
5521
5515
5516
5532
5517
5533
5520
5519
5533
5537
5520
5536
5521
5533
5535
5522
5530
5532
5523
5527
5529
5524
5526
5525
5529
5526
5528
5527
5528
5532
5529
5531
5543
5530
5542
5531
5535
5541
5532
5534
5548
5533
5534
5535
5537
5549
5536
5540
5537
5539
5538
5539
5549
5553
5572
5540
5552
5570
5541
5549
5551
5542
5546
5548
5543
5545
5544
5548
5545
5547
5546
5547
5551
5557
5548
5550
5560
5549
5550
5551
5553
5561
5552
5556
5553
5555
5569
5554
5571
5555
5561
5565
5577
5556
5564
5568
5557
5561
5563
5558
5560
5559
5563
5560
5562
5561
5562
5563
5565
6477
5564
5581
5565
5567
5580
5566
6482
5567
5575
5577
6483
5568
5574
5579
5569
5573
5577
5570
5571
5572
5572
5577
5574
5576
5575
5578
5576
6488
5577
5579
6486
6488
5580
6483
6485
5581
6480
6482
6477
6479
5585
6611
5584
5588
5598
5585
5587
5887
6613
5586
6610
5587
5591
6609
5588
5590
5888
6618
5589
5597
5590
5594
5596
5591
5593
5893
6619
5592
6608
5593
6607
5594
5894
6624
5595
5596
5894
5896
5597
5891
5893
5598
5888
5890
5885
5887
5600
5618
5620
5601
5615
5617
5602
5612
5614
5603
5609
5611
5604
5606
5608
5605
5606
5607
5611
5608
5610
5609
5610
5614
5631
5611
5613
5632
5612
5613
5617
5614
5616
5633
5615
5630
5616
5620
5629
5617
5619
5638
5618
5619
5620
5622
5639
5621
5628
5622
5624
5627
5623
5644
5624
5645
5626
5626
5648
5650
5627
5645
5647
5628
5642
5644
5629
5639
5641
5630
5636
5638
5631
5633
5635
5632
5633
5634
5638
5635
5637
5636
5637
5641
5638
5640
5639
5640
5644
5641
5643
5663
5642
5662
5643
5647
5661
5644
5646
5666
5645
5646
5650
5647
5649
5667
5648
5660
5649
5652
5659
5650
5651
5672
5652
5654
5673
5653
5658
5654
5657
5678
5656
5682
5684
5657
5679
5681
5658
5676
5678
5659
5673
5675
5660
5670
5672
5661
5667
5669
5662
5664
5666
5663
5666
5665
5669
5666
5668
5667
5668
5672
5669
5671
5670
5671
5675
5698
5672
5674
5699
5673
5674
5678
5675
5677
5700
5676
5697
5677
5681
5696
5678
5680
5705
5679
5680
5684
5681
5683
5706
5682
5695
5683
5686
5694
5684
5685
5711
5686
5688
5712
5687
5693
5688
5692
5717
5690
5724
5726
5691
5721
5723
5692
5718
5720
5693
5715
5717
5694
5712
5714
5695
5709
5711
5696
5706
5708
5697
5703
5705
5698
5700
5702
5699
5700
5701
5705
5702
5704
5703
5704
5708
5705
5707
5706
5707
5711
5708
5710
5754
5709
5753
5710
5714
5752
5711
5713
5755
5712
5713
5717
5714
5716
5756
5715
5751
5716
5720
5750
5717
5719
5761
5718
5719
5723
5720
5722
5762
5721
5749
5722
5726
5748
5723
5725
5767
5724
5725
5726
5728
5768
5727
5747
5728
5730
5746
5729
5773
5730
5732
5774
5731
5745
5732
5734
5744
5733
5779
5734
5780
5743
5736
5804
5806
5737
5801
5803
5738
5798
5800
5739
5795
5797
5740
5792
5794
5741
5789
5791
5742
5786
5788
5743
5783
5785
5744
5780
5782
5745
5777
5779
5746
5774
5776
5747
5771
5773
5748
5768
5770
5749
5765
5767
5750
5762
5764
5751
5759
5761
5752
5756
5758
5753
5755
5754
5755
5756
5757
5761
5758
5760
5759
5760
5764
5761
5763
5762
5763
5767
5764
5766
5765
5766
5770
5824
5767
5769
5825
5768
5769
5773
5770
5772
5826
5771
5823
5772
5776
5822
5773
5775
5827
5774
5775
5779
5776
5778
5828
5777
5821
5778
5782
5820
5779
5781
5833
5780
5781
5785
5782
5784
5834
5783
5819
5784
5788
5818
5785
5787
5839
5786
5787
5791
5788
5790
5840
5789
5817
5790
5794
5816
5791
5793
5845
5792
5793
5797
5794
5796
5846
5795
5815
5796
5800
5814
5797
5799
5851
5798
5799
5803
5800
5802
5852
5801
5813
5802
5806
5812
5803
5805
5857
5804
5805
5806
5808
5858
5807
5811
5808
5810
6476
5809
6828
5810
5858
5862
6897
5811
5861
6475
5812
5858
5860
5813
5855
5857
5814
5852
5854
5815
5849
5851
5816
5846
5848
5817
5843
5845
5818
5840
5842
5819
5837
5839
5820
5834
5836
5821
5831
5833
5822
5828
5830
5823
5827
5824
5826
5825
5826
5827
5828
5829
5833
5830
5832
5831
5832
5836
5833
5835
5834
5835
5839
5836
5838
5837
5838
5842
5839
5841
5840
5841
5845
5842
5844
5872
5843
5871
5844
5848
5870
5845
5847
5873
5846
5847
5851
5848
5850
5874
5849
5869
5850
5854
5868
5851
5853
5875
5852
5853
5857
5854
5856
5876
5855
5867
5856
5860
5866
5857
5859
5877
5858
5859
5860
5862
5878
5861
5865
5862
5864
6474
5863
6896
5864
5878
6939
5865
6473
5866
5878
5867
5877
5868
5876
5869
5875
5870
5874
5871
5873
5872
5873
5874
5875
5876
5877
5878
5880
6466
6473
5881
6424
6474
5882
6425
6475
6357
6476
5884
5886
5902
6954
5885
5901
5886
5890
5900
5887
5889
5907
6955
5888
6628
5889
5893
6627
5890
5892
5908
6960
5891
5899
5892
5896
5898
5893
5895
5913
6961
5894
6626
5895
6625
5896
5914
6966
5897
5898
5914
5916
5899
5911
5913
5900
5908
5910
5901
5905
5907
5902
5904
5903
5907
6971
5904
5906
5922
6974
5905
5921
5906
5910
5920
5907
5909
5927
6975
5908
6970
5909
5913
6969
5910
5912
5928
6980
5911
5919
5912
5916
5918
5913
5915
5933
6981
5914
6968
5915
6967
5916
5934
6986
5917
5918
5934
5936
5919
5931
5933
5920
5928
5930
5921
5925
5927
5922
5924
5923
5927
6991
5924
5926
5942
6994
5925
5941
5926
5930
5940
5927
5929
5947
6995
5928
6990
5929
5933
6989
5930
5932
5948
7000
5931
5939
5932
5936
5938
5933
5935
5953
7001
5934
6988
5935
6987
5936
5954
7006
5937
5938
5954
5956
5939
5951
5953
5940
5948
5950
5941
5945
5947
5942
5944
5943
5947
7011
5944
5946
5963
7014
5945
5960
5946
5950
5959
5947
5949
5968
7015
5948
7010
5949
5953
7009
5950
5952
5969
7020
5951
5958
5952
5956
5957
5953
5955
5974
7021
5954
7008
5955
7007
5956
7026
5958
5972
5974
5959
5969
5971
5960
5966
5968
5963
5965
5962
5965
5979
5964
5982
7031
5964
5968
7030
5965
5967
5983
7035
5966
5978
5967
5971
5977
5968
5970
5988
7036
5969
7029
5970
5974
7028
5971
5973
5989
7041
5972
5976
5973
5975
5974
5994
7042
7027
5976
5992
5994
5977
5989
5991
5978
5986
5988
5979
5983
5985
5980
5982
5981
5985
5998
5982
5984
6003
7050
5983
7049
5984
5988
7048
5985
5987
6004
7055
5986
5997
5987
5991
5996
5988
5990
6009
7056
5989
7047
5990
5994
7046
5991
5993
6010
7061
5992
5995
5993
5994
7062
7045
5996
6010
6012
5997
6007
6009
5998
6004
6006
6001
6003
6000
6002
6018
7070
6001
6017
6002
6006
6016
6003
6005
6023
7071
6004
7068
6005
6009
7067
6006
6008
6024
7076
6007
6015
6008
6012
6014
6009
6011
6029
7077
6010
7066
6011
7065
6012
6030
7082
6013
6014
6030
6015
6027
6029
6016
6024
6026
6017
6021
6023
6018
6020
6019
6023
7087
6020
6022
6039
7090
6021
6034
6022
6026
6033
6023
6025
6044
7091
6024
7086
6025
6029
7085
6026
6028
6045
7096
6027
6032
6028
6031
6029
6050
7097
6030
7084
7083
6032
6048
6050
6033
6045
6047
6034
6042
6044
6035
6039
6041
6036
6038
6037
6041
6054
6038
6040
6061
7106
6039
7105
6040
6044
7104
6041
6043
6062
7111
6042
6053
6043
6047
6052
6044
6046
6067
7112
6045
7103
6046
6050
7102
6047
6049
6068
7117
6048
6051
6049
6050
7118
7101
6052
6068
6070
6053
6065
6067
6054
6062
6064
6055
6059
6061
6056
6058
6057
6061
7125
6058
6060
6079
7128
6059
6074
6060
6064
6073
6061
6063
6084
7129
6062
7124
6063
6067
7123
6064
6066
6085
7134
6065
6072
6066
6070
6071
6067
6069
6090
7135
6068
7122
6069
7121
6070
7140
6072
6088
6090
6073
6085
6087
6074
6082
6084
6075
6079
6081
6076
6078
6077
6081
6094
6078
6080
6103
7146
6079
7145
6080
6084
7144
6081
6083
6104
7151
6082
6093
6083
6087
6092
6084
6086
6109
7152
6085
7143
6086
6090
7142
6087
6089
6110
7157
6088
6091
6089
6090
7158
7141
6092
6110
6093
6107
6109
6094
6104
6106
6095
6101
6103
6098
6100
6097
6100
6115
6099
6120
7166
6099
6103
7165
6100
6102
6121
7170
6101
6114
6102
6106
6113
6103
6105
6126
7171
6104
7164
6105
6109
7163
6106
6108
6127
7176
6107
6112
6108
6111
6109
6130
7177
6110
7162
7161
6112
6130
6113
6127
6129
6114
6124
6126
6115
6121
6123
6118
6120
6117
6119
6141
6952
6118
6134
6119
6123
6133
6120
6122
6146
7186
6121
7185
6122
6126
7184
6123
6125
6147
7192
6124
6132
6125
6129
6131
6126
6128
6152
7193
6127
7183
6128
6130
7182
6129
7198
7181
6132
6150
6152
6133
6147
6149
6134
6144
6146
6135
6141
6143
6138
6140
6137
6139
6164
6632
6138
6157
6139
6143
6156
6140
6142
6169
6633
6141
6630
6142
6146
6951
6143
6145
6170
6950
6144
6155
6145
6149
6154
6146
6148
6175
7203
6147
7202
6148
6152
7201
6149
6151
6176
7210
6150
6153
6151
6152
7211
7200
6154
6176
6155
6173
6175
6156
6170
6172
6157
6167
6169
6158
6164
6166
6161
6163
6160
6162
6188
6640
6161
6181
6162
6166
6180
6163
6165
6193
6641
6164
6638
6165
6169
6637
6166
6168
6194
6646
6167
6179
6168
6172
6178
6169
6171
6199
6647
6170
6636
6171
6175
6949
6172
6174
6200
6948
6173
6177
6174
6175
7216
6176
7215
7214
6178
6200
6179
6197
6199
6180
6194
6196
6181
6191
6193
6182
6188
6190
6185
6187
6184
6186
6214
6656
6185
6205
6186
6190
6204
6187
6189
6219
6657
6188
6654
6189
6193
6653
6190
6192
6220
6662
6191
6203
6192
6196
6202
6193
6195
6225
6663
6194
6652
6195
6199
6651
6196
6198
6226
6668
6197
6201
6198
6199
6669
6200
6650
6947
6202
6226
6203
6223
6225
6204
6220
6222
6205
6217
6219
6206
6214
6216
6211
6213
6208
6210
6232
6209
6243
6677
6210
6212
6244
6680
6211
6231
6212
6216
6230
6213
6215
6249
6681
6214
6676
6215
6219
6675
6216
6218
6250
6686
6217
6229
6218
6222
6228
6219
6221
6255
6687
6220
6674
6221
6225
6673
6222
6224
6256
6692
6223
6227
6224
6225
6693
6226
6672
6671
6228
6256
6229
6253
6255
6230
6250
6252
6231
6247
6249
6232
6244
6246
6233
6241
6243
6238
6240
6235
6237
6275
6705
6236
6262
6237
6240
6261
6239
6280
6706
6239
6243
6703
6240
6242
6281
6710
6241
6260
6242
6246
6259
6243
6245
6286
6711
6244
6702
6245
6249
6701
6246
6248
6287
6716
6247
6258
6248
6252
6257
6249
6251
6290
6717
6250
6700
6251
6255
6699
6252
6254
6722
6253
6254
6255
6723
6256
6698
6697
6258
6290
6259
6287
6289
6260
6284
6286
6261
6281
6283
6262
6278
6280
6263
6275
6277
6264
6272
6274
6269
6271
6266
6268
6318
6736
6267
6297
6268
6271
6296
6270
6323
6737
6270
6274
6734
6271
6273
6324
6741
6272
6295
6273
6277
6294
6274
6276
6329
6742
6275
6733
6276
6280
6732
6277
6279
6330
6747
6278
6293
6279
6283
6292
6280
6282
6335
6748
6281
6731
6282
6286
6730
6283
6285
6336
6753
6284
6291
6285
6289
6286
6288
6754
6287
6729
6288
6290
6728
6289
6759
6727
6292
6336
6293
6333
6335
6294
6330
6332
6295
6327
6329
6296
6324
6326
6297
6321
6323
6298
6318
6320
6299
6315
6317
6300
6312
6314
6309
6311
6302
6304
6347
6303
6382
6771
6304
6306
6383
6774
6305
6346
6306
6308
6345
6307
6388
6775
6308
6310
6389
6778
6309
6344
6310
6314
6343
6311
6313
6394
6779
6312
6770
6313
6317
6769
6314
6316
6395
6784
6315
6342
6316
6320
6341
6317
6319
6400
6785
6318
6768
6319
6323
6767
6320
6322
6401
6790
6321
6340
6322
6326
6339
6323
6325
6406
6791
6324
6766
6325
6329
6765
6326
6328
6407
6796
6327
6338
6328
6332
6337
6329
6331
6408
6797
6330
6764
6331
6335
6763
6332
6334
6802
6333
6334
6335
6803
6336
6762
6761
6338
6408
6339
6407
6340
6404
6406
6341
6401
6403
6342
6398
6400
6343
6395
6397
6344
6392
6394
6345
6389
6391
6346
6386
6388
6347
6383
6385
6348
6380
6382
6349
6377
6379
6350
6374
6376
6351
6371
6373
6352
6368
6370
6353
6365
6367
6354
6362
6364
6355
6359
6361
6356
6358
6357
6361
6422
6358
6360
6425
6826
6359
6825
6360
6364
6824
6361
6363
6426
6832
6362
6421
6363
6367
6420
6364
6366
6431
6833
6365
6823
6366
6370
6822
6367
6369
6432
6838
6368
6419
6369
6373
6418
6370
6372
6437
6839
6371
6821
6372
6376
6820
6373
6375
6438
6844
6374
6417
6375
6379
6416
6376
6378
6443
6845
6377
6819
6378
6382
6818
6379
6381
6444
6850
6380
6415
6381
6385
6414
6382
6384
6449
6851
6383
6817
6384
6388
6816
6385
6387
6450
6856
6386
6413
6387
6391
6412
6388
6390
6455
6857
6389
6815
6390
6394
6814
6391
6393
6456
6862
6392
6411
6393
6397
6410
6394
6396
6457
6863
6395
6813
6396
6400
6812
6397
6399
6458
6868
6398
6409
6399
6403
6400
6402
6869
6401
6811
6402
6406
6810
6403
6405
6874
6404
6405
6406
6875
6407
6809
6408
6808
6807
6410
6458
6411
6457
6412
6456
6413
6453
6455
6414
6450
6452
6415
6447
6449
6416
6444
6446
6417
6441
6443
6418
6438
6440
6419
6435
6437
6420
6432
6434
6421
6429
6431
6422
6426
6428
6423
6425
6424
6428
6465
6425
6427
6466
6894
6426
6893
6427
6431
6892
6428
6430
6467
6901
6429
6464
6430
6434
6463
6431
6433
6468
6902
6432
6891
6433
6437
6890
6434
6436
6469
6907
6435
6462
6436
6440
6461
6437
6439
6470
6908
6438
6889
6439
6443
6888
6440
6442
6471
6913
6441
6460
6442
6446
6459
6443
6445
6472
6914
6444
6887
6445
6449
6886
6446
6448
6919
6447
6448
6452
6449
6451
6920
6450
6885
6451
6455
6884
6452
6454
6925
6453
6454
6455
6926
6456
6883
6457
6882
6458
6881
6880
6460
6472
6461
6471
6462
6470
6463
6469
6464
6468
6465
6467
6466
6467
6938
6468
6937
6469
6936
6470
6935
6471
6934
6472
6933
6932
6474
6938
6939
6475
6894
6896
6476
6893
6897
6826
6828
6478
6482
6479
6481
6496
6480
6495
6481
6485
6494
6482
6484
6499
6483
6484
6488
6485
6487
6500
6486
6493
6487
6490
6492
6488
6489
6505
6490
6506
6491
6492
6506
6508
6493
6503
6505
6494
6500
6502
6495
6497
6499
6496
6499
6498
6502
6513
6499
6501
6516
6500
6501
6505
6502
6504
6517
6503
6512
6504
6508
6511
6505
6507
6522
6506
6507
6508
6523
6510
6510
6526
6528
6511
6523
6525
6512
6520
6522
6513
6517
6519
6514
6516
6515
6519
6533
6516
6518
6534
6517
6518
6522
6519
6521
6535
6520
6532
6521
6525
6531
6522
6524
6540
6523
6524
6528
6525
6527
6541
6526
6530
6527
6529
6528
6546
6530
6544
6546
6531
6541
6543
6532
6538
6540
6533
6535
6537
6534
6535
6536
6540
6537
6539
6552
6538
6551
6539
6543
6550
6540
6542
6557
6541
6542
6546
6543
6545
6558
6544
6549
6545
6548
6546
6563
6548
6564
6566
6549
6561
6563
6550
6558
6560
6551
6555
6557
6552
6554
6553
6557
6554
6556
6572
6555
6571
6556
6560
6570
6557
6559
6577
6558
6559
6563
6560
6562
6578
6561
6569
6562
6566
6568
6563
6565
6583
6564
6565
6566
6584
6567
6568
6584
6586
6569
6581
6583
6570
6578
6580
6571
6575
6577
6572
6574
6573
6577
6574
6576
6592
6575
6591
6576
6580
6590
6577
6579
6597
6578
6579
6583
6580
6582
6598
6581
6589
6582
6586
6588
6583
6585
6603
6584
6585
6586
6604
6587
6588
6604
6606
6589
6601
6603
6590
6598
6600
6591
6595
6597
6592
6594
6593
6597
6594
6596
6612
6595
6611
6596
6600
6610
6597
6599
6615
6598
6599
6603
6600
6602
6616
6601
6609
6602
6606
6608
6603
6605
6621
6604
6605
6606
6622
6607
6608
6622
6624
6609
6619
6621
6610
6616
6618
6611
6613
6615
6612
6615
6614
6618
6628
6615
6617
6957
6616
6617
6621
6618
6620
6958
6619
6627
6620
6624
6626
6621
6623
6963
6622
6623
6624
6964
6625
6626
6964
6966
6627
6961
6963
6628
6958
6960
6955
6957
6630
6634
7206
6633
6951
6632
6634
6644
6633
6637
6634
6636
6950
6635
7205
6636
6644
6648
7219
6637
6647
6949
6638
6644
6646
6641
6643
6640
6642
6660
6641
6653
6642
6646
6652
6643
6645
6665
6644
6645
6646
6648
6666
6647
6651
6648
6650
6948
6649
7218
6650
6666
6670
7222
6651
6669
6947
6652
6666
6668
6653
6663
6665
6654
6660
6662
6657
6659
6656
6658
6684
6657
6675
6658
6662
6674
6659
6661
6689
6660
6661
6665
6662
6664
6690
6663
6673
6664
6668
6672
6665
6667
6695
6666
6667
6668
6670
6696
6669
6671
6670
6672
6696
6673
6693
6695
6674
6690
6692
6675
6687
6689
6676
6684
6686
6681
6683
6678
6680
6702
6679
6713
6680
6682
6714
6681
6701
6682
6686
6700
6683
6685
6719
6684
6685
6689
6686
6688
6720
6687
6699
6688
6692
6698
6689
6691
6725
6690
6691
6695
6692
6694
6726
6693
6697
6694
6695
6696
6698
6726
6699
6723
6725
6700
6720
6722
6701
6717
6719
6702
6714
6716
6703
6711
6713
6708
6710
6705
6707
6745
6706
6732
6707
6710
6731
6709
6750
6709
6713
6710
6712
6751
6711
6730
6712
6716
6729
6713
6715
6756
6714
6715
6719
6716
6718
6757
6717
6728
6718
6722
6727
6719
6721
6760
6720
6721
6725
6722
6724
6723
6724
6725
6726
6728
6760
6729
6757
6759
6730
6754
6756
6731
6751
6753
6732
6748
6750
6733
6745
6747
6734
6742
6744
6739
6741
6736
6738
6788
6737
6767
6738
6741
6766
6740
6793
6740
6744
6741
6743
6794
6742
6765
6743
6747
6764
6744
6746
6799
6745
6746
6750
6747
6749
6800
6748
6763
6749
6753
6762
6750
6752
6805
6751
6752
6756
6753
6755
6806
6754
6761
6755
6759
6756
6758
6757
6758
6760
6759
6762
6806
6763
6803
6805
6764
6800
6802
6765
6797
6799
6766
6794
6796
6767
6791
6793
6768
6788
6790
6769
6785
6787
6770
6782
6784
6779
6781
6772
6774
6817
6773
6853
6774
6776
6854
6775
6816
6776
6778
6815
6777
6859
6778
6780
6860
6779
6814
6780
6784
6813
6781
6783
6865
6782
6783
6787
6784
6786
6866
6785
6812
6786
6790
6811
6787
6789
6871
6788
6789
6793
6790
6792
6872
6791
6810
6792
6796
6809
6793
6795
6877
6794
6795
6799
6796
6798
6878
6797
6808
6798
6802
6807
6799
6801
6879
6800
6801
6805
6802
6804
6803
6804
6805
6806
6808
6879
6809
6878
6810
6875
6877
6811
6872
6874
6812
6869
6871
6813
6866
6868
6814
6863
6865
6815
6860
6862
6816
6857
6859
6817
6854
6856
6818
6851
6853
6819
6848
6850
6820
6845
6847
6821
6842
6844
6822
6839
6841
6823
6836
6838
6824
6833
6835
6825
6830
6832
6826
6829
6827
6832
6893
6828
6829
6831
6898
6897
6830
6831
6835
6832
6834
6899
6833
6892
6834
6838
6891
6835
6837
6904
6836
6837
6841
6838
6840
6905
6839
6890
6840
6844
6889
6841
6843
6910
6842
6843
6847
6844
6846
6911
6845
6888
6846
6850
6887
6847
6849
6916
6848
6849
6853
6850
6852
6917
6851
6886
6852
6856
6885
6853
6855
6922
6854
6855
6859
6856
6858
6923
6857
6884
6858
6862
6883
6859
6861
6928
6860
6861
6865
6862
6864
6929
6863
6882
6864
6868
6881
6865
6867
6930
6866
6867
6871
6868
6870
6931
6869
6880
6870
6874
6871
6873
6872
6873
6877
6874
6876
6875
6876
6877
6878
6879
6881
6931
6882
6930
6883
6929
6884
6926
6928
6885
6923
6925
6886
6920
6922
6887
6917
6919
6888
6914
6916
6889
6911
6913
6890
6908
6910
6891
6905
6907
6892
6902
6904
6893
6899
6901
6894
6898
6895
6901
6938
6896
6898
6900
6940
6897
6939
6898
6899
6900
6904
6901
6903
6941
6902
6937
6903
6907
6936
6904
6906
6942
6905
6906
6910
6907
6909
6943
6908
6935
6909
6913
6934
6910
6912
6944
6911
6912
6916
6913
6915
6945
6914
6933
6915
6919
6932
6916
6918
6946
6917
6918
6922
6919
6921
6920
6921
6925
6922
6924
6923
6924
6928
6925
6927
6926
6927
6928
6929
6930
6931
6933
6946
6934
6945
6935
6944
6936
6943
6937
6942
6938
6941
6940
6940
6941
6942
6943
6944
6945
6946
6948
7222
6949
7216
7218
6950
7215
7219
6951
7203
7205
6952
7202
7206
7186
7188
6954
6956
6972
6955
6971
6956
6960
6970
6957
6959
6977
6958
6959
6963
6960
6962
6978
6961
6969
6962
6966
6968
6963
6965
6983
6964
6965
6966
6984
6967
6968
6984
6986
6969
6981
6983
6970
6978
6980
6971
6975
6977
6972
6974
6973
6977
6974
6976
6992
6975
6991
6976
6980
6990
6977
6979
6997
6978
6979
6983
6980
6982
6998
6981
6989
6982
6986
6988
6983
6985
7003
6984
6985
6986
7004
6987
6988
7004
7006
6989
7001
7003
6990
6998
7000
6991
6995
6997
6992
6994
6993
6997
6994
6996
7012
6995
7011
6996
7000
7010
6997
6999
7017
6998
6999
7003
7000
7002
7018
7001
7009
7002
7006
7008
7003
7005
7023
7004
7005
7006
7024
7007
7008
7024
7026
7009
7021
7023
7010
7018
7020
7011
7015
7017
7012
7014
7013
7017
7014
7016
7033
7015
7030
7016
7020
7029
7017
7019
7038
7018
7019
7023
7020
7022
7039
7021
7028
7022
7026
7027
7023
7025
7044
7024
7025
7026
7028
7042
7044
7029
7039
7041
7030
7036
7038
7033
7035
7032
7035
7049
7034
7052
7034
7038
7035
7037
7053
7036
7048
7037
7041
7047
7038
7040
7058
7039
7040
7044
7041
7043
7059
7042
7046
7043
7045
7044
7064
7046
7062
7064
7047
7059
7061
7048
7056
7058
7049
7053
7055
7050
7052
7051
7055
7068
7052
7054
7073
7053
7054
7058
7055
7057
7074
7056
7067
7057
7061
7066
7058
7060
7079
7059
7060
7064
7061
7063
7080
7062
7065
7063
7064
7066
7080
7082
7067
7077
7079
7068
7074
7076
7071
7073
7070
7072
7088
7071
7087
7072
7076
7086
7073
7075
7093
7074
7075
7079
7076
7078
7094
7077
7085
7078
7082
7084
7079
7081
7099
7080
7081
7082
7100
7083
7084
7100
7085
7097
7099
7086
7094
7096
7087
7091
7093
7088
7090
7089
7093
7090
7092
7109
7091
7104
7092
7096
7103
7093
7095
7114
7094
7095
7099
7096
7098
7115
7097
7102
7098
7101
7099
7120
7100
7102
7118
7120
7103
7115
7117
7104
7112
7114
7105
7109
7111
7106
7108
7107
7111
7124
7108
7110
7131
7109
7110
7114
7111
7113
7132
7112
7123
7113
7117
7122
7114
7116
7137
7115
7116
7120
7117
7119
7138
7118
7121
7119
7120
7122
7138
7140
7123
7135
7137
7124
7132
7134
7125
7129
7131
7126
7128
7127
7131
7128
7130
7149
7129
7144
7130
7134
7143
7131
7133
7154
7132
7133
7137
7134
7136
7155
7135
7142
7136
7140
7141
7137
7139
7160
7138
7139
7140
7142
7158
7160
7143
7155
7157
7144
7152
7154
7145
7149
7151
7146
7148
7147
7151
7164
7148
7150
7173
7149
7150
7154
7151
7153
7174
7152
7163
7153
7157
7162
7154
7156
7179
7155
7156
7160
7157
7159
7180
7158
7161
7159
7160
7162
7180
7163
7177
7179
7164
7174
7176
7165
7171
7173
7168
7170
7167
7170
7185
7169
7189
7169
7173
7170
7172
7190
7171
7184
7172
7176
7183
7173
7175
7195
7174
7175
7179
7176
7178
7196
7177
7182
7178
7181
7179
7199
7180
7182
7199
7183
7196
7198
7184
7193
7195
7185
7190
7192
7186
7189
7187
7192
7202
7188
7189
7191
7207
7206
7190
7191
7195
7192
7194
7208
7193
7201
7194
7198
7200
7195
7197
7213
7196
7197
7199
7198
7201
7211
7213
7202
7208
7210
7203
7207
7204
7210
7215
7205
7207
7209
7220
7206
7219
7207
7208
7209
7213
7210
7212
7221
7211
7214
7212
7213
7215
7221
7216
7220
7217
7218
7220
7219
7222
7220
7221
)


// ************************************************************************* //
