/*--------------------------------*- C++ -*----------------------------------*\
| =========                 |                                                 |
| \\      /  F ield         | OpenFOAM: The Open Source CFD Toolbox           |
|  \\    /   O peration     | Version:  2412                                  |
|   \\  /    A nd           | Website:  www.openfoam.com                      |
|    \\/     M anipulation  |                                                 |
\*---------------------------------------------------------------------------*/
FoamFile
{
    version     2.0;
    format      ascii;
    arch        "LSB;label=32;scalar=64";
    class       labelList;
    location    "constant/claddingZone/polyMesh";
    object      pointRegionAddressing;
}
// * * * * * * * * * * * * * * * * * * * * * * * * * * * * * * * * * * * * * //


10836
(
500
501
502
503
504
505
506
507
508
509
510
511
512
513
514
515
516
517
518
519
520
521
522
523
524
525
526
527
528
529
530
531
532
533
534
535
536
537
538
539
540
541
542
543
700
701
702
703
704
705
706
707
708
709
710
711
712
713
714
715
716
717
718
719
720
721
722
723
724
725
726
727
732
733
734
740
741
742
743
744
745
746
747
1120
1121
1122
1123
1124
1125
1126
1127
1133
1136
1137
1138
1139
1140
1141
1142
1143
1144
1145
1146
1147
1148
1149
1150
1151
1161
1165
1228
1229
1230
1231
1232
1233
1234
1235
1236
1237
1238
1239
1240
1241
1242
1243
1244
1245
1246
1247
1248
1249
1250
1251
1252
1253
1254
1255
1256
1257
1258
1259
1852
1854
1855
1860
1861
1862
1863
1868
1870
1871
1872
1874
1875
1884
1885
1886
1887
1888
1889
1890
1891
1984
1985
1986
1987
1988
1989
1990
1991
1992
1993
1994
1995
1996
1997
1998
1999
2000
2001
2002
2003
2004
2005
2006
2007
2008
2009
2010
2011
2012
2013
2014
2015
2016
2017
2018
2019
2020
2022
2028
2030
2036
2038
2040
2042
2052
2054
2056
2058
2204
2205
2206
2207
2208
2209
2210
2211
2212
2213
2214
2215
2220
2221
2222
2223
2228
2229
2230
2231
2240
2241
2242
2243
2244
2245
2246
2247
2256
2257
2258
2259
2260
2261
2262
2263
2264
2265
2266
2267
2268
2269
2270
2271
2272
2273
2274
2275
2393
2395
2413
2415
2417
2419
2957
2960
2961
2962
2963
2973
2977
2980
2981
2982
2983
2984
2985
2986
2987
3004
3006
3007
3008
3009
3010
3011
3012
3014
3015
3032
3033
3034
3035
3036
3037
3038
3039
3040
3042
3043
3044
3046
3047
3405
3406
3407
3409
3410
3411
3412
3413
3414
3415
3425
3426
3427
3429
3430
3431
3433
3434
3435
3437
3438
3439
3440
3441
3442
3443
3444
3445
3446
3447
3453
3454
3455
3457
3458
3459
3460
3461
3462
3463
3464
3465
3466
3467
3468
3469
3470
3471
3472
3473
3474
3475
3476
3477
3478
3479
3480
3481
3482
3483
3532
3533
3534
3535
3734
3735
3736
3737
3738
3739
3742
3746
3747
3748
3749
3750
3751
3752
3753
3754
3755
3756
3757
3758
3759
3760
3761
3762
3763
3766
3767
3770
3774
4485
4489
4490
4491
4492
4493
4494
4495
4496
4497
4498
4499
4500
4502
4503
4504
4638
4639
4640
4641
4642
4643
4644
4645
4654
4655
4656
4657
4658
4659
4660
4661
4662
4663
4664
4665
4666
4667
4668
4669
4670
4671
4672
4673
4674
4675
4676
4677
4678
4679
4680
4681
4682
4683
4684
4685
4686
4687
4688
4689
4990
4991
4992
4993
4994
4995
4996
4997
4998
4999
5000
5001
5002
5003
5004
5005
5006
5007
5008
5009
5010
5011
5012
5013
5014
5015
5016
5017
5018
5019
5020
5021
5022
5023
5024
5025
5026
5027
5028
5029
5030
5031
5032
5033
5034
5035
5036
5037
5060
5061
5064
5065
5074
5075
5076
5077
5078
5079
5080
5081
5082
5083
5084
5085
5086
5087
5088
5089
5490
5491
5492
5493
5494
5495
5496
5497
5498
5499
5500
5501
5502
5503
5504
5505
5506
5507
5508
5509
5510
5511
5512
5513
5514
5515
5516
5517
5518
5519
5520
5521
5524
5528
5538
5539
5540
5541
5542
5543
5544
5545
5618
5619
5620
5621
5622
5623
5624
5625
5634
5635
5637
5638
5639
5641
5782
5784
5785
5794
5795
5796
5797
5798
5799
5800
5801
5802
5804
5806
5808
5900
5904
5914
5915
5916
5917
5918
5919
5920
5921
6126
6127
6128
6129
6130
6131
6132
6133
6134
6135
6136
6137
6138
6139
6140
6141
6142
6143
6146
6147
6150
6151
6153
6154
6155
6157
6158
6159
6160
6161
6162
6163
6164
6165
6491
6493
6495
6497
6507
6509
6511
6513
6586
6587
6588
6589
6590
6591
6592
6593
6594
6595
6596
6597
6598
6599
6600
6601
6602
6603
6604
6605
6606
6607
6608
6609
6613
6617
6618
6619
6620
6621
6622
6623
6624
6625
6626
6627
6628
6629
6630
6631
6632
6633
6634
6635
6636
6637
6638
6639
6640
6641
6724
6725
6728
6729
6732
6733
6736
6737
6738
6739
6740
6741
6742
6743
6744
6745
6746
6747
6748
6749
6750
6751
6752
6753
6754
6755
6756
6757
6758
6759
6760
6761
6762
6763
6764
6765
6766
6767
6768
6769
6770
6771
6772
6773
6774
6775
6776
6777
7470
7471
7472
7473
7474
7475
7476
7477
7494
7495
7496
7497
7498
7499
7500
7501
7502
7503
7504
7505
7506
7507
7508
7509
7518
7519
7520
7521
7522
7523
7524
7525
7617
7645
7649
7653
7654
7655
7656
7657
7658
7659
7660
7661
7662
7663
7664
7665
7669
7673
7674
7675
7676
7677
7678
7679
7680
7681
7770
7771
7772
7774
7775
7776
7834
7836
8370
8371
8372
8373
8374
8375
8376
8377
8378
8379
8380
8381
8382
8383
8384
8385
8386
8388
8389
8394
8395
8396
8397
8398
8400
8401
8402
8404
8405
8406
8408
8409
8418
8419
8420
8421
8422
8423
8424
8425
8426
8428
8429
8430
8432
8433
8900
8901
8902
8903
8904
8905
8906
8907
8908
8909
8910
8911
8912
8913
8914
8915
8916
8917
8918
8919
8920
8921
8922
8923
8924
8925
8926
8927
8928
8929
8930
8931
8932
8933
8934
8935
9008
9009
9010
9011
9012
9014
9015
9016
9017
9018
9019
9020
9021
9022
9023
9024
9025
9026
9027
9028
9029
9030
9031
9032
9034
9035
9036
9038
9039
9040
9041
9042
9043
9044
9045
9046
9047
9048
9049
9050
9051
9536
9537
9538
9539
9540
9541
9542
9543
9544
9546
9547
9548
9550
9551
9560
9561
9562
9563
9564
9565
9566
9567
9568
9569
9570
9571
9572
9573
9574
9575
9586
9587
10048
10049
10050
10051
10061
10062
10063
10065
10066
10067
10069
10070
10071
10073
10074
10075
10076
10077
10078
10079
10080
10081
10082
10083
10084
10085
10086
10087
10088
10089
10090
10091
10092
10093
10094
10095
10096
10097
10098
10099
10100
10101
10102
10103
10104
10105
10106
10107
10108
10109
10110
10111
10112
10113
10114
10115
10116
10117
10118
10119
10120
10121
10122
10123
10124
10125
10126
10127
10128
10129
10130
10131
10132
10134
10136
10137
10138
10139
10140
10144
10145
10146
10147
10148
10149
10150
10151
10152
10154
10156
10158
10160
10161
10162
10163
10164
10165
10166
10167
10168
10172
10955
10956
10959
10960
10962
10963
10964
10966
10967
10968
10969
10970
10971
10972
10973
10974
10975
10976
10980
10984
10985
10986
10987
10988
10989
10990
10991
10992
10993
10994
10997
10998
11001
11005
11116
11120
11130
11131
11132
11134
11135
11136
11221
11222
11223
11224
11233
11234
11235
11236
11237
11238
11239
11240
11249
11250
11251
11252
11253
11254
11255
11256
11569
11570
11571
11572
11573
11574
11575
11576
11577
11578
11579
11580
11581
11582
11583
11584
11585
11586
11587
11588
11589
11590
11591
11592
11593
11594
11595
11596
11597
11598
11599
11600
11619
11620
11623
11624
11822
11826
11829
11830
11831
11832
11833
11834
11835
11836
11969
11970
11971
11972
11973
11974
11975
11976
11977
11979
11981
11983
11985
11986
11987
11988
11989
11990
11991
11992
11993
11995
11996
11997
11999
12000
12094
12096
12098
12100
12110
12112
12114
12116
12117
12118
12119
12120
12121
12122
12123
12124
12125
12126
12127
12128
12363
12367
12691
12692
12693
12694
12695
12696
12697
12698
12699
12700
12701
12702
12703
12704
12705
12706
12707
12708
12709
12710
12711
12712
12713
12714
13044
13046
13048
13050
13060
13062
13064
13066
13103
13104
13105
13106
13107
13108
13109
13110
13111
13112
13113
13114
13115
13116
13117
13118
13119
13120
13121
13122
13123
13124
13125
13126
13127
13131
13185
13186
13189
13190
13193
13194
13197
13198
13199
13200
13201
13202
13203
13204
13205
13206
13207
13208
13209
13210
13211
13212
13213
13214
13215
13216
13217
13218
13219
13220
13221
13222
13223
13227
13922
13924
13925
13926
13946
13950
13952
13953
13954
13956
13957
13958
13959
13960
13961
13962
13963
13964
13965
13966
13967
13968
13969
13970
13971
13972
13973
13974
13975
13976
13977
13978
13979
13980
13981
13982
13983
13984
13985
13986
13987
13988
13989
13990
13991
13992
13993
13994
13995
13996
13997
13998
13999
14000
14001
14002
14003
14004
14005
14006
14007
14008
14009
14010
14011
14012
14013
14014
14015
14016
14017
14018
14019
14020
14021
14022
14023
14024
14025
14026
14027
14028
14029
14030
14111
14112
14113
14114
14115
14116
14117
14118
14119
14120
14121
14122
14123
14124
14125
14126
14132
14133
14134
14136
14138
14139
14140
14141
14142
14152
14153
14154
14156
14157
14158
14160
14162
14164
14166
14167
14168
14169
14170
14171
14172
14173
14174
14175
14176
14177
14178
14179
14180
14181
14182
14251
14259
14261
14263
14265
14275
14279
14667
14668
14669
14670
15047
15049
15050
15055
15056
15057
15058
15059
15061
15062
15063
15065
15066
15067
15069
15070
15079
15080
15081
15082
15083
15084
15085
15086
15087
15089
15090
15091
15093
15094
15220
15222
15223
15224
15225
15226
15228
15231
15232
15233
15234
15236
15238
15240
15242
15243
15244
15245
15246
15247
15248
15249
15250
15252
15256
15575
15576
15577
15578
15589
15613
15617
15627
15628
15629
15630
15631
15632
15633
15634
15635
15636
15638
15639
15640
15641
15642
16257
16258
16261
16262
16271
16272
16273
16274
16275
16276
16277
16278
16279
16280
16282
16283
16284
16285
16286
16287
16288
16289
16290
16291
16292
16293
16294
16295
16296
16297
16298
16299
16300
16301
16302
16303
16304
16306
16307
16308
16310
16311
16312
16313
16314
16315
16316
16317
16318
16319
16320
16321
16322
16323
16324
16325
16326
16341
16342
16345
16346
16365
16366
16369
16370
16373
16374
16377
16378
16389
16390
16393
16682
16688
16689
16690
16762
16764
16765
16766
16786
17455
17456
17457
17458
17459
17460
17461
17462
17463
17464
17465
17466
17467
17468
17469
17470
17471
17472
17473
17474
17475
17476
17477
17478
17479
17480
17481
17482
17483
17484
17485
17486
17487
17488
17489
17490
17491
17492
17493
17494
17495
17496
17497
17499
17500
17501
17586
17590
17591
17592
17593
17594
17595
17596
17597
17598
17600
17602
17604
17606
17607
17608
17609
17610
17611
17612
17613
17614
17647
17648
17649
17650
17651
17652
17653
17654
17655
17656
17657
17658
17659
17660
17661
17662
17663
17664
17665
17666
17667
17668
17669
17670
17671
17672
17673
17675
17676
17677
17901
17902
17905
17906
17909
17910
17913
17914
18232
18236
18239
18240
18241
18242
18243
18244
18245
18246
18247
18248
18249
18250
18251
18252
18253
18254
18255
18256
18257
18258
18259
18260
18261
18262
18263
18264
18265
18266
18267
18268
18269
18270
18483
18484
18485
18486
18487
18488
18489
18490
18491
18492
18493
18494
18495
18496
18497
18498
18499
18500
18501
18502
18503
18504
18505
18506
18507
18508
18509
18510
18511
18512
18513
18514
18619
18620
18621
18622
18623
18624
18625
18626
18627
18628
18629
18630
18631
18632
18633
18634
18635
18636
18637
18638
18839
18840
18841
18842
18843
18844
18845
18846
18847
18848
18849
18850
18851
18852
18853
18854
18855
18856
18857
18858
18859
18860
18861
18862
18863
18864
18865
18866
18867
18868
18869
18870
18873
18877
18887
18888
18889
18890
18891
18892
18893
18894
18897
18901
19166
19170
19377
19378
19379
19380
19381
19382
19383
19384
19385
19386
19387
19388
19389
19390
19391
19392
19393
19394
19395
19396
19397
19398
19399
19400
19401
19402
19403
19404
19405
19406
19407
19408
19445
19446
19447
19448
19449
19450
19451
19452
19461
19463
19465
19467
19605
19606
19607
19608
19609
19610
19611
19612
19613
19614
19615
19616
19617
19618
19619
19620
19621
19622
19623
19624
19625
19626
19627
19628
19629
19630
19631
19632
19633
19634
19635
19636
19637
19638
19639
19640
19641
19642
19643
19644
19645
19649
19653
19657
20364
20367
20368
20369
20370
20371
20372
20373
20374
20375
20376
20380
20384
20387
20388
20391
20392
20393
20394
20395
20396
20397
20398
20399
20400
20401
20402
20403
20404
20405
20406
20407
20408
20413
20414
20415
20416
20417
20418
20419
20421
20422
20423
20424
20425
20426
20427
20428
20429
20430
20431
20432
20433
20434
20435
20436
20437
20438
20439
20440
20441
20442
20443
20444
20445
20446
20447
20449
20450
20451
20453
20454
20455
20456
20457
20458
20459
20517
20518
20519
20520
20521
20522
20523
20525
20526
20527
20528
20529
20530
20531
20532
20533
20534
20535
20536
20537
20538
20539
20540
20541
20542
20543
20544
20545
20546
20547
20548
20549
20550
20551
20553
20554
20555
20637
20638
20639
20640
20645
20646
20647
20648
20657
20658
20659
20660
20661
20662
20663
20664
21021
21022
21023
21024
21041
21042
21043
21044
21045
21046
21047
21048
21049
21050
21051
21052
21053
21054
21055
21056
21065
21066
21067
21068
21069
21070
21071
21072
21089
21090
21091
21092
21093
21094
21095
21096
21097
21098
21099
21100
21175
21176
21805
21806
21807
21808
21809
21810
21811
21812
21813
21814
21815
21816
21817
21818
21819
21820
21821
21822
21823
21824
21825
21826
21827
21828
21829
21830
21831
21832
21833
21834
21835
21836
21837
21838
21839
21840
21841
21842
21843
21844
21845
21846
21847
21848
21925
21926
21927
21928
21929
21930
21931
21932
21985
21986
21987
21988
22281
22282
22283
22284
22285
22286
22287
22288
22289
22290
22291
22292
22293
22294
22295
22296
22297
22298
22300
22301
22302
22304
22305
22306
22307
22308
22309
22310
22311
22312
22313
22315
22316
22321
22322
22323
22324
22325
22327
22329
22331
22332
22333
22335
22336
22345
22346
22347
22348
22349
22350
22351
22352
22353
22355
22357
22359
22841
22842
22843
22844
22845
22846
22847
22848
22849
22850
22851
22852
22853
22854
22855
22856
22857
22858
22859
22860
22861
22862
22863
22864
22865
22866
22867
22868
22869
22870
22871
22872
22873
22874
22875
22876
22877
22878
22879
22880
22907
22908
22911
22912
22915
22919
22921
22922
22923
22924
22925
22926
22927
22928
22929
22930
22933
22934
22936
22937
22938
22939
22940
23358
23360
23366
23368
23464
23468
23478
23479
23480
23482
23483
23484
23485
23486
23487
23488
23489
23490
23491
23492
23493
23494
23495
23496
23497
23498
23499
23500
23501
23502
23503
23504
23505
23506
23507
23508
23509
23510
23511
23512
23513
23514
23515
23516
23517
23518
23519
23520
23521
23522
23523
23524
23525
23526
23527
23528
23529
23530
23531
23532
23536
23692
23694
23695
23696
23698
23699
23700
23704
23705
23706
23707
23708
23709
23710
23711
23712
23713
23714
23715
23716
23720
23724
23725
23726
23727
23728
23729
23730
23731
23732
23733
23734
23735
23736
23737
23738
23739
23740
23741
23742
23743
23744
23745
23746
23747
23748
23749
23750
23751
23752
23753
23754
23755
23756
23757
23758
23759
23760
24421
24422
24423
24424
24425
24426
24427
24428
24429
24430
24431
24432
24433
24434
24435
24436
24437
24438
24439
24440
24441
24442
24443
24444
24445
24446
24447
24448
24449
24450
24451
24452
24525
24526
24527
24528
24529
24530
24531
24532
24533
24534
24535
24536
24537
24538
24539
24540
24541
24542
24543
24544
24545
24546
24547
24548
24549
24550
24551
24552
24553
24554
24555
24556
24557
24558
24559
24560
24561
24562
24563
24564
25009
25010
25011
25012
25013
25014
25015
25016
25017
25018
25019
25020
25021
25022
25023
25024
25025
25026
25027
25028
25029
25030
25031
25032
25033
25034
25035
25036
25037
25038
25039
25040
25348
25352
25355
25356
25357
25358
25359
25360
25361
25362
25372
25577
25581
25647
25648
25649
25650
25651
25652
25653
25654
25655
25656
25657
25658
25659
25660
25661
25662
25663
25664
25666
25667
25668
25670
25671
25672
25673
25674
25675
25676
25677
25678
25732
25736
25739
25740
25741
25742
25743
25744
25745
25746
26048
26052
26071
26072
26074
26075
26076
26077
26078
26079
26080
26081
26082
26083
26084
26085
26086
26087
26088
26089
26090
26091
26092
26093
26094
26095
26096
26097
26098
26099
26100
26101
26102
26103
26104
26105
26106
26107
26108
26109
26110
26111
26112
26113
26114
26115
26116
26117
26118
26119
26120
26121
26122
26123
26124
26125
26126
26439
26441
26443
26445
26455
26457
26459
26461
26471
26472
26473
26474
26475
26476
26477
26478
26479
26480
26481
26482
26483
26484
26485
26486
26487
26488
26489
26490
26491
26492
26493
26494
26659
26660
26661
26662
26663
26664
26665
26666
26667
26668
26669
26670
26671
26672
26673
26674
26675
26676
26677
26679
26680
26681
27346
27374
27378
27385
27386
27388
27389
27390
27391
27392
27393
27394
27405
27406
27411
27412
27413
27414
27415
27416
27417
27418
27419
27420
27421
27423
27424
27425
27443
27444
27447
27459
27460
27463
27464
27467
27471
27602
27608
27609
27610
27622
27626
27636
27637
27638
27715
27716
27717
27718
27719
27720
27721
27722
27723
27724
27725
27726
27727
27728
27729
27730
27731
27732
27733
27734
27735
27736
27737
27738
27739
27740
27741
27742
27743
27744
27745
27746
27747
27748
27749
27750
27751
27752
27753
27754
27755
27756
27757
27758
27759
27760
27761
27762
27763
27764
27765
27766
27767
27768
27769
27770
27775
27776
27777
27778
28239
28240
28241
28242
28243
28244
28245
28246
28247
28248
28249
28250
28251
28252
28253
28254
28255
28256
28257
28258
28259
28260
28261
28262
28263
28264
28265
28266
28267
28268
28269
28270
28271
28272
28273
28274
28275
28276
28277
28278
28279
28280
28281
28282
28283
28284
28285
28286
28287
28288
28289
28290
28291
28292
28293
28294
28295
28296
28297
28298
28299
28300
28301
28302
28303
28304
28305
28306
28311
28312
28313
28314
28315
28316
28317
28318
28321
28322
28325
28326
28335
28336
28337
28338
28339
28340
28341
28342
28343
28344
28345
28346
28347
28348
28349
28350
28361
28362
28935
28936
28937
28938
28941
28947
28948
28949
28950
28957
28961
28971
28972
28973
28974
28975
28976
28977
28978
29039
29040
29042
29051
29052
29053
29054
29055
29056
29057
29058
29067
29068
29070
29071
29072
29074
29075
29076
29077
29078
29079
29081
29083
29084
29085
29086
29087
29089
29090
29228
29230
29236
29238
29457
29463
29464
29465
29466
29469
29473
29477
29487
29488
29489
29490
29491
29492
29493
29494
29497
29501
29959
29960
29961
29962
29963
29964
29965
29966
29967
29968
29969
29970
29971
29972
29975
29976
29979
29980
29982
29983
29984
29986
29987
29988
29989
29990
29991
29992
29993
29994
29995
29996
29997
29998
29999
30000
30001
30002
30003
30004
30005
30006
30007
30008
30009
30010
30011
30012
30013
30014
30015
30016
30017
30018
30019
30020
30021
30022
30023
30024
30025
30026
30027
30028
30029
30030
30031
30032
30033
30034
30474
30476
30478
30480
30490
30492
30494
30496
30617
30618
30619
30620
30621
30622
30623
30624
30625
30626
30627
30628
30632
30636
30637
30638
30639
30640
30641
30642
30643
30644
30645
30646
30647
30648
30649
30650
30651
30652
30653
30654
30655
30656
30657
30658
30659
30660
30661
30662
30663
30664
30665
30666
30667
30668
30669
30670
30671
30672
30673
30677
30678
30679
30680
30681
30682
30683
30684
30685
30686
30687
30688
30775
30776
30779
30780
30799
30800
30803
30804
30807
30808
30811
30812
30823
30824
30827
30828
30841
30842
30843
30844
30845
30846
30847
30848
30849
30850
30851
30852
30853
30854
30855
30856
30857
30858
30859
30860
30861
30862
30863
30864
30865
30866
30867
30868
30869
30870
30871
30872
30873
30874
30875
30876
30877
30878
30879
30880
30881
30882
30883
30884
30885
30886
30887
30888
30889
30893
30894
30895
30896
30897
30898
30899
30900
30901
30902
30903
30904
30905
30906
30907
30908
30909
30910
30911
30912
30913
30914
30915
30916
30917
31557
31558
31559
31560
31561
31562
31563
31564
31565
31566
31567
31568
31569
31570
31571
31572
31573
31574
31575
31576
31577
31578
31579
31580
31581
31582
31585
31586
31589
31590
31591
31592
31593
31594
31595
31596
31597
31598
31601
31602
31605
31609
31733
31737
31741
31743
31745
31747
31757
31758
31759
31760
31761
31762
31763
31764
31765
31766
31767
31768
31769
31770
31771
31772
31773
31774
31775
31776
31777
31778
31779
31780
31781
31783
31785
31787
32161
32162
32163
32164
32165
32166
32167
32168
32169
32171
32172
32173
32175
32176
32177
32178
32179
32180
32181
32182
32183
32184
32185
32186
32187
32188
32189
32190
32191
32192
32388
32487
32488
32490
32491
32492
32494
32495
32496
32497
32498
32499
32500
32501
32502
32511
32512
32513
32514
32515
32516
32517
32518
32592
32594
32596
32598
32703
32705
32707
32709
32719
32721
32723
32725
32824
32826
32828
32830
32831
32832
32833
32834
32835
32836
32837
32838
32839
32840
32841
32842
32843
32844
32845
32846
32847
32848
32849
32850
32851
32852
32853
32854
32855
32856
32857
32858
32859
32860
32861
32862
33247
33248
33250
33251
33252
33253
33254
33255
33256
33257
33258
33307
33308
33309
33310
33311
33312
33313
33314
33315
33316
33317
33318
33319
33320
33323
33324
33327
33328
33331
33332
33615
33616
33617
33618
33619
33620
33621
33622
33623
33625
33627
33629
33639
33641
33643
33645
33741
33742
33745
33746
33748
33749
33750
33752
33753
33754
33755
33756
33757
33758
33759
33760
33761
33762
33763
33764
33765
33766
33767
33768
33769
33770
33795
33796
33797
33798
33799
33800
33801
33802
33803
33804
34485
34486
34488
34489
34490
34492
34493
34494
34495
34496
34497
34498
34499
34500
34501
34502
34506
34507
34508
34509
34510
34511
34512
34513
34514
34515
34516
34517
34518
34522
34526
34527
34528
34529
34530
34531
34532
34533
34534
34535
34536
34537
34538
34539
34540
34541
34542
34543
34544
34545
34546
34547
34548
34549
34550
34551
34552
34553
34554
34555
34556
34557
34558
34704
34705
34706
34758
34759
34760
34761
34762
34764
34766
34767
34768
34769
34770
34847
34848
34849
34850
34859
34860
34861
34862
34863
34864
34865
34866
34875
34876
34877
34878
34879
34880
34881
34882
34883
34884
34885
34886
34887
34888
34889
34890
34891
34892
34893
34894
34895
34896
34897
34899
34900
34901
34902
34903
34904
34905
34906
34907
34908
34909
34910
34911
34912
34913
34914
34915
34916
34917
34918
34919
34920
34921
34922
34923
34924
34925
34927
34928
34929
35307
35308
35309
35310
35311
35312
35313
35314
35315
35316
35317
35318
35319
35320
35321
35322
35323
35324
35325
35326
35327
35328
35329
35330
35331
35332
35333
35334
35335
35336
35337
35338
35349
35350
35353
35354
35361
35362
35365
35366
35666
35669
35670
35671
35672
35678
35682
35686
35689
35690
35691
35692
35693
35694
35695
35696
35706
35710
35713
35714
35715
35716
35717
35718
35719
35720
36001
36002
36003
36004
36005
36006
36007
36008
36009
36011
36013
36015
36017
36018
36019
36020
36021
36022
36023
36024
36025
36027
36028
36029
36031
36032
36222
36224
36226
36228
36238
36240
36242
36244
36245
36246
36247
36248
36249
36250
36251
36252
36253
36254
36255
36256
36257
36258
36259
36260
36261
36262
36263
36264
36265
36266
36267
36268
36269
36270
36271
36272
36273
36274
36275
36276
36277
36278
36279
36280
36281
36282
36283
36284
36285
36286
36287
36288
36289
36290
36291
36292
36613
36614
36615
36616
36617
36618
36619
36620
36621
36622
36623
36624
36625
36626
36627
36628
36629
36630
36631
36632
36633
36634
36635
36636
36637
36638
36639
36640
36641
36642
36643
36644
36645
36646
36647
36648
36649
36650
36651
36652
36653
36654
36655
36656
37116
37136
37476
37478
37484
37486
37496
37498
37500
37502
37512
37514
37516
37518
37519
37520
37521
37522
37523
37524
37525
37526
37579
37580
37581
37582
37583
37584
37585
37586
37587
37588
37589
37590
37591
37595
37599
37600
37601
37602
37607
37609
37615
37616
37617
37618
37619
37620
37621
37622
37689
37690
37693
37694
37697
37698
37701
37702
37735
37739
37740
37741
37742
37743
37744
37745
37746
37747
37748
37749
37750
37751
37752
37753
37754
37755
37756
37757
37758
37759
37760
37761
37762
37763
37764
37765
37766
37767
37768
37769
37770
37771
37772
37773
37774
37775
37776
37777
37778
37779
37780
37781
37782
37783
37784
37785
37786
38366
38370
38851
38852
38853
38854
38855
38856
38857
38858
38859
38860
38861
38862
38863
38864
38865
38866
38867
38868
38870
38871
38872
38874
38875
38876
38877
38878
38879
38880
38881
38882
38883
38884
38885
38886
38887
38888
38889
38890
38891
38893
38894
38895
38897
38898
38899
38900
38901
38902
38903
38904
38905
38906
38907
38908
38909
38910
38911
38912
38913
38914
39315
39316
39317
39318
39319
39320
39321
39322
39323
39325
39326
39327
39329
39330
39331
39332
39333
39334
39335
39336
39337
39338
39339
39340
39341
39342
39343
39344
39345
39346
39356
39358
39360
39362
39440
39442
39444
39446
39579
39580
39581
39582
39583
39584
39585
39586
39595
39596
39597
39598
39599
39600
39601
39602
39605
39609
39687
39688
39690
39691
39692
39694
39695
39696
39697
39698
39699
39700
39701
39702
39711
39712
39714
40091
40092
40095
40096
40099
40100
40103
40104
40371
40372
40373
40374
40375
40376
40377
40378
40379
40380
40381
40382
40383
40384
40385
40386
40387
40388
40389
40390
40391
40392
40393
40394
40395
40396
40397
40398
40399
40400
40401
40402
40403
40404
40405
40407
40408
40409
40487
40488
40489
40490
40491
40492
40493
40494
40495
40496
40497
40498
40499
40500
40501
40502
40503
40504
40505
40506
40507
40508
40509
40510
40511
40512
40513
40514
40515
40516
40517
40518
40519
40520
40521
40522
40523
40524
40525
40526
40527
40528
40529
40530
40531
40532
40533
40534
40535
40536
40537
40538
40539
40540
40541
40542
40543
40544
40545
40546
40547
40548
40549
40550
40551
40552
41251
41252
41253
41254
41255
41256
41257
41259
41260
41261
41262
41263
41264
41265
41266
41267
41268
41269
41270
41271
41272
41273
41274
41275
41276
41277
41278
41279
41280
41281
41282
41283
41284
41285
41287
41288
41289
41291
41292
41293
41294
41295
41296
41297
41298
41402
41406
41407
41408
41409
41410
41411
41412
41413
41414
41416
41418
41420
41422
41423
41424
41425
41426
41427
41428
41429
41430
41431
41432
41433
41434
41435
41436
41437
41438
41439
41440
41441
41442
41443
41444
41445
41446
41447
41448
41449
41450
41941
41942
41945
41946
41949
41950
41953
41954
42003
42004
42005
42006
42433
42434
42435
42436
42437
42438
42439
42440
42441
42442
42443
42444
42445
42446
42447
42448
42449
42450
42451
42452
42453
42454
42455
42456
42457
42458
42459
42460
42461
42462
42463
42464
42465
42466
42467
42468
42469
42470
42471
42472
42811
42812
42813
42814
42815
42816
42817
42818
42819
42820
42821
42822
42823
42824
42825
42826
42827
42828
42829
42830
42831
42832
42833
42834
42835
42836
42837
42838
42839
42840
42841
42842
42843
42844
42845
42846
42847
42848
42849
42850
42851
42852
42853
42854
42855
42856
42857
42858
42869
43067
43068
43069
43070
43071
43072
43073
43074
43075
43076
43078
43079
43080
43081
43082
43083
43084
43085
43086
43087
43088
43089
43090
43091
43092
43093
43094
43095
43096
43097
43098
43403
43404
43405
43406
43409
43415
43416
43417
43418
43421
43425
43429
43439
43440
43441
43442
43443
43444
43445
43446
43449
43453
43738
43750
43769
43770
43771
43772
43773
43774
43775
43776
43777
43778
43779
43780
43781
43782
43783
43784
43785
43786
43787
43788
43789
43790
43791
43792
43793
43794
43795
43796
43797
43798
43799
43800
44187
44188
44189
44190
44191
44192
44193
44194
44195
44196
44197
44198
44199
44200
44201
44202
44203
44204
44205
44206
44207
44208
44209
44210
44211
44212
44213
44214
44215
44216
44217
44218
44219
44220
44221
44222
44223
44224
44225
44226
44227
44229
44235
44237
44243
44245
44247
44249
44259
44261
44331
44333
44335
44337
44531
44532
44533
44534
44535
44539
44547
44548
44549
44550
44551
44552
44553
44554
44555
44559
44563
44567
44579
44580
44581
44595
44596
44597
45142
45146
45258
45262
45263
45264
45265
45266
45267
45268
45269
45270
45271
45272
45273
45274
45275
45276
45277
45278
45279
45280
45281
45282
45283
45284
45285
45286
45287
45288
45289
45290
45291
45292
45293
45295
45296
45297
45620
45624
45643
45644
45646
45647
45648
45650
46055
46056
46057
46058
46059
46060
46061
46062
46063
46064
46065
46066
46067
46068
46069
46070
46071
46072
46073
46074
46075
46076
46077
46078
46079
46080
46081
46082
46083
46084
46085
46086
46128
46130
46132
46134
46144
46148
46271
46272
46274
46395
46396
46398
46399
46400
46402
46403
46404
46405
46406
46407
46408
46409
46410
46419
46420
46422
46423
46424
46426
46747
46748
46749
46750
46751
46752
46753
46754
46763
46764
46765
46766
46767
46768
46769
46770
46851
46852
46853
46854
46855
46856
46857
46858
46859
46863
46867
46871
46939
46940
46943
46944
46947
46948
46951
46952
46971
46972
47635
47636
47637
47638
47639
47640
47641
47642
47643
47644
47645
47646
47647
47648
47649
47650
47651
47652
47653
47654
47655
47656
47657
47658
47659
47660
47661
47662
47663
47664
47665
47666
47667
47668
47669
47670
47671
47672
47673
47674
47675
47676
47677
47678
47679
47680
47681
47682
47683
47684
47685
47686
47687
47688
47691
47692
47693
47694
47695
47696
47697
47698
47699
47700
47701
47702
47703
47704
47705
47706
47707
47708
47709
47710
47711
47712
47713
47714
47875
47876
47877
47878
47879
47880
47881
47882
47883
47884
47885
47886
47887
47888
47889
47890
47891
47892
47893
47894
47895
47896
47897
47898
47899
47900
47901
47902
47903
47904
47905
47906
47907
47911
47913
47919
47920
47921
47922
47923
47924
47925
47926
47927
47931
47935
47937
47939
47941
47951
47952
47953
47954
48547
48548
48549
48550
48551
48552
48553
48554
48555
48556
48557
48558
48559
48560
48561
48562
48563
48564
48565
48566
48567
48568
48569
48570
48571
48572
48573
48574
48575
48576
48577
48578
48579
48580
48581
48582
48583
48584
48585
48586
48587
48588
48589
48590
48591
48592
48593
48594
48595
48597
48598
48599
48600
48601
48602
48603
48604
48605
48606
48607
48608
48609
48610
48611
48612
48613
48614
48615
48617
48618
49038
49041
49042
49043
49044
49050
49054
49058
49061
49062
49063
49064
49065
49066
49067
49068
49078
49082
49225
49226
49228
49277
49281
49419
49420
49422
49423
49424
49426
49427
49428
49429
49430
49431
49432
49433
49434
49435
49437
49443
49445
49451
49453
49455
49457
49467
49469
49520
49523
49524
49525
49526
49532
49534
49536
49540
49543
49544
49545
49546
49547
49548
49549
49550
49560
49562
49564
49566
49567
49568
49569
49570
49571
49572
49573
49574
50128
50132
50151
50152
50154
50155
50156
50157
50158
50167
50168
50170
50171
50172
50174
50175
50176
50177
50178
50179
50180
50181
50182
50199
50200
50201
50202
50203
50204
50205
50206
50207
50208
50209
50210
50211
50212
50213
50214
50215
50216
50217
50218
50219
50220
50221
50222
50223
50224
50225
50226
50227
50228
50229
50230
50231
50232
50233
50234
50235
50236
50237
50238
50239
50240
50241
50242
50243
50244
50245
50246
50247
50248
50249
50250
50251
50252
50253
50254
50255
50256
50257
50258
50259
50260
50261
50262
50263
50264
50267
50268
50709
50711
50721
50722
50723
50724
50725
50726
50727
50728
50729
50730
50731
50732
50733
50734
50735
50736
50737
50738
50739
50740
50741
50742
50743
50744
50745
50746
50747
50748
50749
50750
50751
50752
50753
50754
50755
50756
50757
50758
50759
50760
50761
50762
50763
50764
50765
50766
50767
50768
50769
50771
50777
50779
50993
50994
50995
50996
50997
50998
50999
51000
51017
51018
51019
51020
51021
51022
51023
51024
51025
51026
51027
51028
51029
51030
51031
51032
51035
51036
51038
51039
51040
51041
51042
51043
51044
51045
51046
51047
51048
51051
51052
51055
51056
51058
51059
51060
51062
51063
51064
51065
51066
51067
51068
51069
51070
51071
51072
51073
51074
51075
51823
51824
51827
51828
51830
51831
51832
51834
51835
51836
51837
51838
51839
51840
51841
51842
51843
51844
51985
51986
51987
51988
51989
51990
51991
51992
51993
51994
51995
51996
51997
51998
51999
52000
52001
52002
52003
52004
52005
52006
52007
52008
52009
52010
52011
52012
52022
52024
52026
52028
52038
52039
52040
52042
52043
52044
52045
52046
52047
52049
52050
52051
52077
52078
52079
52081
52082
52083
52349
52350
52351
52352
52353
52354
52355
52356
52365
52366
52369
52370
52375
52379
52683
52687
52739
52740
52741
52742
52743
52744
52745
52746
52747
52748
52749
52750
52751
52752
52753
52754
52755
52756
52757
52758
52759
52760
52761
52762
52763
52764
52765
52766
52767
52768
52769
52770
52771
52773
52775
52777
52787
52789
52791
52793
52887
52888
52889
52890
52891
52892
52893
52894
52903
52904
52905
52906
52907
52908
52909
52910
52980
52982
52984
52986
52987
52988
52989
52990
52991
52992
52993
52994
53399
53400
53401
53402
53403
53404
53405
53406
53407
53408
53409
53410
53411
53412
53413
53414
53415
53416
53417
53418
53419
53420
53421
53422
53423
53424
53425
53426
53427
53428
53429
53430
53469
53470
53473
53474
53477
53481
53483
53484
53485
53486
53768
53770
53772
53774
53775
53776
53777
53778
53779
53780
53781
53782
53784
53785
53786
53788
53789
53790
53791
53792
53793
53794
53795
53796
53797
53798
53903
53904
53907
53908
53911
53912
53931
53932
53933
53934
53935
53936
53937
53938
54647
54648
54651
54652
54655
54656
54657
54658
54659
54660
54663
54671
54672
54673
54674
54675
54676
54677
54678
54679
54680
54683
54684
54687
54691
54855
54856
54857
54858
54859
54860
54861
54862
54863
54865
54867
54868
54869
54870
54871
54872
54873
54874
54875
54876
54877
54878
54879
54880
54881
54882
54883
54884
54885
54886
54887
54888
54889
54890
54891
54893
54895
54897
55435
55437
55438
55439
55440
55441
55442
55443
55444
55445
55446
55447
55448
55449
55450
55451
55452
55453
55454
55491
55492
55493
55494
55495
55496
55497
55498
55499
55500
55502
55503
55504
55505
55506
55507
55508
55509
55510
55511
55512
55513
55514
55515
55516
55517
55518
55519
55520
55521
55522
55523
55524
55526
55527
55528
55530
55531
55532
55533
55534
55535
55536
55537
55538
56041
56042
56043
56044
56049
56050
56051
56052
56053
56054
56056
56057
56058
56060
56061
56062
56063
56064
56065
56066
56067
56068
56077
56078
56079
56080
56081
56082
56083
56084
56085
56086
56087
56088
56089
56091
56092
56093
56094
56095
56096
56097
56098
56099
56100
56101
56102
56103
56104
56105
56106
56107
56108
56109
56111
56112
56113
56115
56116
56226
56228
56234
56236
56246
56248
56250
56252
56262
56264
56266
56268
56425
56427
56485
56486
56487
56488
56493
56494
56495
56496
56569
56570
56571
56572
56573
56574
56575
56576
56577
56578
56579
56580
56581
56582
56583
56584
56585
56586
56587
56588
56589
56590
56591
56592
56593
56594
56595
56596
56597
56598
56599
56600
56601
56602
56603
56604
56605
56606
56607
56608
57301
57302
57305
57306
57309
57310
57313
57314
57333
57334
57337
57338
57349
57350
57353
57354
57357
57358
57361
57362
57679
57681
57683
57685
57695
57697
57699
57701
57775
57776
57777
57778
57779
57780
57781
57782
57783
57784
57785
57786
57787
57788
57789
57790
57791
57792
57793
57794
57795
57796
57797
57798
57799
57800
57801
57802
57803
57804
57805
57806
57807
57808
57809
57810
57811
57812
57813
57814
57815
57816
57817
57818
57871
57872
57873
57874
57875
57876
57877
57878
57879
57880
57881
57882
57883
57884
57885
57886
57887
57888
57889
57890
57891
57892
57893
57894
57895
57896
57897
57898
57899
57900
57901
57902
57903
57904
57905
57906
57907
57908
57909
57910
57911
57912
57913
57914
57915
57916
57917
57918
57919
57920
57921
57922
57923
57924
57925
57926
57927
57928
57939
57940
57941
57942
57943
57944
57945
57946
57947
57948
57951
57952
58739
58740
58741
58742
58743
58744
58745
58746
58747
58748
58749
58750
58751
58752
58753
58754
58755
58756
58757
58758
58759
58760
58761
58762
58763
58764
58765
58766
58767
58768
58769
58770
58771
58772
58773
58774
58775
58776
58777
58778
58779
58780
58781
58782
58783
58784
58785
58786
58787
58788
58789
58790
58791
58792
58793
58794
58951
58952
58953
58954
58955
58956
58957
58958
58959
58960
58961
58962
58963
58964
58965
58966
58967
58968
58969
58970
58971
58972
58973
58974
58975
58976
58977
58978
58979
58980
58981
58982
59203
59204
59207
59208
59211
59212
59215
59216
59235
59236
59237
59238
59239
59240
59241
59242
59243
59244
59245
59246
59247
59248
59249
59250
59260
59264
59271
59272
59273
59274
59275
59276
59277
59278
59281
59282
59285
59286
59735
59737
59738
59739
59741
59742
59751
59752
59753
59754
59755
59756
59757
59758
59817
59818
59819
59820
59821
59822
59823
59824
59825
59826
59827
59828
59829
59830
59831
59832
59833
59834
59835
59836
59837
59838
59839
59840
59841
59842
59843
59844
59845
59846
59847
59848
59933
59934
59935
59936
59937
59938
59939
59940
59941
59942
59943
59944
59945
59946
59947
59948
59949
59950
59951
59952
59953
59954
59955
59956
59957
59958
59959
59960
59961
59962
59963
59964
59973
59974
59975
59976
59977
59978
59979
59980
60053
60054
60055
60056
60057
60058
60059
60060
60522
60526
60529
60530
60531
60532
60533
60534
60535
60536
60553
60554
60555
60556
60557
60558
60559
60560
60561
60562
60563
60564
60581
60582
60583
60584
60585
60586
60587
60588
60589
60591
60592
60593
60595
60596
60810
60811
60812
60814
60815
60816
60818
60819
60820
60822
60823
60824
60825
60826
60827
60828
60829
60830
60831
60832
60833
60834
60835
60836
60837
60838
60839
60840
60841
60842
60843
60844
60845
60846
60847
60848
60849
60850
60851
60852
60853
60854
60855
60856
60857
60858
60859
60860
61015
61016
61017
61018
61019
61020
61021
61022
61023
61024
61025
61026
61027
61028
61029
61030
61031
61032
61033
61034
61035
61036
61037
61038
61039
61040
61041
61042
61043
61044
61045
61046
61047
61048
61049
61050
61051
61052
61053
61054
61055
61056
61059
61060
61063
61067
61596
61624
61628
61864
61865
61866
61867
61868
61869
61870
61871
61872
62201
62202
62203
62204
62205
62207
62208
62209
62210
62211
62212
62213
62214
62215
62216
62217
62218
62219
62220
62221
62222
62223
62224
62225
62227
62228
62229
62231
62232
62233
62234
62235
62236
62237
62238
62239
62240
62241
62242
62243
62244
62245
62246
62247
62248
62254
62861
62862
62863
62864
62865
62866
62867
62868
62869
62870
62871
62872
62873
62874
62875
62876
62882
62884
62902
62904
62906
62908
62925
62926
62927
62928
62929
62930
62931
62932
63046
63048
63054
63066
63068
63070
63072
63231
63233
63234
63235
63236
63237
63238
63239
63240
63249
63250
63251
63252
63253
63254
63255
63256
63259
63263
63389
63390
63392
63393
63394
63395
63396
63401
63402
63404
63405
63406
63408
63409
63410
63412
63413
63414
63415
63416
63417
63418
63419
63420
63429
63430
63432
63433
63434
63436
64165
64166
64167
64168
64173
64174
64175
64176
64185
64186
64187
64188
64189
64190
64191
64192
64201
64202
64203
64204
64205
64206
64207
64208
64285
64286
64287
64288
64289
64290
64291
64305
64306
64307
64309
64310
64311
64337
64338
64339
64340
64341
64345
64429
64430
64431
64432
64433
64434
64435
64436
64437
64438
64439
64440
64441
64442
64443
64444
64445
64446
64447
64448
64449
64450
64451
64452
64453
64454
64455
64456
64457
64458
64459
64460
64461
64462
64463
64464
64465
64466
64467
64468
64469
64470
64471
64472
64473
64474
64475
64476
64477
64478
64479
64480
64481
64482
64485
64486
65237
65238
65239
65240
65241
65242
65243
65244
65245
65246
65247
65248
65249
65250
65251
65252
65316
65320
65353
65354
65355
65356
65357
65358
65359
65360
65369
65370
65371
65373
65374
65375
65745
65746
65747
65748
65749
65750
65751
65752
65753
65754
65755
65756
65757
65758
65759
65760
65761
65762
65763
65764
65765
65766
65767
65768
65769
65770
65771
65772
65773
65774
65775
65776
65777
65779
65780
65781
65783
65784
65793
65794
65795
65796
66217
66219
66221
66223
66233
66235
66237
66239
66317
66318
66319
66320
66321
66322
66323
66324
66325
66326
66327
66328
66329
66330
66331
66332
66333
66334
66335
66336
66337
66338
66339
66340
66341
66342
66343
66344
66345
66346
66347
66348
66349
66350
66351
66352
66353
66354
66355
66356
66398
66400
66402
66404
66693
66695
66696
66697
66699
66700
66709
66710
66711
66712
66713
66714
66715
66716
66717
66718
66719
66720
66721
66722
66723
66724
67025
67026
67027
67028
67038
67039
67040
67042
67043
67044
67046
67047
67048
67050
67051
67052
67053
67054
67055
67056
67057
67058
67059
67060
67081
67082
67083
67084
67085
67086
67087
67088
67089
67091
67093
67095
67097
67098
67099
67100
67101
67102
67103
67104
67105
67109
67814
67842
67846
67857
67858
67860
67861
67862
68094
68098
68099
68100
68101
68102
68103
68104
68105
68106
68107
68108
68109
68110
68111
68112
68113
68114
68115
68116
68117
68118
68119
68120
68121
68122
68123
68124
68125
68126
68127
68128
68129
68130
68131
68132
68133
68134
68135
68136
68137
68138
68139
68140
68141
68142
68143
68144
68145
68146
68147
68148
68149
68150
68151
68152
68153
68155
68156
68157
68158
68159
68160
68161
68162
68163
68164
68165
68166
68167
68168
68169
68170
68171
68172
68173
68174
68175
68176
68177
68178
68179
68180
68181
68183
68184
68185
68187
68188
68189
68203
68204
68205
68207
68208
68209
68672
68676
68695
68696
68698
68699
68700
68701
68702
68707
68708
68711
68712
68714
68715
68716
68718
68719
68720
68721
68722
68723
68724
68725
68726
68735
68736
68739
68740
69227
69228
69229
69230
69231
69232
69233
69234
69235
69236
69237
69238
69239
69240
69241
69242
69243
69244
69245
69246
69247
69248
69249
69250
69251
69252
69253
69254
69255
69256
69257
69258
69259
69260
69261
69262
69263
69264
69265
69266
69277
69336
69340
69343
69344
69345
69346
69347
69348
69349
69350
69351
69352
69353
69354
69355
69356
69357
69358
69359
69360
69361
69362
69363
69364
69365
69366
69367
69368
69369
69370
69371
69372
69373
69374
69375
69376
69377
69378
69379
69380
69381
69382
69459
69460
69461
69462
69911
69912
69914
69915
69916
69917
69918
69923
69924
69926
69927
69928
69930
69931
69932
69934
69935
69936
69937
69938
69939
69940
69941
69942
69951
69952
69954
69955
69956
69958
69959
69960
69961
69962
69963
69964
69965
69966
69967
69968
69969
69970
69971
69972
69973
69974
70556
70558
70559
70560
70561
70562
70564
70565
70566
70567
70568
70569
70570
70572
70574
70651
70652
70653
70654
70655
70656
70657
70658
70659
70663
70667
70671
70795
70796
70799
70800
70803
70804
70807
70808
70827
70828
70831
70832
70843
70844
70847
70848
70851
70852
70855
70856
71559
71560
71561
71562
71563
71564
71565
71566
71567
71568
71569
71570
71571
71572
71573
71574
71575
71576
71577
71578
71579
71580
71581
71582
71583
71584
71585
71586
71587
71588
71589
71590
71591
71592
71593
71594
71634
71638
71639
71640
71641
71642
71643
71644
71645
71646
71647
71648
71649
71650
71651
71652
71653
71654
71655
71656
71657
71658
71659
71660
71661
71662
71672
71673
71674
71676
71677
71678
71680
71682
71763
71765
71767
71769
71779
71783
72087
72088
72089
72090
72091
72093
72094
72095
72097
72098
72207
72209
72210
72211
72213
72214
72223
72224
72225
72226
72227
72228
72229
72230
72447
72448
72449
72450
72451
72452
72453
72454
72455
72457
72458
72459
72461
72462
72463
72464
72465
72466
72467
72468
72469
72470
72471
72472
72473
72474
72475
72476
72477
72478
72497
72501
72929
72930
72933
72934
72943
72944
72945
72946
72947
72948
72949
72950
72951
72952
72953
72954
72955
72956
72957
72958
73009
73010
73013
73014
73017
73018
73021
73022
73223
73224
73225
73226
73227
73228
73229
73230
73231
73232
73233
73234
73235
73236
73237
73238
73239
73240
73241
73242
73243
73244
73245
73246
73247
73248
73249
73250
73251
73252
73253
73254
73997
73998
74001
74002
74004
74005
74006
74008
74009
74010
74011
74012
74013
74014
74015
74016
74017
74018
74019
74020
74021
74022
74023
74024
74025
74026
74027
74028
74029
74030
74031
74032
74033
74034
74035
74036
74037
74038
74039
74040
74041
74042
74043
74044
74045
74046
74047
74048
74049
74050
74051
74052
74053
74054
74055
74056
74057
74058
74059
74060
74061
74062
74300
74302
74308
74309
74310
74320
74322
74324
74326
74336
74337
74338
74340
74341
74342
74343
74344
74345
74346
74347
74348
74349
74350
74351
74352
74353
74354
74355
74356
74357
74358
74359
74360
74361
74362
74363
74364
74365
74366
74379
74380
74381
74395
74396
74397
74399
74400
74401
74775
74776
74779
74780
74791
74792
74795
74796
74799
74800
74803
74804
74821
74827
74828
74829
74830
74833
74834
74837
74841
74851
74852
74853
74854
74855
74856
74857
74858
74861
74862
74865
74866
75411
75415
75533
75534
75535
75536
75537
75538
75539
75540
75541
75543
75549
75551
75557
75559
75561
75563
75573
75575
75577
75579
75589
75590
75591
75592
75593
75594
75595
75596
75597
75598
75599
75600
75733
75734
75735
75736
75745
75746
75747
75748
75749
75750
75751
75752
75761
75762
75763
75764
75765
75766
75767
75768
75769
75770
75771
75772
75773
75774
75775
75776
75777
75778
75779
75780
75781
75782
75783
75784
75785
75786
75787
75788
75789
75790
75791
75792
75793
75794
75795
75796
75797
75798
75799
75800
75801
75802
75803
75804
75902
75904
75905
75906
75907
75908
75913
75914
75915
75916
75918
75920
75922
75924
75925
75926
75927
75928
75929
75930
75931
75932
75941
75942
75943
75944
75945
75946
75947
75948
76549
76550
76551
76552
76553
76554
76555
76556
76557
76558
76559
76560
76561
76562
76563
76564
76565
76566
76567
76568
76569
76570
76571
76572
76573
76574
76575
76576
76577
76578
76579
76580
76647
76648
76651
76653
76654
76655
76656
76657
76658
76659
76660
76663
76664
76667
76668
76671
76675
76677
76678
76679
76680
76681
76682
76683
76684
76685
76686
76687
76688
76689
76690
76691
76692
77054
77056
77057
77058
77059
77060
77061
77062
77063
77064
77066
77067
77068
77070
77071
77072
77073
77074
77075
77076
77077
77078
77079
77080
77081
77082
77083
77084
77085
77086
77087
77088
77089
77090
77091
77092
77093
77094
77095
77096
77097
77098
77099
77100
77101
77102
77103
77104
77267
77268
77269
77270
77271
77272
77273
77274
77275
77276
77277
77278
77279
77280
77281
77282
77283
77284
77285
77286
77287
77288
77289
77290
77291
77292
77293
77294
77295
77296
77297
77298
77299
77300
77301
77302
77303
77304
77305
77306
77307
77308
77309
77310
77311
77312
77313
77314
77315
77316
77317
77318
78124
78128
78130
78131
78132
78134
78135
78136
78140
78144
78147
78148
78151
78152
78153
78154
78155
78156
78157
78158
78159
78160
78161
78162
78163
78164
78165
78166
78167
78168
78169
78170
78171
78172
78173
78174
78175
78176
78177
78178
78179
78180
78181
78182
78183
78184
78185
78186
78187
78188
78189
78190
78191
78192
78193
78194
78195
78196
78197
78198
78199
78200
78201
78202
78203
78204
78205
78206
78207
78209
78210
78211
78274
78276
78277
78278
78279
78280
78281
78282
78283
78284
78285
78286
78287
78288
78289
78290
78291
78292
78293
78294
78295
78296
78297
78298
78299
78300
78301
78302
78303
78304
78305
78306
78307
78308
78309
78310
78311
78313
78314
78315
78593
78594
78595
78596
78597
78598
78599
78600
78601
78602
78603
78604
78605
78606
78607
78608
79045
79047
79048
79049
79051
79052
79130
79132
79134
79136
79137
79138
79139
79140
79141
79142
79143
79144
79146
79150
79153
79154
79155
79156
79157
79158
79159
79160
79409
79410
79411
79412
79413
79414
79415
79416
79417
79418
79419
79420
79421
79422
79423
79424
79425
79426
79428
79429
79430
79432
79433
79434
79435
79436
79437
79438
79439
79440
79441
79443
79444
79841
79842
79844
79845
79846
79848
79849
79850
79851
79852
79853
79854
79855
79856
79857
79858
79859
79860
79861
79862
79863
79864
79865
79866
79867
79868
79869
79870
79871
79872
79873
79874
79875
79876
79877
79878
79879
79880
79881
79882
79883
79884
79885
79886
79887
79888
79907
79908
79911
79912
79915
79919
80160
80164
80174
80175
80176
80178
80179
80180
80181
80182
80183
80184
80185
80186
80187
80188
80304
80308
80310
80311
80312
80314
80315
80316
80320
80324
80325
80326
80327
80328
80329
80330
80331
80332
80333
80334
80335
80336
80337
80338
80339
80340
80756
80757
80758
80759
80760
80761
80762
80763
80829
80830
80831
80832
80837
80838
80839
80840
80841
80842
80843
80844
80845
80846
80847
80848
80849
80850
80851
80852
81001
81002
81003
81004
81005
81006
81007
81008
81009
81010
81011
81012
81013
81014
81015
81016
81017
81018
81019
81020
81021
81022
81023
81024
81039
81040
81045
81046
81047
81048
81049
81050
81051
81052
81261
81262
81263
81264
81265
81266
81267
81268
81269
81270
81271
81272
81273
81274
81275
81276
81279
81285
81286
81287
81288
81329
81330
81331
81332
81337
81338
81340
81413
81415
81416
81421
81422
81423
81424
81425
81427
81479
81485
81486
81487
81488
81593
81594
81595
81596
81597
81598
81599
81600
81601
81602
81605
81606
81608
81609
81610
81611
81612
81774
81776
81782
81784
81817
81818
81819
81820
81821
81822
81823
81824
81825
81826
81827
81828
81832
81833
81834
81835
81836
81837
81838
81839
81840
81841
81842
81843
81844
81887
81888
81891
81892
81893
81894
81895
81896
81897
81898
81899
81900
81901
81902
81903
81904
81905
81906
81907
81908
81909
81910
81911
81912
82215
82216
82218
82219
82220
82221
82222
82223
82224
82228
82229
82230
82231
82232
82233
82234
82237
82296
82302
82303
82304
82349
82350
82351
82352
82357
82358
82359
82360
82365
82366
82367
82368
82529
82530
82531
82532
82533
82534
82535
82536
82537
82538
82539
82540
82541
82542
82543
82544
82555
82556
82650
82653
82654
82655
82656
82721
82722
82723
82724
82725
82727
82729
82730
82731
82732
82733
82735
82736
82780
82782
82788
82790
82791
82792
82793
82794
82909
83065
83066
83067
83068
83069
83070
83071
83072
83073
83074
83075
83076
83246
83248
83254
83256
83277
83278
83279
83280
83281
83282
83283
83284
83285
83286
83287
83288
83289
83319
83320
83323
83324
83325
83326
83327
83328
83329
83330
83331
83332
83333
83334
83335
83336
83337
83605
83606
83607
83608
83609
83610
83611
83612
83613
83614
83615
83616
83617
83618
83619
83620
83621
83622
83623
83624
83625
83626
83627
83672
83673
83674
83675
83676
83678
83680
83681
83682
83683
83684
83701
83702
83703
83704
83705
83706
83707
83708
83709
83710
83711
83712
83713
83714
83715
83823
83824
83827
83828
83996
83999
84000
84001
84002
84003
84004
84005
84006
84007
84008
84009
84010
84011
84012
84013
84014
84123
84124
84125
84126
84127
84128
84129
84130
84131
84132
84133
84134
84135
84136
84137
84138
84193
84194
84195
84196
84197
84198
84199
84200
84201
84202
84203
84204
84309
84310
84311
84312
84313
84314
84315
84316
84317
84318
84319
84320
84321
84322
84323
84324
84327
84333
84334
84335
84336
84339
84480
84583
84584
84585
84586
84587
84588
84589
84590
84591
84592
84593
84594
84595
84596
84597
84598
84615
84616
84617
84618
84623
84625
84691
84692
84693
84694
84695
84696
84697
84698
84699
84700
84701
84702
84703
84704
84705
84706
84707
84708
84709
84710
84711
84715
84959
84960
84961
84962
84963
84964
84965
84966
84967
84968
84969
84970
84971
84972
84973
84974
85011
85012
85013
85014
85015
85016
85017
85018
85019
85020
85021
85022
85023
85024
85025
85026
85027
85028
85029
85030
85255
85256
85257
85258
85259
85260
85261
85262
85263
85264
85265
85266
85267
85268
85269
85270
85420
85423
85424
85425
85426
85533
85567
85568
85569
85570
85571
85572
85573
85574
85575
85576
85578
85579
85580
85581
85582
85608
85611
85612
85613
85614
85756
85767
85768
85769
85770
85771
85772
85773
85774
85775
85776
85777
85778
85779
85780
85781
85782
85783
85784
85785
85786
85787
85788
85789
85790
85951
85953
85959
85961
85967
85968
85969
85970
85971
85972
85973
85974
85975
85976
85977
85978
86067
86068
86069
86070
86071
86072
86073
86074
86075
86076
86077
86383
86384
86385
86386
86387
86388
86389
86390
86391
86392
86393
86394
86395
86396
86399
86400
86401
86402
86403
86404
86407
86467
86471
86473
86479
86480
86481
86482
86483
86484
86485
86486
86487
86488
86489
86490
86491
86493
86679
86680
86681
86682
86683
86685
86686
86687
86688
86689
86690
86691
86692
86693
86694
86798
86849
86850
86852
86853
86854
86855
86856
86861
86862
86863
86864
86902
86904
86957
86959
86965
86967
87022
87024
87025
87026
87027
87028
87029
87030
87031
87032
87033
87034
87035
87036
87037
87038
87039
87040
87241
87242
87244
87245
87246
87247
87248
87273
87274
87275
87276
87277
87278
87279
87280
87281
87282
87285
87286
87427
87428
87429
87430
87431
87433
87439
87441
87489
87490
87492
87493
87494
87495
87496
87497
87498
87499
87500
87501
87502
87515
87516
87517
87518
87722
87971
87972
87973
87974
87975
87976
87977
87978
87979
87980
87982
87983
87984
87985
87986
87987
87988
87989
87990
87991
87993
87994
87995
87996
87997
87998
87999
88000
88001
88002
88195
88196
88197
88198
88199
88201
88202
88203
88204
88205
88206
88207
88208
88209
88210
88216
88218
88256
88258
88323
88324
88325
88326
88331
88332
88333
88334
88337
88375
88376
88378
88379
88380
88381
88382
88571
88572
88575
88576
88713
88714
88715
88716
88717
88718
88719
88720
88721
88722
88723
88724
88725
88726
88727
88728
88729
88730
88731
88773
88774
88775
88776
88777
88778
88779
88780
88781
88782
88783
88784
88785
88786
88787
88788
88789
88790
88791
88792
88793
88794
88795
88796
88797
88798
88799
88800
88801
88802
88803
88804
88805
88806
89020
89076
89077
89078
89079
89080
89081
89082
89083
89084
89085
89086
89087
89088
89089
89090
89091
89254
89265
89266
89268
89481
89482
89483
89484
89485
89486
89487
89488
89489
89490
89491
89492
89493
89494
89495
89496
89518
89520
89526
89593
89594
89596
89661
89662
89664
89665
89666
89667
89668
89673
89674
89676
89833
89834
89835
89836
89841
89842
89843
89844
89885
89886
89887
89888
89889
89893
89925
89926
89929
89930
90275
90276
90278
90279
90280
90281
90282
90283
90284
90357
90358
90359
90360
90361
90362
90363
90364
90365
90366
90367
90368
90369
90370
90371
90372
90378
90380
90386
90387
90388
90389
90390
90391
90405
90406
90407
90545
90546
90547
90548
90553
90554
90559
90703
90729
90730
90731
90732
90733
90734
90735
90736
90737
90738
90739
90740
90741
90742
90743
90744
90745
90747
90753
90755
90801
90802
90803
90804
90809
90810
90811
90812
90846
90848
90849
90850
90851
90852
91045
91046
91047
91048
91049
91050
91051
91052
91053
91054
91055
91056
91057
91058
91059
91060
91079
91080
91083
91230
91232
91233
91234
91235
91236
91238
91239
91240
91241
91242
91243
91244
91301
91302
91305
91306
91317
91318
91319
91320
91615
91616
91617
91618
91619
91620
91621
91622
91623
91624
91625
91626
91627
91628
91629
91630
91631
91632
91633
91634
91635
91636
91637
91638
91639
91640
91641
91642
91719
91720
91721
91722
91723
91724
91725
91726
91727
91728
91729
91730
91731
91732
91733
91734
91843
91844
91847
91848
91859
91860
91861
91862
91863
91864
91865
91866
91872
91879
91880
91881
91882
91885
91886
92119
92121
92122
92127
92128
92129
92130
92163
92164
92165
92166
92167
92168
92169
92170
92171
92172
92173
92174
92175
92176
92177
92178
92221
92222
92223
92224
92225
92226
92227
92228
92229
92230
92231
92232
92233
92234
92235
92236
92241
92242
92243
92244
92285
92286
92287
92288
92530
92533
92534
92535
92536
92545
92546
92547
92548
92549
92550
92551
92552
92561
92562
92563
92564
92565
92567
92568
92674
92675
92676
92678
92679
92680
92681
92682
92683
92684
92685
92686
92687
92688
92689
92690
92691
92692
92693
92694
92695
92696
92771
92772
92773
92774
92775
92776
92777
92778
92779
92780
92781
92782
92783
92784
92785
92786
92787
92788
92789
92790
92791
92792
92795
93083
93084
93085
93086
93087
93088
93089
93090
93126
93143
93144
93145
93146
93151
93152
93153
93339
93340
93341
93342
93343
93344
93345
93346
93347
93348
93349
93350
93351
93352
93353
93354
93355
93357
93358
93569
93571
93577
93579
93619
93620
93621
93622
93623
93624
93625
93626
93627
93628
93629
93630
93631
93632
93633
93634
93635
93636
93637
93638
93660
93662
93799
93801
93802
93807
93808
93809
93810
93811
93812
93813
93814
93963
93964
93965
93966
93972
93973
93974
93976
93977
93978
93979
93980
93981
93982
93995
93996
93997
93998
93999
94001
94003
94004
94005
94006
94007
94412
94413
94414
94415
94416
94417
94418
94419
94420
94421
94422
94423
94424
94425
94426
94427
94447
94448
94449
94450
94451
94452
94453
94454
94455
94456
94457
94458
94459
94465
94466
94467
94508
94510
94516
94668
94669
94670
94671
94672
94674
94675
94734
94736
94737
94742
94743
94744
94745
94854
94855
94856
94857
94858
94860
94861
94862
94863
94864
94865
94866
94867
94868
94869
94880
95104
95105
95110
95111
95112
95113
95114
95115
95116
95117
95144
95145
95148
95149
95254
95255
95256
95257
95258
95259
95260
95261
95262
95263
95264
95265
95266
95267
95268
95269
95525
95527
95528
95529
95533
95536
95537
95538
95539
95540
95541
95542
95543
95544
95545
95546
95547
95548
95549
95550
95551
95552
95553
95554
95555
95556
95557
95558
95559
95560
95561
95562
95563
95564
95565
95566
95567
95568
95603
95605
95606
95607
95608
95609
95610
95611
95612
95613
95614
95615
95616
95617
95618
95619
95620
95621
95622
95623
95624
95766
95767
95768
95769
95770
95771
95772
95773
95982
95984
95985
96023
96025
96026
96027
96028
96029
96031
96034
96035
96036
96037
96158
96159
96160
96161
96162
96163
96164
96165
96166
96167
96169
96170
96171
96172
96173
96366
96367
96369
96370
96371
96372
96373
96374
96375
96376
96377
96378
96379
96380
96381
96382
96383
96384
96385
96386
96387
96388
96389
96400
96401
96404
96525
96531
96532
96533
96534
96535
96536
96537
96597
96599
96600
96601
96605
96606
96607
96608
96609
96610
96611
96612
96613
99458
99459
99460
99461
99462
99463
99464
99465
99466
99467
99468
99469
99522
99523
99524
99525
99530
99531
99532
99650
99651
99652
99653
99654
99655
99656
99657
99663
99694
99695
99696
99697
99698
99699
99700
99701
99702
99703
99704
99705
99706
99707
99708
99709
99912
99914
99915
99920
99921
99922
99923
99968
99969
99970
99971
99972
99974
99980
99982
100024
100025
100026
100027
100032
100033
100034
100035
100036
100037
100038
100039
100040
100041
100042
100043
100044
100045
100046
100047
100093
100095
100265
100268
100269
100270
100271
100280
100282
100283
100284
100285
100286
100287
100288
100290
100291
100409
100410
100411
100413
100414
100415
100416
100417
100418
100419
100425
100426
100427
100429
100430
100431
100448
100449
100450
100451
100522
100523
100524
100525
100526
100527
100530
100837
100838
100839
100840
100841
100842
100843
100844
100853
100854
100855
100856
100857
100858
100859
100860
100904
100908
100909
100910
100911
100912
100913
100914
100915
100916
100917
100918
100919
100920
100957
100959
101141
101143
101144
101149
101150
101151
101152
101153
101155
101156
101271
101272
101273
101274
101303
101304
101305
101306
101307
101309
101310
101311
101312
101313
101314
101315
101316
101317
101318
101499
101500
101501
101502
101503
101504
101505
101506
101517
101518
101675
101676
101677
101678
101679
101680
101681
101682
101683
101684
101685
101686
101687
101688
101689
101690
101691
101692
101693
101694
101695
101697
101699
101700
101701
101702
101703
101994
101996
101997
101998
101999
102000
102001
102002
102003
102004
102005
102006
102007
102008
102009
102010
102011
102012
102013
102014
102015
102016
102017
102018
102019
102020
102021
102022
102044
102045
102046
102048
102050
102051
102052
102053
102054
102055
102056
102057
102058
102059
102060
102061
102062
102095
102219
102220
102221
102222
102399
102401
102402
102407
102408
102409
102410
102411
102413
102414
102468
102470
102471
102472
102473
102474
102476
102479
102480
102481
102482
102585
102591
102592
102593
102594
102595
102596
102597
102598
102599
102600
102602
102603
102604
102605
102606
102815
102816
102817
102818
102819
102820
102821
102822
102823
102824
102826
102827
102828
102829
102830
102831
102832
102833
102834
102835
102836
102837
102838
102849
102850
102853
102854
102865
102866
102869
102950
102956
102957
102958
103002
103004
103005
103006
103266
103269
103270
103271
103272
103273
103274
103275
103276
103277
103278
103283
103284
103285
103286
103287
103288
103289
103291
103292
103293
103294
103295
103296
103297
103323
103324
103325
103326
103327
103328
103329
103363
103364
103365
103366
103371
103372
103373
103374
103511
103512
103513
103514
103523
103524
103525
103526
103527
103528
103529
103530
103549
103550
103747
103748
103749
103750
103751
103752
103753
103754
103755
103756
103757
103758
103759
103760
103761
103762
103803
103804
103805
103806
103919
103921
103922
103927
103928
103929
103930
103931
103933
104071
104072
104073
104074
104075
104076
104077
104078
104087
104088
104089
104090
104091
104092
104093
104094
104095
104096
104099
104100
104102
104260
104262
104268
104270
104295
104296
104297
104298
104299
104300
104301
104302
104303
104304
104305
104306
104307
104308
104309
104310
104314
104366
104367
104368
104369
104370
104371
104372
104373
104374
104375
104376
104377
104378
104379
104380
104381
104382
104383
104384
104385
104386
104387
104388
104389
104390
104690
104697
104698
104700
104701
104702
104703
104704
104705
104706
104711
104712
104715
104766
104772
104773
104774
104795
104796
104797
104798
104799
104800
104801
104802
104803
104804
104805
104806
104807
104808
104809
104810
104815
104816
104817
104818
104963
104964
104965
104966
104967
104968
104969
104970
104971
104972
104973
104974
104975
104976
104977
104978
104979
104980
104981
104982
104983
104984
104985
104986
104987
104988
104989
104990
104991
104992
104993
104994
104999
105000
105001
105002
105003
105004
105005
105006
105017
105018
105193
105199
105200
105201
105202
105227
105228
105230
105231
105232
105233
105234
105235
105237
105239
105240
105241
105242
105243
105245
105246
105288
105290
105296
105298
105373
105379
105380
105381
105382
105385
105559
105560
105561
105562
105563
105564
105565
105566
105567
105568
105569
105570
105571
105572
105573
105574
105777
105778
105779
105780
105781
105782
105783
105784
105785
105786
105787
105788
105789
105790
105791
105792
105793
105794
105795
105796
105797
105798
105799
105800
105801
105831
105832
105835
105836
105847
105848
105851
105852
105853
105854
105855
105856
105857
105858
105859
105860
105861
105862
105863
105864
105865
105866
105867
105868
105869
106124
106125
106126
106127
106128
106129
106130
106131
106132
106133
106134
106135
106136
106137
106138
106139
106140
106141
106142
106143
106144
106220
106221
106222
106223
106224
106226
106228
106229
106230
106231
106232
106261
106262
106263
106264
106265
106266
106267
106268
106269
106270
106271
106272
106273
106274
106275
106276
106277
106278
106279
106403
106404
106407
106408
106512
106515
106516
106517
106518
106524
106527
106528
106529
106530
106531
106532
106533
106534
106699
106700
106701
106702
106703
106704
106705
106706
106707
106708
106709
106710
106711
106712
106713
106714
106835
106836
106837
106838
106839
106840
106841
106842
106843
106844
106845
106846
106847
106848
106849
106850
106998
107108
107110
107116
107118
107119
107120
107121
107122
107123
107124
107125
107126
107147
107148
107149
107150
107155
107157
107195
107196
107197
107198
107199
107200
107201
107202
107203
107204
107205
107206
107207
107208
107209
107210
107467
107468
107469
107470
107471
107472
107473
107475
107476
107477
107478
107479
107480
107481
107482
107515
107516
107517
107518
107519
107520
107521
107522
107523
107524
107525
107526
107527
107528
107529
107530
107723
107724
107725
107726
107885
107886
107887
107888
107889
107890
107891
107892
108003
108004
108005
108006
108007
108008
108009
108010
108011
108012
108013
108014
108015
108016
108017
108018
108029
108099
108100
108101
108102
108103
108104
108105
108106
108107
108108
108110
108111
108112
108113
108114
108189
108195
108196
108197
108198
108201
108302
108313
108314
108315
108316
108317
108318
108319
108320
108321
108322
108323
108324
108325
108326
108327
108328
108465
108466
108467
108468
108469
108470
108471
108472
108473
108475
108481
108483
108577
108578
108579
108580
108581
108585
108593
108594
108595
108897
108898
108899
108900
108901
108902
108903
108904
108905
108906
108907
108908
108909
108910
108911
108912
108913
108914
108915
108916
108917
108918
108965
108966
108967
108968
108969
108973
108975
108981
108982
108983
108984
109197
109198
109199
109200
109201
109202
109203
109204
109205
109206
109207
109208
109209
109210
109211
109212
109213
109215
109216
109217
109218
109219
109220
109221
109222
109223
109224
109334
109337
109338
109339
109340
109346
109393
109394
109396
109459
109461
109467
109469
109492
109495
109496
109497
109498
109504
109506
109507
109508
109509
109510
109511
109512
109513
109514
109707
109708
109710
109711
109712
109713
109714
109723
109724
109725
109726
109727
109728
109729
109730
109731
109732
109733
109734
109735
109736
109737
109738
109739
109740
109743
109744
109899
109900
109901
109902
109903
109904
109905
109906
109907
109908
109909
109910
109911
109912
109913
109914
109915
109917
109923
109925
109991
109992
109993
109994
109995
109996
109997
109998
110001
110002
110004
110005
110006
110007
110008
110009
110010
110011
110012
110013
110014
110271
110272
110273
110274
110275
110276
110279
110355
110356
110357
110358
110359
110360
110361
110362
110363
110365
110539
110540
110541
110542
110543
110544
110545
110546
110547
110548
110550
110551
110552
110553
110554
110747
110748
110749
110750
110755
110756
110757
110758
110759
110760
110761
110762
110763
110765
110766
110767
110768
110769
110770
110771
110772
110773
110774
110800
110802
110808
110810
110887
110888
110889
110890
110895
110896
110897
110898
110931
110932
110933
110934
110935
110936
110937
110938
111187
111188
111191
111192
111323
111324
111325
111326
111327
111328
111329
111330
111331
111332
111333
111334
111335
111336
111337
111338
111359
111360
111361
111362
111363
111364
111365
111366
111367
111368
111369
111370
111371
111372
111373
111374
111375
111376
111377
111378
111379
111380
111610
111670
111671
111672
111673
111674
111675
111676
111677
111678
111791
111792
111793
111794
111795
111797
111798
111799
111800
111801
111802
111803
111804
111805
111806
111812
112020
112022
112031
112032
112033
112034
112035
112036
112037
112038
112084
112086
112092
112141
112175
112176
112178
112179
112180
112181
112182
112187
112188
112190
112403
112404
112405
112406
112411
112412
112413
112414
112439
112440
112441
112455
112456
112457
112458
112459
112463
112499
112500
112501
112502
112503
112504
112505
112506
112507
112508
112509
112510
112511
112512
112513
112514
112515
112516
112519
112520
112810
112821
112822
112824
112825
112826
112907
112908
112909
112910
112911
112912
112913
112914
112915
112916
112917
112918
112919
112920
112921
112922
112923
112924
112925
112926
112927
112928
112929
112931
112932
112933
113103
113104
113106
113107
113108
113109
113110
113115
113116
113267
113268
113269
113270
113271
113272
113273
113274
113285
113303
113304
113305
113306
113307
113308
113309
113310
113311
113312
113313
113314
113315
113316
113317
113318
113343
113344
113345
113346
113551
113552
113554
113555
113556
113557
113558
113563
113564
113566
113567
113568
113569
113570
113571
113572
113573
113574
113575
113576
113577
113578
113579
113580
113581
113582
113768
113770
113771
113772
113773
113774
113776
113777
113778
113779
113780
113781
113782
113839
113840
113843
113844
114147
114148
114149
114150
114151
114152
114153
114154
114155
114156
114157
114158
114159
114160
114161
114162
114163
114164
114165
114166
114244
114246
114252
114253
114254
114255
114256
114257
114258
114259
114260
114261
114262
114263
114264
114265
114266
114267
114268
114269
114270
114271
114272
114273
114403
114404
114407
114408
114421
114427
114428
114429
114430
114433
114434
114659
114661
114667
114669
114675
114676
114677
114678
114679
114680
114681
114682
114683
114684
114685
114686
114747
114748
114749
114750
114751
114752
114753
114754
114755
114756
114757
114758
114759
114760
114761
114762
114763
114764
114765
114766
114784
114786
114787
114788
114789
114790
114795
114796
114797
114798
115017
115018
115021
115023
115024
115025
115026
115027
115028
115029
115030
115167
115168
115169
115170
115171
115172
115173
115174
115175
115176
115177
115178
115179
115180
115181
115182
115245
115246
115247
115248
115249
115250
115251
115252
115253
115254
115255
115256
115257
115258
115259
115260
115261
115262
115263
115264
)


// ************************************************************************* //
