/*--------------------------------*- C++ -*----------------------------------*\
| =========                 |                                                 |
| \\      /  F ield         | OpenFOAM: The Open Source CFD Toolbox           |
|  \\    /   O peration     | Version:  2412                                  |
|   \\  /    A nd           | Website:  www.openfoam.com                      |
|    \\/     M anipulation  |                                                 |
\*---------------------------------------------------------------------------*/
FoamFile
{
    version     2.0;
    format      ascii;
    arch        "LSB;label=32;scalar=64";
    note        "nPoints:1435  nCells:912  nFaces:3200  nInternalFaces:2272";
    class       labelList;
    location    "constant/claddingZone/polyMesh";
    object      neighbour;
}
// * * * * * * * * * * * * * * * * * * * * * * * * * * * * * * * * * * * * * //


2272
(
3
357
2
6
339
3
5
356
4
361
5
13
362
6
12
355
7
11
340
10
337
9
19
320
10
18
323
11
17
336
12
16
345
13
15
354
14
367
15
368
16
27
353
17
26
346
18
25
335
19
24
324
20
23
319
22
309
22
32
308
23
31
313
24
30
318
25
29
329
26
28
334
27
351
352
29
333
30
39
330
31
38
317
32
37
314
33
36
307
35
304
35
44
377
36
43
376
37
42
375
38
41
374
39
40
373
372
41
904
42
51
861
43
50
860
44
49
845
45
48
844
47
483
47
56
482
48
55
487
49
54
843
50
53
850
51
52
859
866
53
858
54
63
851
55
62
842
56
61
488
57
60
481
59
463
59
68
462
60
67
467
61
66
480
62
65
493
63
64
841
856
65
840
66
73
494
67
72
479
68
71
468
70
461
70
77
455
71
76
460
72
75
473
73
74
478
499
75
83
477
76
82
474
77
81
459
78
80
456
79
453
80
87
504
81
86
503
82
85
502
83
84
501
500
85
585
86
93
584
87
92
565
88
91
564
90
506
90
98
508
91
97
570
92
96
569
93
95
568
94
583
95
582
96
103
579
97
102
578
98
101
571
100
572
100
108
593
101
107
592
102
106
591
103
105
590
104
589
105
623
106
113
622
107
112
609
108
111
608
110
597
110
118
596
111
117
602
112
116
607
113
115
616
114
621
115
620
116
122
617
117
121
606
118
120
603
119
595
120
126
711
121
125
710
122
124
709
123
708
124
132
762
125
131
761
126
130
736
127
129
735
128
715
129
136
718
130
135
734
131
134
743
132
133
760
769
134
141
759
135
140
744
136
139
733
138
719
138
146
714
139
145
723
140
144
732
141
143
749
142
758
143
151
757
144
150
750
145
149
731
146
148
724
147
713
148
712
149
729
150
730
151
755
756
153
160
818
154
159
817
158
816
156
166
779
157
165
783
158
164
782
159
163
815
160
162
814
161
819
162
180
827
163
179
825
164
178
826
165
177
803
166
176
784
167
175
791
168
174
790
169
173
644
172
643
171
191
638
172
190
639
173
189
640
174
188
647
175
187
789
176
186
788
177
185
805
178
184
804
179
183
806
180
182
824
181
828
182
839
183
838
184
837
185
836
186
203
798
187
202
797
188
201
792
189
200
648
190
199
667
191
198
666
192
197
661
193
196
660
195
659
195
210
635
196
209
658
197
208
657
198
207
662
199
206
665
200
205
668
201
204
671
202
793
203
794
835
205
672
206
697
207
220
696
208
219
691
209
218
690
210
217
685
211
216
684
212
215
683
214
509
214
226
511
215
225
514
216
224
682
217
223
681
218
222
686
219
221
689
220
692
695
222
706
223
707
224
235
701
225
234
702
226
233
515
227
232
528
228
231
527
230
522
230
241
521
231
240
523
232
239
526
233
238
529
234
237
532
235
236
703
704
237
705
238
533
239
248
554
240
247
553
241
246
548
242
245
547
244
542
244
253
541
245
252
543
246
251
546
247
250
549
248
249
552
555
250
902
251
260
903
252
259
885
253
258
880
254
257
879
256
878
256
265
379
257
264
877
258
263
876
259
262
887
260
261
886
898
262
897
263
272
888
264
271
889
265
270
890
266
269
380
268
385
268
277
384
269
276
386
270
275
389
271
274
891
272
273
894
895
274
911
275
283
910
276
282
390
277
281
401
278
280
400
279
395
280
287
396
281
286
399
282
285
402
283
284
405
909
285
406
286
293
423
287
292
422
288
291
417
290
416
290
298
412
291
297
415
292
296
418
293
295
421
294
424
295
445
296
303
444
297
302
439
298
301
438
300
433
300
432
301
434
302
437
303
440
443
305
307
376
306
378
450
307
311
315
381
449
308
314
375
311
313
310
313
319
312
326
383
312
382
313
315
327
387
314
318
315
317
374
316
388
448
317
327
331
391
447
318
330
373
319
327
329
320
324
326
321
323
322
326
394
323
325
343
397
324
336
325
329
335
326
328
348
398
327
393
328
392
329
331
349
403
330
334
331
333
372
332
404
446
333
349
407
334
335
349
351
336
346
348
337
343
345
340
342
339
341
359
413
340
356
341
345
355
342
344
364
414
343
411
344
348
410
345
347
365
419
346
354
347
351
353
348
350
370
420
349
409
350
408
351
371
425
352
353
371
354
368
370
355
365
367
356
362
364
359
361
358
361
360
431
360
364
430
361
363
435
362
363
367
364
366
436
365
429
366
370
428
367
369
441
368
369
370
442
371
427
426
373
446
374
447
904
375
448
861
376
449
860
377
450
845
451
844
379
381
872
380
877
381
385
389
890
382
388
871
385
387
384
387
393
386
400
386
387
389
401
388
392
389
391
892
390
891
391
401
405
910
392
404
907
393
401
403
394
398
400
395
397
396
400
397
399
417
398
410
399
403
409
400
402
422
401
402
403
405
423
404
408
405
407
908
406
909
407
423
408
409
423
425
410
420
422
411
417
419
414
416
413
415
433
414
430
415
419
429
416
418
438
417
418
422
419
421
439
420
428
421
425
427
422
424
444
423
424
425
445
426
427
445
428
442
444
429
439
441
430
436
438
433
435
432
435
434
434
438
435
437
436
437
441
438
440
439
440
444
441
443
442
443
444
445
447
908
448
905
907
449
862
892
450
863
871
451
846
872
847
873
453
457
510
562
456
504
455
457
471
512
456
460
457
459
503
458
513
561
459
471
475
516
560
460
474
502
461
471
473
462
468
470
465
467
464
467
481
466
490
520
466
470
519
467
469
491
524
468
480
469
473
479
470
472
496
525
471
518
472
517
473
475
497
530
474
478
475
477
501
476
531
559
477
497
534
558
478
500
479
497
499
480
494
496
481
491
493
482
488
490
485
487
484
487
844
486
540
847
486
490
539
487
489
544
848
488
843
489
493
842
490
492
545
853
491
538
492
496
537
493
495
550
854
494
841
495
499
840
496
498
551
857
497
536
498
535
499
556
501
558
502
559
585
503
560
584
504
561
565
562
564
506
563
575
634
564
570
508
573
575
654
570
572
510
514
683
513
633
512
514
528
513
517
514
516
632
515
682
516
528
532
702
517
531
631
518
528
530
519
525
527
522
524
521
524
538
523
547
523
527
524
526
548
525
537
526
530
536
527
529
553
528
529
530
532
554
531
535
532
534
630
533
703
534
554
705
535
557
536
554
556
537
551
553
538
548
550
539
545
547
542
544
541
544
874
543
879
543
547
544
546
880
545
881
546
550
884
547
549
885
548
549
553
550
552
903
551
900
552
556
901
553
555
902
554
555
556
558
630
705
559
560
586
630
561
587
631
562
566
632
563
633
564
566
576
679
565
569
566
568
584
567
587
680
568
576
580
588
687
569
579
583
570
576
578
571
575
572
574
578
591
573
592
574
612
653
575
577
611
656
576
655
577
678
578
580
626
677
579
590
580
582
589
581
625
688
582
588
698
583
584
588
585
587
586
587
629
588
700
699
590
623
625
591
622
626
592
609
611
593
608
612
597
599
595
600
604
645
739
596
603
711
600
602
598
602
608
599
601
613
636
612
637
601
642
602
604
614
641
603
607
604
606
710
605
646
738
606
614
618
649
765
607
617
709
608
614
616
609
613
610
616
622
611
613
615
627
664
612
626
663
613
652
614
651
615
650
616
618
628
669
617
621
618
620
708
619
670
764
620
628
673
621
622
628
623
627
624
625
627
694
626
693
627
676
628
675
674
630
700
704
631
703
632
700
702
633
680
682
679
683
635
655
679
658
684
637
639
641
651
638
652
639
661
640
666
641
643
647
667
642
646
650
643
645
644
645
647
790
646
777
647
649
776
648
789
649
667
671
792
650
670
775
651
667
669
652
664
666
653
661
663
654
656
660
655
659
656
658
678
657
663
677
658
660
662
690
659
685
660
661
662
666
663
665
691
664
676
665
669
675
666
668
696
667
668
669
671
697
670
674
671
673
774
672
793
673
697
674
675
697
676
694
696
677
691
693
678
688
690
679
685
687
680
684
681
687
700
682
684
686
701
683
702
684
685
686
690
687
689
707
688
699
689
693
698
690
692
706
691
692
696
693
695
694
695
696
697
699
706
700
707
701
702
704
707
703
704
705
707
709
762
764
710
761
765
711
736
738
735
739
713
727
729
714
724
726
721
723
716
718
735
717
740
778
718
720
741
780
719
734
720
723
733
722
746
781
722
726
810
723
725
747
809
724
732
725
729
731
726
728
752
813
727
812
728
811
729
753
820
730
731
753
755
732
750
752
733
747
749
734
744
746
735
741
743
736
740
737
743
761
738
740
742
766
787
739
765
776
740
777
741
786
742
746
785
743
745
767
800
744
760
745
749
759
746
748
770
801
747
802
748
752
808
749
751
771
807
750
758
751
755
757
752
754
772
823
753
822
754
821
755
773
829
756
757
773
758
772
759
771
760
770
761
767
769
762
766
763
769
764
766
768
795
765
774
766
775
767
796
768
770
799
769
834
771
833
772
832
773
831
830
775
793
795
776
792
796
777
787
789
786
790
779
780
786
783
791
781
783
785
782
802
809
783
803
815
784
785
791
803
805
786
800
802
787
791
788
796
800
789
791
797
805
790
792
791
793
797
794
795
797
835
796
834
797
799
798
799
805
835
836
800
833
834
801
805
802
804
807
833
803
808
804
826
805
806
836
807
824
826
837
808
823
832
809
822
826
810
813
815
812
816
812
818
820
813
817
814
820
822
815
817
819
825
816
826
817
818
819
820
827
821
822
827
829
823
825
824
829
831
825
828
838
826
827
828
829
839
830
831
839
832
838
833
837
836
835
837
838
839
841
857
842
854
856
843
851
853
844
848
850
845
847
846
850
860
847
849
863
875
848
874
849
853
881
850
852
864
882
851
859
852
856
858
853
855
867
883
854
884
855
857
900
856
899
901
859
867
860
864
866
861
863
862
866
904
863
865
893
905
864
870
865
867
869
866
896
868
869
883
897
870
882
888
896
871
875
889
893
872
890
892
873
875
877
874
878
875
879
881
876
882
877
879
887
889
878
890
879
880
881
885
887
882
884
883
887
884
886
899
885
900
886
903
887
897
898
888
889
895
897
890
894
891
892
894
910
893
907
894
896
906
895
911
896
899
903
900
901
903
902
903
905
906
907
911
908
910
909
910
911
)


// ************************************************************************* //
