/*--------------------------------*- C++ -*----------------------------------*\
| =========                 |                                                 |
| \\      /  F ield         | OpenFOAM: The Open Source CFD Toolbox           |
|  \\    /   O peration     | Version:  2412                                  |
|   \\  /    A nd           | Website:  www.openfoam.com                      |
|    \\/     M anipulation  |                                                 |
\*---------------------------------------------------------------------------*/
FoamFile
{
    version     2.0;
    format      ascii;
    arch        "LSB;label=32;scalar=64";
    note        "nPoints:6303  nCells:3377  nFaces:12932  nInternalFaces:7330";
    class       labelList;
    location    "constant/claddingZone/polyMesh";
    object      owner;
}
// * * * * * * * * * * * * * * * * * * * * * * * * * * * * * * * * * * * * * //


12932
(
0
0
0
1
1
2
2
2
3
4
4
5
5
5
6
6
7
7
7
8
8
9
9
9
10
10
11
11
11
12
12
13
13
13
14
15
15
16
16
17
17
17
18
18
19
19
19
20
20
21
21
21
22
22
23
23
23
24
24
25
25
25
26
27
27
28
28
28
29
29
30
30
31
31
32
32
32
33
33
34
34
35
35
36
36
36
37
38
38
39
39
39
40
41
41
42
42
43
43
43
44
45
45
46
46
47
48
48
49
49
50
50
51
51
51
52
53
53
54
54
55
55
55
56
57
57
57
58
58
59
59
60
61
61
61
62
63
63
63
64
64
64
65
66
66
67
67
68
68
68
68
69
69
70
70
71
71
72
72
73
73
74
74
74
74
75
75
76
76
77
77
78
78
79
79
80
80
80
80
81
81
82
82
83
83
84
84
84
84
85
85
85
86
86
87
88
88
88
89
89
89
89
90
90
91
91
92
93
93
93
93
94
94
94
95
95
95
95
96
96
96
96
97
98
98
99
100
100
100
101
102
102
102
102
102
103
103
103
104
104
105
105
106
106
106
107
108
108
109
109
109
109
110
110
111
112
113
113
113
114
114
115
116
116
116
117
117
117
118
118
118
118
119
119
120
120
120
121
122
122
123
123
124
124
124
124
125
125
125
126
126
126
127
127
128
128
129
129
130
130
130
131
132
132
133
133
134
134
134
135
135
136
136
137
137
138
139
139
139
140
140
140
141
141
141
142
142
142
143
143
144
145
145
145
146
147
147
148
148
149
149
149
149
150
150
151
151
152
152
153
153
154
154
155
155
155
155
156
156
157
157
158
158
159
159
160
160
161
161
161
162
162
163
163
163
164
164
164
164
165
165
166
166
167
167
167
168
169
169
169
170
170
171
171
171
172
172
172
172
173
173
174
174
175
175
175
176
177
177
177
178
178
179
179
179
180
181
181
182
182
183
183
183
184
185
185
185
185
185
186
186
187
187
188
188
189
190
190
191
191
191
192
192
193
193
193
194
194
195
195
195
196
196
196
197
198
198
199
199
199
200
201
201
201
202
202
203
203
203
204
204
204
205
206
206
207
207
207
208
209
209
210
210
211
211
211
212
213
213
214
214
215
215
216
216
216
217
217
218
219
219
219
220
220
221
221
221
222
223
223
224
224
224
225
225
226
226
226
227
227
228
228
228
229
230
230
231
231
232
232
232
233
234
234
234
235
236
236
236
237
237
238
239
239
240
240
241
241
241
242
243
243
243
244
244
245
246
246
247
247
248
248
248
249
250
250
251
251
252
252
253
253
254
254
254
254
255
256
256
257
257
257
258
258
259
259
259
260
260
260
260
261
262
262
263
263
264
264
264
265
265
266
266
266
267
267
267
268
269
269
270
270
270
271
271
272
272
272
273
273
273
274
275
275
276
276
277
277
277
277
278
278
278
279
279
280
280
280
281
281
282
282
283
283
283
284
284
285
285
285
285
286
286
287
287
288
288
289
290
290
290
291
291
291
292
293
293
293
293
294
294
295
295
296
296
297
297
298
298
298
299
299
300
300
300
300
301
302
302
302
303
303
304
304
305
305
305
306
306
307
307
307
307
308
308
308
309
309
310
310
311
311
312
312
313
313
313
314
315
315
315
316
317
317
318
318
319
319
319
320
321
321
321
322
322
323
324
324
324
325
325
325
326
326
326
327
327
327
327
328
329
329
329
330
331
331
332
332
333
333
334
334
334
334
335
335
336
337
337
337
337
338
338
339
339
340
340
341
341
341
342
343
343
344
344
344
345
345
346
347
347
347
348
349
349
349
350
350
351
351
352
353
353
353
354
355
355
356
356
357
357
357
358
359
359
360
360
360
361
362
362
363
363
364
364
364
365
365
366
366
367
368
368
369
369
370
370
371
371
372
372
372
373
374
374
375
375
375
376
376
377
378
378
379
379
380
380
380
381
382
382
383
383
384
384
385
385
386
386
387
387
387
388
388
389
390
390
390
391
392
392
393
393
394
394
395
395
396
396
396
396
396
397
397
397
397
398
398
398
398
399
399
399
400
400
400
401
402
402
403
403
403
404
404
405
406
406
407
407
408
408
409
409
409
410
410
411
412
412
413
413
413
414
414
415
415
415
416
416
416
417
418
418
419
419
419
420
420
421
421
421
422
422
422
423
424
424
424
425
425
425
426
427
427
428
428
428
429
429
430
430
430
430
431
431
432
432
433
433
434
434
434
434
435
435
436
436
437
437
438
438
438
438
439
439
439
440
440
440
440
441
441
442
442
443
443
443
444
445
445
446
446
446
447
448
448
448
448
449
450
450
451
451
451
452
452
452
452
453
453
454
454
454
455
455
456
456
457
458
458
458
458
459
459
460
460
461
462
462
462
463
463
464
464
464
464
465
465
465
465
466
466
467
468
469
469
470
471
471
472
472
473
473
474
474
475
475
476
476
476
476
477
477
477
478
478
478
479
479
480
480
482
483
484
485
485
486
486
487
487
487
488
488
489
490
490
491
491
492
492
493
493
494
494
495
495
495
496
497
497
498
498
499
499
499
500
500
501
501
502
502
502
502
503
503
504
504
505
505
506
506
506
506
507
507
507
508
509
509
509
510
510
511
511
511
511
512
512
512
513
513
514
514
515
515
515
516
516
516
517
518
518
518
519
519
520
521
521
522
522
522
523
524
524
525
525
525
526
527
527
528
528
528
529
529
530
531
531
531
532
533
533
533
534
534
535
535
535
536
536
537
537
538
538
538
539
539
540
540
541
541
541
542
542
544
544
544
545
545
546
546
546
547
547
548
548
548
549
549
550
550
550
551
551
552
552
552
553
554
554
555
555
556
556
557
557
557
558
558
559
560
560
560
560
561
561
562
562
563
563
564
564
564
565
565
566
566
566
566
567
568
568
569
569
569
570
570
570
570
571
571
572
572
572
573
574
574
574
575
576
576
576
577
578
578
579
579
580
580
581
581
582
582
583
583
584
584
585
585
585
586
587
587
588
588
589
589
591
591
591
592
592
592
593
593
593
593
594
594
596
596
596
596
597
597
597
597
598
598
598
598
599
599
600
601
601
602
602
603
604
604
604
605
605
605
606
606
608
608
609
609
610
610
610
610
611
611
612
612
612
612
613
613
613
614
614
614
614
615
615
615
616
617
617
618
619
619
620
620
621
621
621
621
622
622
622
623
623
624
624
624
625
626
626
627
627
628
629
629
629
630
630
631
631
631
632
632
633
633
633
633
634
634
634
635
636
636
636
636
637
637
638
638
639
639
640
640
640
640
641
641
642
642
643
644
645
645
646
646
646
646
647
647
648
648
648
649
649
649
650
651
651
652
652
652
653
653
653
654
655
656
656
657
658
658
658
658
659
659
659
659
660
660
661
661
662
663
663
664
664
665
665
665
666
667
667
667
667
668
668
669
670
670
671
671
672
673
673
673
674
675
675
676
676
677
677
678
679
679
679
680
681
681
682
682
683
683
683
684
684
685
685
686
686
687
687
687
688
688
689
690
690
691
691
692
692
692
693
693
694
694
695
696
696
696
697
698
698
698
698
699
699
700
701
702
702
703
704
704
705
705
706
706
707
707
707
708
709
709
710
710
711
712
712
712
713
713
713
714
714
714
714
715
715
716
716
716
716
717
717
718
718
719
719
720
721
721
722
722
722
723
724
724
724
724
725
725
725
725
726
726
726
727
728
728
728
728
730
731
731
732
732
733
733
733
734
735
735
735
736
737
737
738
738
739
739
739
740
741
741
742
742
743
743
744
744
745
745
745
745
746
746
747
747
748
749
749
749
749
750
750
750
751
751
752
752
753
753
754
754
754
754
755
755
755
756
756
757
758
758
759
759
760
760
760
761
762
762
763
763
763
764
764
765
765
765
766
766
767
769
769
770
770
771
771
772
772
772
773
774
774
775
775
776
776
776
777
777
778
779
779
779
780
781
781
782
782
783
783
783
784
785
785
786
786
787
787
787
788
789
790
791
791
792
792
793
793
793
794
795
796
797
797
798
798
799
799
799
800
801
802
803
803
804
804
804
805
806
806
806
807
808
808
808
809
810
810
811
811
812
812
813
813
814
814
814
815
815
816
816
817
817
817
818
818
819
819
820
820
820
821
822
822
823
823
824
824
824
825
826
826
827
827
828
828
828
829
830
830
830
831
832
832
832
833
834
834
835
835
836
836
836
837
838
838
838
839
839
840
840
841
842
842
842
843
843
844
844
845
845
846
846
847
847
848
849
849
850
850
851
851
851
852
853
853
854
854
855
855
855
856
857
857
858
858
859
859
859
860
861
861
862
862
863
863
864
864
865
865
865
866
866
866
867
867
867
867
867
868
868
868
869
869
870
870
871
871
871
872
873
873
873
873
874
875
875
876
876
876
877
877
877
878
879
879
880
880
881
881
881
882
882
883
884
884
885
885
886
886
886
887
888
888
889
889
890
890
890
891
891
892
892
893
894
894
894
895
895
896
897
897
897
897
898
898
898
899
899
900
900
901
901
901
901
902
902
902
903
903
903
904
904
905
905
906
906
907
908
908
908
909
909
909
910
911
911
912
912
913
913
913
913
914
914
915
915
916
916
917
917
917
917
918
918
918
919
919
920
920
921
921
921
921
922
923
923
924
924
925
926
926
926
927
927
928
928
929
930
930
930
930
931
931
931
931
932
932
933
933
933
934
935
935
936
936
937
937
938
939
939
940
941
941
942
942
943
943
943
944
945
946
947
947
948
948
949
949
949
950
951
952
953
953
954
954
955
955
956
957
957
958
959
959
959
960
961
961
962
962
963
963
965
966
966
967
967
968
968
968
969
970
970
971
971
972
972
973
973
973
973
974
974
974
975
976
976
976
976
977
977
978
978
979
979
980
981
982
982
982
983
983
983
984
984
985
985
985
985
986
986
987
987
987
987
988
988
988
989
989
990
990
990
991
992
992
993
993
994
994
994
995
996
996
997
997
997
998
998
999
999
999
999
1000
1000
1000
1001
1001
1001
1002
1003
1004
1004
1005
1005
1005
1006
1007
1007
1007
1008
1009
1009
1009
1010
1010
1011
1011
1011
1012
1012
1013
1013
1013
1013
1014
1014
1015
1015
1015
1016
1017
1017
1017
1018
1018
1019
1019
1019
1020
1020
1021
1021
1021
1021
1022
1022
1023
1023
1023
1024
1025
1025
1025
1026
1026
1027
1027
1027
1028
1028
1029
1029
1029
1029
1030
1030
1031
1031
1031
1032
1033
1033
1033
1034
1034
1035
1035
1035
1036
1036
1037
1037
1037
1037
1038
1038
1039
1039
1039
1039
1040
1040
1040
1041
1041
1042
1043
1043
1043
1044
1045
1045
1046
1046
1047
1047
1047
1048
1048
1049
1049
1050
1051
1051
1052
1052
1053
1053
1054
1054
1055
1055
1056
1056
1056
1057
1057
1058
1058
1058
1058
1059
1060
1060
1060
1061
1061
1062
1062
1063
1064
1064
1065
1065
1065
1066
1067
1067
1067
1068
1068
1068
1068
1069
1070
1070
1071
1071
1071
1072
1072
1073
1073
1073
1074
1074
1074
1075
1076
1076
1077
1077
1077
1078
1078
1079
1079
1079
1080
1080
1080
1081
1082
1082
1083
1083
1084
1084
1085
1085
1085
1085
1086
1086
1086
1087
1087
1087
1088
1088
1089
1090
1091
1092
1093
1093
1093
1094
1094
1094
1095
1095
1096
1096
1097
1097
1098
1098
1098
1098
1099
1099
1100
1100
1101
1102
1102
1102
1103
1103
1104
1104
1104
1105
1105
1105
1106
1107
1107
1108
1108
1108
1109
1110
1110
1111
1111
1112
1112
1112
1112
1113
1114
1114
1114
1114
1115
1116
1116
1117
1117
1117
1118
1118
1118
1119
1119
1120
1120
1121
1122
1122
1122
1122
1123
1123
1124
1124
1124
1125
1125
1125
1126
1126
1128
1128
1129
1129
1130
1130
1130
1130
1131
1131
1131
1132
1132
1132
1133
1133
1134
1134
1135
1135
1136
1136
1136
1137
1138
1138
1139
1139
1140
1140
1140
1141
1142
1142
1142
1142
1143
1143
1144
1144
1145
1145
1146
1146
1146
1146
1147
1147
1147
1148
1148
1148
1149
1150
1150
1150
1151
1152
1152
1153
1153
1154
1154
1154
1155
1155
1156
1157
1157
1158
1158
1159
1159
1159
1160
1161
1161
1162
1162
1163
1163
1163
1164
1165
1165
1166
1166
1166
1166
1167
1167
1167
1168
1169
1169
1169
1169
1170
1170
1171
1171
1172
1172
1173
1173
1173
1173
1174
1174
1174
1174
1175
1175
1175
1175
1176
1176
1177
1178
1179
1179
1179
1179
1180
1180
1181
1181
1181
1182
1182
1182
1182
1183
1183
1184
1185
1186
1186
1187
1187
1188
1188
1189
1189
1190
1190
1190
1190
1191
1191
1191
1192
1192
1192
1193
1193
1194
1194
1194
1195
1195
1197
1197
1197
1198
1198
1198
1199
1200
1200
1200
1200
1201
1201
1203
1203
1203
1204
1205
1205
1205
1206
1206
1207
1208
1208
1208
1210
1210
1211
1211
1212
1212
1212
1213
1213
1213
1214
1214
1215
1215
1216
1217
1217
1217
1218
1218
1218
1219
1219
1219
1220
1221
1221
1221
1222
1222
1222
1223
1223
1223
1223
1225
1226
1226
1226
1226
1227
1227
1227
1228
1228
1228
1228
1229
1229
1229
1229
1230
1231
1232
1232
1233
1233
1233
1234
1234
1234
1235
1235
1235
1235
1236
1236
1237
1239
1239
1239
1240
1240
1240
1241
1241
1242
1242
1243
1243
1244
1244
1245
1245
1245
1245
1246
1246
1246
1247
1247
1248
1249
1249
1249
1249
1250
1251
1251
1251
1251
1252
1252
1252
1253
1254
1254
1254
1254
1255
1255
1256
1256
1257
1257
1258
1258
1258
1258
1259
1259
1259
1260
1260
1261
1261
1261
1262
1263
1263
1263
1264
1265
1266
1267
1268
1268
1268
1269
1269
1269
1270
1270
1270
1271
1272
1272
1273
1273
1273
1274
1274
1274
1275
1276
1277
1277
1278
1278
1279
1279
1280
1280
1280
1281
1281
1281
1282
1283
1283
1283
1284
1284
1285
1285
1285
1286
1286
1286
1287
1288
1288
1289
1289
1289
1290
1290
1291
1291
1291
1291
1292
1292
1292
1293
1293
1294
1294
1295
1295
1295
1295
1296
1296
1297
1297
1298
1298
1299
1299
1299
1300
1301
1301
1302
1302
1303
1303
1304
1304
1305
1305
1305
1306
1307
1307
1308
1308
1309
1309
1309
1310
1310
1311
1311
1312
1312
1313
1313
1314
1315
1316
1316
1317
1317
1318
1318
1318
1319
1320
1320
1321
1321
1322
1322
1322
1323
1323
1323
1324
1324
1324
1326
1326
1327
1327
1328
1329
1329
1329
1330
1330
1331
1332
1332
1332
1333
1333
1333
1333
1334
1334
1335
1335
1336
1336
1337
1338
1338
1339
1339
1339
1340
1341
1341
1341
1342
1342
1342
1342
1343
1344
1344
1344
1345
1345
1345
1345
1345
1346
1346
1346
1347
1347
1348
1348
1348
1349
1350
1350
1351
1351
1351
1352
1353
1353
1353
1353
1354
1354
1354
1355
1355
1356
1356
1357
1357
1357
1358
1358
1359
1359
1359
1360
1360
1360
1361
1361
1362
1362
1362
1362
1363
1363
1364
1364
1365
1365
1366
1366
1366
1366
1367
1367
1367
1368
1368
1369
1370
1370
1371
1371
1372
1372
1372
1373
1373
1373
1374
1375
1375
1376
1376
1376
1377
1377
1378
1378
1378
1378
1379
1379
1379
1380
1380
1380
1381
1381
1381
1382
1382
1383
1384
1384
1385
1386
1386
1387
1387
1388
1388
1389
1389
1389
1390
1390
1390
1391
1391
1391
1392
1392
1393
1393
1394
1395
1395
1395
1396
1396
1396
1397
1398
1398
1399
1400
1400
1400
1401
1402
1402
1402
1403
1403
1403
1403
1404
1405
1405
1405
1406
1406
1406
1407
1408
1408
1409
1410
1410
1410
1411
1412
1412
1412
1413
1413
1413
1413
1414
1415
1415
1415
1415
1416
1416
1416
1417
1417
1417
1418
1419
1419
1420
1421
1421
1421
1422
1422
1423
1423
1423
1424
1424
1424
1424
1425
1425
1426
1426
1427
1427
1427
1428
1429
1429
1429
1429
1430
1430
1430
1431
1431
1432
1432
1433
1433
1433
1434
1435
1435
1436
1436
1437
1437
1437
1438
1439
1439
1439
1440
1441
1441
1442
1442
1443
1443
1444
1444
1445
1445
1445
1446
1446
1447
1448
1448
1449
1449
1450
1450
1450
1451
1452
1452
1453
1453
1454
1454
1454
1455
1456
1456
1457
1457
1458
1458
1458
1459
1460
1461
1462
1462
1463
1463
1464
1464
1465
1466
1466
1467
1468
1468
1469
1469
1470
1470
1471
1471
1472
1472
1472
1473
1474
1474
1474
1475
1475
1476
1476
1477
1478
1478
1479
1479
1479
1479
1480
1480
1481
1482
1482
1482
1483
1483
1483
1485
1485
1486
1486
1487
1487
1488
1488
1489
1489
1490
1490
1491
1491
1492
1493
1493
1494
1495
1495
1496
1497
1497
1498
1499
1499
1500
1500
1501
1501
1501
1502
1503
1503
1503
1504
1504
1505
1505
1506
1506
1506
1507
1508
1508
1508
1509
1509
1510
1510
1512
1512
1512
1512
1513
1513
1514
1515
1516
1516
1517
1517
1518
1518
1519
1519
1520
1520
1521
1521
1521
1521
1521
1522
1522
1522
1522
1523
1523
1523
1523
1524
1524
1524
1525
1525
1526
1526
1527
1527
1528
1528
1528
1529
1529
1529
1530
1531
1532
1532
1533
1533
1534
1534
1534
1535
1535
1536
1537
1537
1538
1538
1539
1539
1540
1540
1540
1540
1541
1541
1541
1542
1542
1542
1543
1543
1544
1544
1544
1545
1545
1546
1547
1547
1547
1548
1548
1549
1549
1549
1550
1550
1551
1551
1551
1551
1552
1552
1552
1553
1554
1554
1555
1555
1556
1556
1557
1557
1559
1559
1559
1560
1560
1560
1561
1561
1561
1561
1562
1562
1562
1562
1563
1563
1564
1565
1566
1566
1567
1568
1568
1569
1569
1570
1570
1570
1570
1571
1571
1572
1572
1573
1573
1574
1574
1574
1574
1575
1575
1575
1576
1577
1577
1577
1577
1578
1578
1579
1579
1580
1580
1581
1581
1581
1581
1582
1582
1582
1583
1583
1583
1584
1584
1585
1585
1585
1585
1585
1586
1586
1586
1587
1588
1589
1589
1589
1589
1590
1590
1591
1591
1592
1592
1593
1593
1594
1594
1594
1594
1595
1595
1595
1596
1596
1596
1597
1597
1598
1598
1598
1599
1600
1600
1601
1601
1601
1602
1602
1603
1604
1604
1604
1605
1605
1606
1607
1607
1607
1608
1608
1609
1609
1609
1610
1611
1612
1612
1613
1613
1614
1614
1615
1615
1616
1616
1617
1617
1618
1618
1618
1619
1619
1620
1621
1621
1621
1622
1622
1622
1623
1623
1625
1625
1626
1626
1627
1627
1627
1629
1629
1629
1630
1630
1631
1631
1631
1632
1632
1632
1633
1634
1634
1635
1635
1636
1637
1637
1638
1638
1639
1640
1640
1641
1641
1642
1642
1642
1642
1643
1644
1644
1645
1645
1646
1646
1647
1647
1648
1648
1648
1648
1649
1649
1650
1650
1651
1651
1652
1652
1653
1653
1654
1654
1654
1654
1655
1655
1656
1656
1657
1657
1658
1658
1659
1659
1659
1660
1661
1661
1662
1662
1663
1663
1664
1664
1664
1665
1665
1665
1666
1666
1667
1667
1667
1668
1669
1669
1670
1670
1670
1671
1672
1672
1673
1673
1673
1674
1675
1675
1676
1676
1676
1677
1678
1678
1678
1679
1679
1679
1679
1680
1680
1681
1681
1681
1681
1682
1682
1683
1684
1684
1684
1685
1685
1686
1686
1687
1687
1687
1687
1687
1688
1688
1688
1689
1689
1691
1691
1692
1692
1693
1693
1694
1694
1695
1695
1696
1696
1697
1697
1698
1698
1699
1699
1699
1700
1701
1701
1701
1702
1703
1703
1703
1704
1704
1704
1705
1706
1707
1707
1707
1708
1708
1709
1710
1710
1710
1711
1711
1712
1712
1713
1713
1713
1713
1714
1714
1714
1715
1715
1715
1716
1716
1717
1717
1718
1718
1719
1719
1719
1720
1720
1721
1722
1722
1723
1723
1724
1724
1724
1725
1726
1726
1726
1728
1728
1728
1729
1729
1730
1730
1730
1731
1731
1731
1732
1733
1733
1734
1734
1735
1736
1736
1737
1737
1738
1739
1739
1739
1740
1741
1741
1742
1742
1743
1743
1743
1744
1744
1744
1745
1745
1747
1748
1748
1749
1749
1750
1750
1750
1750
1751
1751
1751
1752
1752
1753
1753
1754
1754
1755
1755
1755
1756
1757
1757
1758
1758
1759
1759
1759
1759
1760
1760
1761
1761
1761
1762
1762
1763
1764
1764
1765
1765
1765
1765
1766
1766
1767
1767
1768
1768
1769
1769
1769
1769
1770
1770
1771
1772
1772
1773
1773
1774
1774
1774
1775
1775
1776
1776
1777
1777
1778
1778
1779
1780
1781
1782
1783
1784
1784
1785
1785
1786
1786
1787
1787
1788
1788
1788
1789
1789
1790
1790
1790
1791
1791
1792
1792
1792
1793
1793
1793
1793
1794
1794
1795
1795
1796
1796
1796
1797
1798
1798
1798
1799
1799
1800
1800
1800
1801
1801
1801
1801
1802
1802
1803
1803
1804
1804
1804
1805
1806
1806
1807
1807
1808
1808
1808
1809
1809
1810
1810
1810
1811
1811
1812
1812
1812
1813
1813
1814
1814
1814
1815
1815
1815
1816
1816
1816
1816
1817
1817
1817
1818
1818
1818
1819
1820
1820
1820
1821
1821
1822
1822
1822
1822
1823
1824
1825
1826
1826
1826
1827
1827
1827
1828
1828
1830
1830
1831
1831
1831
1832
1832
1833
1833
1833
1834
1835
1836
1837
1837
1837
1837
1838
1838
1838
1838
1839
1839
1840
1840
1841
1841
1841
1842
1843
1843
1844
1844
1844
1845
1845
1846
1846
1846
1847
1847
1847
1848
1849
1849
1849
1849
1850
1850
1851
1851
1852
1852
1852
1853
1853
1853
1854
1854
1854
1855
1856
1857
1858
1858
1858
1859
1859
1859
1859
1860
1860
1861
1861
1861
1861
1862
1862
1862
1863
1863
1864
1864
1864
1865
1866
1866
1867
1867
1868
1868
1868
1869
1870
1870
1871
1871
1871
1872
1872
1873
1873
1873
1873
1874
1874
1874
1875
1875
1875
1876
1876
1876
1877
1877
1877
1878
1878
1879
1879
1879
1880
1880
1880
1881
1882
1882
1883
1883
1883
1884
1884
1885
1885
1885
1885
1886
1886
1887
1887
1888
1888
1889
1889
1891
1891
1892
1892
1893
1893
1893
1893
1894
1894
1895
1895
1895
1896
1896
1897
1897
1897
1898
1899
1899
1900
1900
1900
1901
1901
1902
1902
1903
1903
1904
1905
1907
1907
1908
1909
1909
1909
1910
1910
1911
1911
1911
1912
1912
1913
1913
1913
1913
1914
1914
1915
1915
1915
1916
1916
1916
1917
1918
1918
1918
1919
1919
1920
1920
1920
1921
1921
1921
1922
1922
1922
1923
1923
1923
1924
1924
1925
1926
1926
1926
1927
1927
1927
1928
1928
1928
1928
1929
1929
1930
1930
1930
1931
1932
1932
1933
1933
1934
1934
1934
1935
1936
1936
1937
1937
1938
1938
1938
1939
1939
1940
1940
1941
1941
1942
1943
1943
1943
1944
1945
1945
1946
1946
1947
1947
1947
1948
1949
1949
1950
1950
1951
1951
1951
1952
1953
1953
1954
1954
1955
1955
1955
1956
1956
1957
1958
1958
1958
1959
1960
1960
1961
1961
1962
1963
1963
1963
1964
1964
1964
1965
1966
1966
1967
1967
1967
1968
1968
1968
1969
1970
1970
1971
1971
1972
1972
1973
1973
1973
1974
1975
1975
1976
1976
1976
1977
1977
1978
1979
1979
1979
1980
1981
1981
1982
1982
1983
1983
1983
1984
1985
1985
1986
1986
1987
1987
1987
1988
1988
1988
1989
1989
1991
1992
1993
1994
1994
1995
1995
1995
1995
1996
1996
1997
1997
1998
1999
1999
1999
2000
2000
2001
2001
2001
2001
2001
2002
2002
2003
2003
2004
2004
2004
2005
2005
2006
2007
2007
2007
2008
2008
2008
2009
2009
2009
2009
2010
2010
2011
2011
2011
2012
2013
2013
2014
2014
2015
2015
2015
2015
2016
2016
2016
2017
2017
2017
2018
2018
2019
2019
2020
2020
2021
2021
2021
2021
2022
2022
2023
2023
2024
2024
2025
2025
2025
2026
2027
2027
2027
2028
2029
2029
2030
2030
2030
2030
2031
2032
2032
2033
2034
2034
2034
2035
2035
2036
2036
2036
2036
2037
2037
2038
2038
2038
2038
2039
2039
2040
2040
2040
2041
2041
2042
2042
2042
2043
2043
2044
2044
2045
2047
2047
2047
2048
2049
2049
2049
2050
2050
2051
2051
2051
2052
2052
2053
2053
2053
2053
2054
2054
2054
2055
2055
2055
2056
2056
2057
2057
2058
2058
2059
2059
2059
2059
2060
2060
2060
2061
2061
2062
2062
2063
2063
2064
2065
2065
2065
2066
2066
2067
2067
2067
2068
2068
2069
2069
2069
2070
2070
2071
2071
2071
2072
2072
2073
2073
2073
2073
2074
2074
2074
2075
2075
2075
2076
2076
2077
2077
2077
2078
2078
2079
2080
2080
2081
2081
2081
2081
2082
2082
2082
2083
2083
2083
2084
2084
2085
2085
2086
2086
2087
2087
2087
2088
2089
2089
2089
2091
2091
2092
2092
2093
2093
2093
2094
2094
2094
2095
2096
2096
2097
2098
2098
2098
2099
2100
2100
2100
2101
2101
2101
2101
2102
2103
2103
2103
2103
2104
2104
2104
2105
2105
2106
2107
2107
2107
2108
2108
2109
2109
2109
2110
2110
2111
2111
2111
2111
2112
2112
2112
2113
2113
2114
2115
2115
2115
2116
2116
2117
2117
2117
2118
2118
2119
2119
2119
2119
2120
2120
2120
2121
2121
2121
2122
2122
2123
2123
2124
2124
2125
2125
2125
2126
2127
2127
2128
2128
2129
2129
2129
2130
2131
2131
2132
2132
2133
2133
2134
2134
2135
2135
2135
2135
2136
2136
2136
2137
2137
2138
2139
2139
2139
2140
2140
2141
2141
2141
2142
2142
2143
2143
2143
2144
2145
2145
2145
2146
2146
2146
2147
2147
2147
2147
2148
2148
2148
2149
2150
2150
2151
2151
2152
2152
2152
2153
2154
2155
2155
2156
2156
2156
2157
2157
2157
2158
2158
2159
2159
2160
2160
2161
2163
2163
2163
2163
2164
2164
2164
2165
2165
2165
2166
2167
2167
2168
2169
2169
2169
2170
2170
2171
2171
2171
2172
2172
2172
2172
2173
2173
2174
2174
2175
2175
2175
2176
2177
2177
2177
2177
2178
2178
2178
2179
2179
2179
2180
2181
2181
2182
2183
2183
2183
2184
2184
2185
2185
2185
2186
2186
2186
2186
2187
2187
2188
2188
2189
2189
2189
2190
2191
2191
2191
2192
2192
2193
2193
2194
2194
2195
2195
2196
2196
2197
2197
2197
2198
2198
2199
2199
2200
2201
2201
2201
2201
2202
2202
2202
2203
2203
2204
2204
2205
2205
2206
2206
2206
2206
2207
2207
2207
2208
2208
2209
2210
2210
2211
2211
2212
2212
2212
2213
2213
2214
2214
2215
2216
2217
2218
2218
2219
2219
2220
2220
2221
2221
2222
2222
2223
2224
2224
2225
2226
2226
2227
2227
2228
2228
2229
2230
2230
2231
2232
2232
2232
2233
2234
2234
2235
2235
2236
2236
2238
2239
2240
2240
2240
2241
2242
2242
2243
2243
2244
2244
2244
2245
2245
2246
2246
2246
2247
2248
2248
2249
2249
2250
2250
2251
2251
2252
2252
2253
2253
2254
2254
2255
2255
2256
2256
2257
2257
2258
2258
2258
2259
2260
2260
2260
2261
2262
2262
2262
2263
2263
2264
2264
2265
2266
2266
2267
2267
2268
2268
2268
2269
2270
2270
2271
2271
2272
2272
2272
2273
2274
2274
2274
2275
2275
2276
2277
2277
2278
2278
2278
2279
2280
2280
2280
2281
2281
2282
2283
2283
2284
2284
2285
2285
2286
2286
2287
2287
2287
2288
2288
2289
2290
2290
2291
2291
2291
2292
2293
2293
2294
2294
2295
2295
2295
2296
2296
2297
2297
2298
2298
2298
2299
2299
2300
2300
2301
2301
2301
2301
2302
2302
2303
2304
2305
2305
2306
2306
2307
2307
2308
2308
2309
2309
2309
2310
2310
2311
2311
2312
2312
2313
2314
2314
2314
2315
2316
2316
2317
2317
2318
2318
2318
2319
2319
2320
2320
2321
2321
2322
2323
2323
2324
2325
2325
2326
2327
2327
2328
2329
2329
2330
2331
2331
2332
2332
2332
2333
2333
2334
2335
2335
2336
2336
2337
2337
2338
2338
2338
2339
2339
2340
2341
2341
2342
2342
2343
2343
2344
2344
2344
2345
2345
2346
2347
2347
2348
2348
2348
2349
2349
2349
2350
2350
2350
2351
2352
2353
2353
2353
2354
2355
2355
2355
2356
2356
2357
2357
2357
2358
2358
2358
2359
2360
2360
2361
2361
2361
2362
2363
2363
2363
2363
2364
2364
2364
2365
2365
2365
2366
2367
2367
2367
2368
2368
2369
2369
2369
2370
2370
2371
2371
2371
2371
2372
2372
2373
2373
2373
2374
2375
2375
2375
2376
2376
2377
2377
2377
2378
2378
2379
2379
2379
2379
2380
2380
2381
2381
2381
2381
2382
2382
2382
2383
2384
2384
2385
2386
2386
2387
2387
2388
2388
2388
2389
2390
2390
2391
2391
2391
2392
2392
2393
2393
2393
2394
2394
2394
2395
2396
2396
2397
2397
2397
2398
2399
2399
2399
2400
2400
2401
2401
2401
2402
2402
2402
2403
2404
2404
2405
2405
2405
2406
2407
2407
2407
2407
2408
2408
2408
2409
2409
2409
2409
2410
2410
2410
2410
2411
2411
2412
2413
2414
2414
2415
2416
2416
2417
2417
2418
2418
2418
2418
2419
2419
2420
2420
2421
2421
2422
2422
2422
2422
2423
2423
2423
2424
2425
2425
2425
2425
2426
2426
2427
2427
2428
2428
2429
2429
2429
2429
2430
2430
2430
2431
2432
2432
2432
2433
2433
2434
2434
2434
2435
2435
2436
2436
2436
2436
2437
2437
2438
2438
2438
2439
2440
2440
2441
2441
2442
2442
2442
2442
2443
2443
2443
2444
2444
2445
2446
2446
2446
2447
2448
2448
2448
2449
2449
2449
2449
2450
2450
2450
2451
2451
2451
2452
2453
2453
2454
2455
2455
2456
2456
2457
2458
2458
2458
2459
2459
2459
2460
2461
2461
2462
2462
2462
2463
2463
2463
2464
2465
2466
2466
2466
2467
2467
2468
2468
2468
2469
2469
2469
2470
2471
2471
2472
2472
2472
2473
2474
2474
2474
2474
2475
2475
2476
2477
2477
2478
2478
2478
2479
2479
2479
2480
2480
2480
2481
2482
2482
2483
2483
2483
2484
2484
2485
2485
2487
2487
2487
2488
2488
2489
2489
2490
2490
2490
2491
2491
2491
2491
2492
2493
2493
2494
2494
2494
2495
2495
2495
2496
2496
2497
2498
2498
2499
2499
2499
2500
2500
2500
2500
2501
2502
2502
2503
2503
2503
2504
2504
2504
2504
2505
2506
2506
2506
2507
2508
2508
2508
2509
2510
2510
2511
2511
2512
2512
2513
2513
2513
2514
2514
2515
2516
2516
2516
2516
2517
2517
2518
2518
2519
2519
2520
2520
2521
2521
2522
2522
2522
2523
2524
2524
2524
2524
2525
2525
2525
2526
2527
2527
2528
2528
2528
2529
2530
2530
2530
2531
2531
2532
2533
2533
2534
2534
2535
2535
2535
2536
2537
2537
2538
2538
2539
2539
2540
2540
2540
2541
2541
2542
2543
2543
2543
2543
2544
2544
2545
2545
2546
2546
2547
2547
2548
2548
2549
2549
2549
2550
2551
2551
2551
2552
2553
2553
2554
2554
2554
2555
2556
2556
2556
2557
2558
2558
2558
2559
2559
2560
2560
2561
2562
2562
2563
2563
2563
2564
2565
2565
2566
2566
2567
2567
2568
2568
2569
2569
2569
2570
2570
2571
2571
2572
2573
2574
2575
2576
2577
2577
2577
2578
2579
2579
2580
2580
2581
2581
2582
2582
2582
2583
2584
2584
2585
2585
2586
2586
2587
2587
2588
2588
2588
2589
2589
2590
2591
2591
2592
2592
2593
2593
2593
2594
2594
2595
2595
2595
2596
2596
2597
2597
2598
2598
2598
2599
2599
2600
2600
2601
2601
2601
2602
2602
2604
2604
2604
2605
2605
2605
2606
2607
2607
2608
2608
2608
2609
2609
2609
2609
2610
2611
2611
2612
2612
2612
2613
2613
2613
2614
2614
2615
2616
2616
2616
2617
2618
2619
2620
2621
2622
2622
2622
2623
2623
2623
2624
2624
2624
2624
2625
2626
2627
2627
2628
2628
2629
2630
2630
2630
2630
2631
2631
2631
2632
2632
2632
2633
2633
2634
2634
2634
2634
2635
2636
2637
2637
2638
2638
2638
2639
2639
2640
2640
2641
2642
2642
2642
2643
2643
2644
2644
2644
2645
2645
2646
2646
2647
2648
2648
2648
2649
2649
2649
2650
2650
2651
2651
2652
2652
2653
2653
2653
2653
2654
2654
2654
2655
2655
2656
2657
2658
2658
2659
2660
2660
2660
2660
2661
2661
2661
2661
2662
2663
2663
2663
2664
2664
2664
2664
2664
2665
2665
2665
2666
2666
2666
2667
2668
2668
2669
2669
2669
2670
2670
2671
2672
2672
2673
2673
2674
2674
2674
2674
2675
2675
2676
2676
2677
2677
2678
2678
2679
2679
2679
2680
2680
2681
2681
2681
2682
2682
2682
2683
2684
2684
2684
2685
2685
2686
2686
2686
2687
2687
2687
2687
2688
2688
2689
2689
2690
2690
2690
2691
2692
2692
2692
2693
2693
2693
2694
2694
2694
2694
2695
2695
2696
2696
2697
2697
2698
2699
2699
2700
2700
2700
2701
2702
2702
2702
2703
2703
2703
2703
2704
2705
2705
2705
2706
2706
2706
2706
2707
2707
2708
2708
2709
2709
2710
2711
2711
2711
2712
2712
2713
2714
2714
2714
2714
2715
2715
2715
2715
2715
2716
2716
2716
2716
2717
2717
2717
2717
2718
2718
2719
2719
2720
2720
2721
2721
2722
2722
2722
2723
2723
2723
2724
2724
2725
2725
2725
2726
2726
2728
2729
2729
2729
2730
2730
2730
2731
2732
2732
2733
2733
2733
2734
2734
2735
2735
2735
2735
2736
2736
2737
2738
2739
2739
2739
2739
2740
2740
2740
2741
2741
2741
2742
2743
2743
2743
2744
2745
2745
2746
2746
2747
2747
2747
2748
2748
2749
2750
2750
2750
2750
2751
2751
2752
2752
2753
2753
2754
2754
2755
2755
2755
2756
2756
2757
2758
2758
2758
2758
2759
2759
2760
2760
2761
2761
2762
2762
2762
2762
2763
2763
2764
2765
2765
2766
2766
2767
2767
2767
2768
2769
2770
2771
2771
2772
2772
2773
2773
2773
2774
2775
2776
2777
2777
2778
2778
2779
2779
2780
2780
2781
2782
2782
2782
2783
2783
2784
2784
2785
2785
2785
2786
2786
2787
2787
2788
2788
2788
2789
2790
2790
2791
2791
2792
2792
2792
2793
2793
2794
2794
2795
2795
2796
2797
2797
2797
2798
2798
2799
2800
2800
2801
2801
2802
2802
2802
2803
2804
2804
2804
2805
2806
2806
2807
2807
2807
2808
2808
2808
2808
2809
2810
2811
2811
2812
2812
2813
2813
2813
2814
2814
2816
2816
2817
2817
2818
2818
2818
2819
2820
2820
2821
2821
2822
2822
2822
2823
2823
2823
2823
2824
2824
2825
2826
2826
2826
2826
2827
2827
2827
2828
2828
2828
2829
2829
2830
2830
2831
2831
2831
2832
2832
2832
2833
2833
2833
2834
2834
2834
2834
2835
2836
2837
2838
2838
2838
2839
2840
2841
2841
2842
2843
2844
2844
2845
2846
2846
2846
2847
2847
2848
2848
2848
2848
2849
2850
2850
2851
2851
2851
2852
2853
2854
2854
2855
2856
2856
2856
2857
2857
2858
2859
2859
2860
2860
2861
2861
2861
2862
2862
2863
2863
2863
2864
2864
2864
2864
2865
2865
2866
2866
2866
2866
2867
2867
2868
2869
2869
2869
2870
2870
2871
2871
2871
2872
2872
2872
2873
2874
2874
2875
2875
2875
2876
2877
2878
2878
2879
2879
2880
2880
2880
2880
2881
2881
2881
2882
2882
2882
2883
2883
2884
2884
2885
2885
2886
2886
2886
2887
2887
2888
2888
2888
2888
2890
2890
2890
2891
2892
2892
2892
2893
2894
2894
2895
2895
2896
2896
2896
2897
2898
2898
2898
2899
2900
2900
2901
2901
2901
2902
2902
2903
2904
2904
2905
2905
2906
2906
2907
2907
2908
2908
2909
2909
2910
2910
2910
2911
2911
2912
2913
2913
2913
2914
2914
2915
2916
2916
2916
2917
2918
2918
2919
2919
2920
2920
2921
2921
2921
2922
2922
2923
2923
2923
2924
2924
2924
2925
2926
2926
2926
2927
2928
2928
2929
2929
2929
2930
2930
2931
2932
2932
2932
2933
2934
2935
2935
2936
2936
2937
2937
2937
2938
2939
2939
2939
2940
2940
2943
2943
2944
2944
2945
2945
2946
2946
2947
2947
2948
2948
2948
2949
2950
2951
2952
2952
2953
2953
2954
2954
2955
2956
2956
2957
2958
2958
2959
2959
2960
2960
2961
2962
2962
2963
2964
2964
2964
2965
2966
2966
2967
2967
2968
2968
2970
2970
2971
2971
2971
2971
2972
2972
2972
2973
2973
2974
2974
2975
2975
2976
2976
2976
2977
2977
2978
2978
2978
2979
2979
2979
2980
2981
2981
2982
2982
2982
2983
2984
2984
2984
2985
2985
2986
2986
2987
2987
2987
2988
2988
2989
2989
2989
2990
2990
2991
2991
2992
2992
2993
2994
2994
2996
2996
2997
2997
2997
2998
2998
2999
2999
2999
3000
3000
3000
3001
3003
3003
3003
3004
3004
3005
3005
3005
3006
3006
3007
3007
3007
3007
3008
3008
3008
3009
3009
3010
3011
3011
3011
3012
3012
3013
3013
3014
3015
3015
3015
3016
3016
3016
3017
3017
3018
3018
3019
3019
3020
3020
3021
3021
3021
3022
3022
3022
3023
3024
3024
3025
3025
3025
3026
3026
3026
3027
3028
3028
3029
3029
3030
3030
3031
3031
3032
3032
3033
3033
3033
3034
3035
3035
3036
3036
3037
3037
3038
3038
3038
3039
3039
3040
3041
3041
3042
3042
3043
3043
3044
3044
3044
3045
3045
3046
3047
3048
3050
3050
3051
3051
3051
3052
3052
3052
3053
3054
3054
3054
3054
3055
3056
3056
3057
3057
3057
3058
3058
3058
3058
3059
3059
3060
3060
3061
3061
3061
3062
3063
3063
3063
3063
3064
3064
3066
3066
3067
3067
3068
3068
3069
3069
3070
3070
3070
3071
3071
3072
3072
3073
3073
3074
3074
3074
3075
3075
3076
3076
3077
3078
3078
3079
3079
3079
3080
3081
3081
3081
3082
3082
3083
3084
3084
3084
3085
3086
3086
3087
3087
3088
3088
3088
3089
3090
3090
3090
3091
3091
3092
3092
3092
3093
3093
3094
3095
3095
3095
3096
3097
3097
3098
3098
3099
3100
3100
3101
3101
3102
3102
3102
3103
3104
3104
3105
3105
3106
3106
3107
3107
3107
3108
3108
3109
3109
3110
3110
3111
3111
3111
3112
3112
3112
3113
3114
3114
3115
3115
3115
3116
3116
3116
3117
3118
3118
3119
3119
3120
3120
3121
3121
3122
3122
3123
3123
3123
3124
3125
3125
3125
3126
3126
3127
3127
3128
3128
3128
3129
3130
3130
3130
3131
3131
3132
3132
3132
3133
3133
3134
3134
3134
3135
3136
3136
3137
3137
3138
3138
3139
3139
3140
3140
3140
3141
3141
3142
3142
3143
3144
3144
3144
3145
3145
3146
3146
3146
3147
3147
3148
3148
3148
3149
3150
3150
3150
3150
3151
3151
3152
3152
3153
3153
3154
3154
3154
3155
3156
3156
3156
3156
3157
3157
3158
3159
3159
3159
3160
3161
3162
3162
3163
3163
3164
3164
3164
3165
3165
3165
3166
3166
3166
3167
3168
3170
3170
3170
3171
3172
3172
3173
3174
3174
3175
3176
3176
3176
3177
3178
3178
3178
3179
3179
3179
3180
3181
3181
3181
3181
3182
3182
3183
3183
3184
3184
3185
3185
3186
3186
3188
3188
3188
3189
3190
3190
3190
3190
3191
3191
3192
3193
3193
3194
3194
3195
3196
3196
3197
3197
3198
3198
3199
3199
3200
3200
3201
3201
3202
3202
3202
3203
3204
3204
3205
3205
3206
3206
3207
3207
3208
3208
3209
3209
3210
3210
3211
3211
3212
3212
3212
3213
3214
3215
3216
3216
3217
3217
3218
3218
3218
3219
3220
3221
3222
3222
3223
3223
3224
3224
3224
3225
3226
3227
3228
3228
3229
3229
3230
3230
3230
3231
3232
3233
3234
3234
3235
3235
3236
3236
3236
3237
3238
3239
3240
3240
3240
3241
3242
3242
3243
3243
3244
3244
3246
3246
3246
3247
3247
3248
3248
3250
3250
3251
3251
3252
3252
3253
3253
3253
3254
3255
3255
3256
3256
3257
3257
3257
3258
3259
3259
3259
3260
3261
3261
3261
3262
3263
3263
3264
3264
3265
3265
3265
3266
3267
3267
3267
3268
3269
3269
3269
3270
3271
3272
3272
3273
3273
3273
3273
3274
3275
3275
3277
3277
3277
3278
3279
3279
3279
3280
3281
3281
3282
3282
3283
3283
3283
3284
3285
3285
3286
3286
3287
3287
3288
3288
3289
3290
3290
3290
3291
3292
3293
3294
3296
3296
3297
3297
3298
3298
3298
3299
3300
3300
3300
3301
3302
3302
3302
3303
3304
3304
3305
3305
3306
3306
3306
3307
3308
3309
3310
3310
3311
3311
3312
3312
3312
3313
3314
3315
3316
3316
3316
3317
3317
3318
3319
3319
3320
3320
3321
3321
3322
3322
3322
3322
3323
3324
3324
3324
3325
3325
3326
3327
3327
3328
3328
3329
3329
3329
3330
3331
3331
3332
3332
3333
3334
3334
3335
3337
3337
3338
3338
3339
3339
3340
3340
3341
3341
3342
3343
3343
3344
3345
3345
3346
3347
3347
3348
3349
3349
3350
3350
3350
3351
3352
3353
3353
3354
3355
3355
3356
3356
3357
3357
3358
3359
3359
3360
3360
3361
3361
3362
3362
3363
3364
3364
3365
3365
3366
3366
3367
3368
3368
3369
3370
3370
3371
3372
3373
3374
47
46
45
43
44
42
41
39
40
38
36
37
35
34
32
33
31
30
28
29
27
25
24
26
23
21
20
22
19
17
18
16
3
14
15
13
11
10
12
9
7
6
8
5
4
2
0
1
0
3
3
4
6
7
10
11
14
14
15
16
17
17
20
21
24
25
27
28
28
31
32
32
35
36
36
38
39
39
42
42
43
43
46
46
48
49
50
51
52
53
54
55
56
57
58
59
60
61
62
63
63
65
66
70
67
70
71
71
72
76
73
76
77
77
78
82
79
82
83
83
85
86
89
92
93
98
99
100
105
106
107
108
109
110
113
114
120
121
122
123
124
125
126
127
132
133
134
135
136
137
138
142
142
143
143
144
144
177
145
146
147
151
148
151
152
152
153
157
154
157
158
158
159
160
161
166
167
168
169
174
175
176
177
182
183
187
187
188
188
189
190
192
192
193
198
199
200
201
206
207
208
212
211
211
212
233
216
217
218
220
220
221
232
223
246
224
224
227
227
228
234
232
233
234
238
239
239
368
370
365
367
241
360
242
361
240
247
246
247
255
256
258
261
481
276
275
262
262
263
265
265
266
266
268
269
271
271
272
272
274
275
276
277
279
281
281
282
284
284
285
286
289
290
294
296
296
297
299
299
300
301
302
306
307
308
309
312
313
319
320
321
322
323
328
484
483
482
480
329
339
334
335
336
339
340
340
341
348
346
347
347
348
349
349
352
353
356
356
357
532
360
361
365
370
373
374
374
375
375
377
378
382
379
382
383
383
384
389
489
490
384
386
386
387
387
389
588
585
390
391
392
393
394
395
401
402
402
403
403
405
406
408
408
409
409
411
417
412
413
416
418
419
422
423
424
424
426
427
429
429
430
431
436
437
438
443
444
445
446
449
450
453
456
457
458
461
462
467
468
468
469
469
470
471
476
477
478
479
480
481
482
483
484
485
485
486
486
487
788
487
489
490
492
492
787
493
497
493
494
494
498
497
498
793
794
578
581
499
501
504
504
505
505
506
507
508
509
514
516
516
517
517
518
564
519
522
523
524
525
530
531
531
532
533
533
537
537
538
538
542
543
544
544
547
547
548
548
551
551
552
562
557
558
559
562
563
563
564
567
568
572
573
574
575
578
580
580
581
670
585
588
591
600
601
601
602
602
603
604
605
606
607
608
609
612
617
618
619
620
621
624
625
626
627
628
629
632
633
634
635
636
637
642
643
643
644
644
645
646
647
653
654
655
655
656
656
659
660
661
662
664
664
665
665
669
669
672
800
670
799
671
671
672
805
673
673
677
677
679
678
678
937
809
848
679
847
685
689
691
690
690
691
692
692
695
696
700
701
701
702
702
703
704
706
706
707
761
709
709
710
710
711
965
712
715
719
720
721
722
728
729
730
731
732
733
734
735
738
739
740
745
746
747
748
752
752
753
753
754
755
756
760
760
761
762
762
763
763
771
774
774
775
775
779
780
782
782
783
783
787
788
793
794
799
800
805
940
806
806
809
810
810
943
944
846
845
844
843
811
811
812
812
833
836
813
835
816
816
817
817
821
822
824
824
825
825
826
831
829
830
830
831
885
889
884
888
881
883
832
880
835
836
842
842
843
844
845
846
847
848
850
850
851
851
854
854
855
855
858
858
859
859
862
862
863
863
1432
870
870
871
871
874
875
875
876
876
878
880
881
888
889
894
894
895
895
896
896
897
899
900
901
902
903
904
907
908
915
916
917
918
919
921
922
923
923
924
927
928
928
931
934
935
936
950
949
956
958
959
962
937
940
943
944
949
950
956
958
959
962
965
966
966
967
967
968
978
973
974
975
978
979
979
980
980
981
981
982
1056
983
990
991
992
993
994
995
996
997
1003
1004
1005
1007
1008
1010
1010
1011
1011
1015
1016
1018
1018
1019
1019
1023
1024
1026
1026
1027
1027
1031
1032
1034
1034
1035
1035
1044
1045
1048
1049
1049
1052
1052
1053
1053
1054
1054
1055
1055
1056
1059
1060
1062
1063
1064
1065
1069
1084
1083
1082
1070
1071
1074
1075
1076
1077
1080
1081
1082
1083
1084
1085
1086
1087
1088
1096
1097
1098
1101
1102
1107
1108
1109
1113
1120
1110
1121
1115
1116
1118
1118
1119
1119
1120
1121
1122
1125
1126
1127
1128
1156
1135
1135
1136
1136
1139
1139
1140
1140
1151
1152
1154
1154
1155
1155
1156
1313
1454
1314
1453
1158
1162
1157
1161
1161
1162
1440
1165
1166
1167
1168
1169
1170
1182
1183
1184
1185
1185
1204
1186
1187
1188
1189
1190
1191
1192
1193
1198
1199
1200
1201
1202
1209
1203
1209
1205
1206
1207
1208
1208
1211
1212
1216
1215
1216
1217
1217
1223
1224
1225
1226
1231
1232
1233
1241
1242
1243
1244
1245
1246
1247
1248
1249
1250
1251
1252
1253
1254
1255
1261
1262
1263
1264
1266
1265
1265
1266
1267
1267
1268
1276
1274
1275
1276
1277
1277
1279
1280
1284
1285
1290
1291
1292
1293
1297
1298
1299
1299
1300
1300
1302
1303
1307
1306
1308
1308
1307
1309
1310
1311
1312
1315
1319
1316
1318
1318
1319
1320
1324
1325
1605
1606
1326
1328
1328
1329
1329
1331
1332
1394
1336
1337
1338
1339
1343
1344
1348
1349
1350
1351
1356
1356
1357
1357
1361
1364
1364
1365
1365
1366
1367
1368
1369
1370
1371
1372
1377
1378
1379
1380
1381
1382
1383
1384
1387
1388
1391
1391
1392
1392
1393
1393
1394
1395
1660
1399
1400
1404
1405
1409
1410
1414
1663
1662
1661
1415
1417
1418
1420
1420
1421
1421
1426
1427
1428
1429
1431
1459
1432
1458
1433
1433
1436
1436
1465
1467
1442
1447
1437
1437
1440
1441
1441
1494
1492
1442
1444
1444
1445
1445
1447
1498
1495
1448
1481
1448
1449
1449
1480
1453
1454
1458
1459
1465
1467
1471
1471
1472
1472
1478
1478
1511
1479
1479
1480
1481
1779
1778
1777
1482
1776
1482
1492
1494
1495
1498
1500
1500
1501
1501
1660
1508
1508
1509
1509
1510
1510
1511
1513
1512
1512
1513
1517
1517
1518
1518
1520
1520
2225
2222
1774
1775
1526
1527
1528
1529
1531
1532
1533
1534
1535
1538
1539
1540
1541
1542
1543
1548
1549
1554
1555
1558
1556
1557
1557
1558
1559
1559
1564
1565
1565
1566
1566
1567
1568
1569
1572
1572
1573
1573
1574
1575
1576
1577
1578
1599
1600
1600
1601
1601
1603
1625
1627
1623
1628
1607
1624
1604
1604
1605
1606
1607
1610
1610
1611
1612
1614
1614
1615
1617
1617
1618
1618
1620
1621
1698
1627
1628
1629
1629
1632
1633
1634
1634
1636
1637
1639
1639
1640
1644
1641
1644
1645
1645
1646
1650
1647
1650
1651
1651
1652
1656
1653
1656
1657
1657
1658
1945
1658
1942
1941
1940
1659
1718
1661
1662
1663
1664
1664
1667
1668
1669
1670
1673
1674
1675
1676
1681
1682
1683
1684
1689
1690
1691
1691
1692
1692
1693
1699
1698
1699
1705
1706
1706
1707
1707
1709
1710
1981
1718
1719
1719
1721
1722
1727
1725
1726
1726
1727
1728
1728
1731
1732
1733
1733
1735
1736
1738
1738
1739
1767
1745
1746
1763
1747
1748
1749
1750
1751
1752
1755
1756
1757
1758
1761
1761
1762
1762
1763
1966
1968
1965
1969
1764
1768
1767
1768
1769
1770
1774
1775
1776
1777
1778
1779
1784
1785
1786
1787
1788
1790
1795
1796
1797
1798
1803
1804
1805
1806
1806
1809
1810
1813
1816
1817
1818
1819
1820
1820
1824
1825
1826
1832
1833
1833
1834
1834
1841
1842
1843
1844
1847
1848
1890
1851
1852
1853
1856
1856
1857
1857
1858
1907
1864
1865
1866
1867
1868
1869
1870
1871
1880
1881
1882
1883
1887
1888
1905
1906
1889
1889
1890
1891
1892
1893
1894
1897
1898
1899
1900
1903
1903
1904
1904
1905
1906
1907
1910
1911
1916
1917
1918
1923
1924
1925
1930
1931
1932
1933
1934
1934
1935
1935
1937
1939
1938
1938
1939
1940
1941
1942
1945
1946
1946
2231
2229
1947
2232
1947
1950
1950
2235
1951
1951
1954
1954
2324
2326
1955
2327
1955
1957
1957
1958
1958
1968
1969
1970
1974
2214
2215
1989
1990
1975
1975
1976
1977
1978
1981
1982
1982
1983
1983
1986
1986
1987
2257
1988
1989
1990
1991
1991
1992
1992
1993
1993
1994
1995
1996
1998
1998
1999
2003
2004
2005
2011
2012
2013
2014
2015
2016
2017
2018
2023
2024
2025
2025
2026
2026
2029
2030
2031
2032
2032
2035
2041
2042
2044
2044
2045
2045
2046
2046
2047
2048
2049
2051
2057
2058
2059
2060
2061
2062
2063
2064
2065
2068
2069
2072
2073
2074
2075
2076
2085
2086
2087
2087
2088
2088
2091
2092
2092
2093
2162
2097
2098
2102
2161
2103
2106
2107
2110
2111
2114
2115
2118
2119
2120
2121
2122
2127
2128
2129
2130
2135
2136
2137
2138
2140
2140
2141
2141
2152
2153
2154
2155
2157
2157
2158
2158
2159
2159
2160
2160
2161
2162
2163
2165
2166
2168
2168
2169
2169
2174
2175
2176
2177
2179
2180
2182
2182
2183
2183
2188
2189
2190
2362
2355
2354
2191
2197
2198
2199
2200
2204
2204
2205
2205
2206
2207
2208
2209
2212
2212
2213
2213
2214
2215
2221
2221
2330
2265
2264
2222
2225
2229
2231
2232
2235
2242
2242
2243
2243
2244
2244
2257
2258
2258
2261
2279
2263
2262
2262
2263
2264
2265
2267
2267
2268
2268
2271
2271
2272
2272
2275
2275
2279
2280
2280
2282
2283
2283
2313
2317
2290
2316
2287
2289
2284
2286
2286
2287
2292
2293
2297
2297
2298
2298
2303
2304
2308
2307
2306
2305
2305
2306
2307
2308
2309
2310
2311
2312
2316
2317
2324
2326
2327
2330
2572
2571
2334
2335
2340
2341
2346
2344
2346
2341
2343
2338
2340
2335
2337
2332
2334
2331
2331
2332
2337
2338
2343
2344
2347
2347
2569
2570
2348
2487
2352
2353
2360
2361
2363
2365
2366
2368
2368
2369
2369
2373
2374
2376
2376
2377
2377
2384
2385
2386
2387
2388
2389
2390
2391
2396
2397
2398
2399
2404
2405
2406
2407
2412
2413
2413
2414
2414
2415
2416
2417
2420
2420
2421
2421
2422
2423
2424
2425
2426
2433
2434
2438
2439
2440
2441
2442
2445
2446
2449
2450
2451
2452
2453
2453
2454
2455
2456
2456
2463
2464
2465
2465
2466
2471
2472
2473
2474
2482
2483
2484
2485
2486
2487
2489
2492
2493
2495
2495
2496
2496
2497
2497
2498
2507
2501
2502
2505
2521
2520
2506
2506
2507
2508
2518
2513
2514
2515
2518
2519
2519
2520
2521
2529
2548
2522
2547
2530
2531
2531
2534
2534
2535
2545
2540
2541
2542
2545
2546
2546
2547
2548
2549
2549
2552
2553
2553
2798
2802
2799
2801
2556
2582
2557
2583
2579
2578
2562
2554
2554
2562
2569
2570
2571
2572
2578
2579
2582
2583
2586
2590
2592
2591
2591
2592
2593
2593
2597
2597
2598
2598
2602
2603
2604
2604
2606
2607
2610
2611
2613
2613
2614
2614
2615
2615
2757
2761
2616
2760
2768
2767
2774
2773
2618
2618
2619
2619
2620
2620
2621
2621
2622
2622
2626
2627
2628
2630
2631
2632
2633
2636
2636
2637
2637
2638
2641
2642
2645
2646
2646
2651
2652
2653
2656
2657
2657
2658
2658
2661
2662
2995
2663
2917
2667
2668
2668
2669
2669
2671
2672
2676
2673
2676
2677
2677
2683
2678
2679
2682
2684
2689
2690
2691
2692
2692
2697
2698
2699
2700
2704
2705
2709
2710
2711
2712
2720
2721
2722
2723
2726
2727
2728
2728
2729
2729
2731
2732
2734
2734
2735
2736
2743
2744
2745
2746
2747
2748
2749
2755
2756
2760
2761
2762
2763
2767
2768
2773
2774
2784
2784
2785
2785
2789
2790
2792
2792
2793
2793
2794
2794
2795
2795
2796
2796
2816
2818
2814
2819
2811
2815
2797
2810
2801
2802
2810
2811
2818
2819
2825
2941
2826
2830
2831
2834
2835
2836
2837
2838
2840
2843
2843
2844
2850
2851
2852
2853
2854
2856
2857
2858
2860
2860
2861
2861
2866
2867
2868
2869
2874
2875
2876
2877
2878
2879
2880
2884
2884
2885
2887
2887
2888
2889
2893
2893
2895
2890
2890
2894
2894
2899
2949
2948
2955
2895
2957
2896
2896
2899
2900
2961
2900
2963
2901
2901
2903
2903
2904
2904
2906
2906
2967
2964
2907
2912
2907
2909
2909
2910
2910
2912
3212
3213
2913
3219
2913
2915
2915
2943
2916
2916
2917
2918
2918
2919
2919
2920
2922
2922
2923
2923
2925
2926
2933
2931
2932
2932
2933
2934
2940
2935
2936
2939
2939
2940
2941
3085
3046
3041
3040
3035
2942
2942
2943
2945
2945
3218
2948
2949
2955
2957
2961
2963
2964
2967
2970
2974
2974
2975
2975
2976
2981
2982
2983
2984
2988
2989
2991
2994
2994
2995
2996
2998
2998
2999
2999
3001
3002
3002
3003
3006
3007
3010
3011
3014
3015
3016
3017
3023
3024
3024
3025
3025
3027
3031
3033
3028
3034
3033
3034
3076
3094
3077
3079
3080
3084
3035
3037
3037
3038
3038
3040
3041
3043
3043
3044
3044
3046
3225
3224
3231
3230
3047
3047
3049
3050
3050
3051
3051
3053
3055
3056
3060
3061
3064
3065
3068
3067
3066
3067
3066
3068
3069
3069
3070
3171
3074
3075
3079
3080
3084
3085
3087
3087
3088
3088
3094
3095
3095
3098
3098
3100
3099
3100
3102
3099
3103
3102
3103
3240
3236
3237
3104
3249
3107
3249
3104
3106
3106
3107
3113
3114
3114
3115
3115
3117
3121
3123
3118
3124
3123
3124
3125
3125
3128
3129
3131
3131
3132
3132
3140
3141
3142
3143
3145
3145
3146
3146
3153
3153
3154
3154
3161
3162
3163
3167
3169
3170
3170
3171
3172
3180
3176
3177
3179
3179
3180
3181
3182
3183
3184
3185
3186
3187
3188
3188
3192
3193
3193
3194
3194
3195
3196
3201
3204
3204
3258
3205
3205
3206
3206
3207
3207
3208
3208
3264
3301
3263
3267
3262
3268
3209
3259
3212
3213
3218
3219
3224
3225
3230
3231
3236
3237
3243
3248
3250
3240
3243
3307
3306
3246
3313
3246
3248
3250
3252
3252
3312
3253
3280
3280
3284
3253
3277
3258
3259
3267
3268
3275
3275
3294
3276
3276
3281
3285
3277
3342
3281
3283
3283
3284
3344
3285
3287
3287
3348
3345
3288
3288
3289
3290
3293
3293
3294
3334
3336
3297
3333
3296
3300
3300
3301
3306
3307
3312
3313
3316
3352
3316
3318
3318
3319
3319
3321
3321
3353
3326
3325
3324
3324
3325
3326
3328
3328
3329
3329
3332
3332
3333
3359
3334
3342
3344
3345
3348
3352
3353
3358
3358
3363
3374
3359
3361
3361
3369
3367
3363
3367
3369
3370
3370
3372
3372
3374
1
1
2
4
5
5
8
9
12
13
15
16
18
19
22
23
26
26
27
29
30
30
33
34
34
37
37
38
40
40
41
41
44
44
45
45
47
47
48
49
50
52
51
53
56
54
59
60
55
65
64
58
57
62
61
66
69
68
67
72
75
74
73
78
81
80
79
87
84
88
97
96
91
90
90
94
111
112
95
101
104
103
115
102
111
112
136
137
138
116
119
118
117
128
131
130
129
130
131
134
135
139
140
141
146
145
147
150
149
148
153
156
155
154
159
160
162
165
164
163
170
173
172
171
178
186
181
189
180
181
184
179
184
190
191
185
194
197
196
195
196
197
202
205
204
203
204
205
209
209
210
210
213
213
219
214
214
215
225
215
226
222
222
229
237
223
229
235
231
230
230
231
235
236
236
237
240
245
244
242
243
359
241
243
244
245
248
248
249
249
362
362
488
388
385
251
250
250
264
251
267
253
252
252
270
253
273
342
345
351
354
256
255
254
257
259
260
261
258
278
288
291
292
287
280
283
282
279
293
295
298
297
294
303
305
304
310
314
311
315
316
317
318
318
328
315
321
314
322
311
323
324
325
326
327
330
330
331
338
331
337
332
332
333
536
333
539
342
343
343
344
344
345
350
350
351
354
355
355
358
358
529
367
366
369
368
372
373
377
376
364
366
359
363
363
491
364
496
369
371
371
372
577
376
378
381
380
379
380
381
385
388
391
390
392
393
394
395
575
574
607
606
608
609
400
401
405
404
414
399
398
415
407
406
411
410
421
420
397
396
425
428
427
426
432
435
434
433
439
441
442
447
440
442
447
450
449
454
455
460
459
515
452
451
448
453
454
459
463
466
467
470
465
510
464
471
535
540
472
472
545
473
546
473
474
474
549
475
550
475
488
491
495
495
496
500
503
502
501
511
512
513
521
520
521
567
518
520
514
526
526
571
527
527
528
528
529
534
534
535
540
541
541
553
553
554
561
554
560
555
555
556
751
556
750
565
566
568
569
570
571
711
577
579
576
576
579
582
582
583
668
583
584
584
586
586
590
587
589
587
589
590
592
595
594
593
596
599
600
603
598
727
726
597
604
869
872
605
611
610
610
611
616
615
623
630
631
622
613
638
639
614
623
630
625
626
624
641
642
627
640
645
649
650
651
652
657
648
647
646
658
663
662
661
666
676
660
680
659
663
666
675
674
674
807
667
667
668
675
808
676
681
680
682
682
852
681
849
683
683
699
684
688
694
684
686
686
687
687
688
693
693
694
697
697
703
700
699
698
698
778
704
773
772
705
705
708
708
757
768
767
712
717
717
718
723
716
714
713
715
716
724
736
737
725
736
737
739
740
741
741
749
742
764
742
743
743
815
744
818
744
757
759
758
758
759
765
765
766
766
767
768
769
769
770
770
781
780
771
772
773
776
776
777
777
778
856
853
781
841
784
779
784
840
841
861
860
857
785
785
789
786
790
786
789
790
791
791
795
792
796
792
795
796
797
797
801
798
802
798
801
802
938
803
803
938
804
939
804
807
808
813
834
819
814
814
819
828
827
823
820
820
823
827
828
832
833
837
879
883
882
834
839
837
838
838
839
840
849
852
853
856
857
860
861
864
864
1434
1435
893
1438
865
866
982
984
868
989
988
867
873
877
878
874
879
893
882
884
887
886
885
886
887
890
890
891
891
892
892
898
905
906
909
910
910
905
900
912
899
911
911
914
913
912
920
925
926
929
922
921
930
932
932
1171
1172
933
933
935
934
1165
1195
936
1196
939
941
941
945
942
946
942
945
946
947
947
951
948
952
948
951
952
961
960
954
953
953
955
954
957
957
955
960
964
961
963
963
964
969
969
970
977
970
976
971
971
972
1050
972
1051
984
1002
1001
1006
986
987
998
985
999
1000
1006
1059
1058
1057
1061
1066
1008
1009
1012
1007
1013
1014
1072
1073
1016
1017
1020
1015
1021
1022
1078
1079
1024
1025
1028
1023
1029
1030
1123
1124
1032
1033
1036
1031
1037
1038
1347
1352
1042
1041
1040
1039
1039
1040
1041
1042
1043
1043
1046
1046
1047
1047
1060
1061
1066
1069
1068
1067
1089
1089
1134
1090
1137
1090
1091
1091
1138
1092
1141
1092
1093
1093
1094
1095
1100
1099
1112
1111
1094
1110
1099
1103
1106
1105
1104
1105
1106
1113
1115
1116
1117
1114
1129
1129
1133
1132
1131
1130
1130
1131
1132
1133
1142
1149
1143
1143
1317
1148
1147
1145
1144
1144
1327
1145
1330
1146
1146
1147
1148
1149
1321
1305
1304
1153
1150
1150
1153
1157
1160
1159
1158
1159
1160
1163
1163
1164
1164
1439
1443
1446
1173
1196
1195
1197
1177
1176
1175
1204
1203
1174
1178
1180
1181
1214
1179
1210
1211
1212
1213
1218
1219
1220
1221
1222
1260
1194
1230
1229
1238
1187
1238
1186
1194
1189
1236
1188
1237
1205
1206
1207
1355
1358
1227
1256
1257
1228
1234
1237
1236
1235
1239
1239
1282
1283
1240
1240
1242
1241
1244
1288
1243
1287
1258
1259
1261
1262
1264
1263
1268
1270
1271
1272
1273
1278
1269
1279
1286
1287
1288
1289
1296
1281
1294
1295
1302
1301
1553
1554
1304
1305
1309
1310
1311
1312
1313
1314
1452
1455
1470
1473
1499
1502
1321
1611
1322
1322
1323
1323
1332
1335
1334
1335
1340
1333
1340
1343
1342
1341
1344
1385
1346
1385
1386
1345
1353
1359
1354
1360
1373
1374
1363
1362
1361
1375
1376
1386
1388
1390
1389
1395
1398
1397
1398
1401
1396
1401
1404
1403
1402
1405
1408
1407
1408
1411
1406
1411
1414
1413
1412
1416
1418
1419
1422
1417
1423
1425
1424
1430
1431
1525
1434
1435
1438
1439
1443
1446
1450
1450
1451
1451
1452
1477
1455
1476
1477
1484
1456
1456
1460
1457
1461
1457
1460
1461
1462
1464
1462
1463
1463
1466
1464
1466
1591
1590
1469
1468
1468
1598
1469
1602
1470
1475
1473
1474
1474
1475
1476
1483
1483
1484
1504
1490
1489
1488
1487
1486
1485
1485
1491
1486
1493
1487
1496
1488
1497
1489
1780
1490
1781
1491
1493
1496
1497
1514
1515
1507
1516
1502
1506
1499
1507
1503
1503
1612
1613
1504
1782
1505
1505
1783
1506
1519
1514
1515
1516
1519
1547
1546
1545
1550
1524
1525
1530
1523
1522
1536
1537
1521
1530
1531
1532
1536
1533
1537
1544
1551
1552
1555
1556
1560
1819
1818
1563
1564
1567
1562
1579
1580
1561
1568
1571
1570
1569
1581
1582
1583
1584
1666
1671
1672
1677
1685
1586
1587
1588
1585
1589
1597
1596
1590
1635
1591
1638
1593
1592
1592
1717
1593
1720
1595
1594
1594
1595
1596
1597
1608
1608
1616
1615
1620
1619
1609
1609
1613
1616
1619
1621
1622
1626
1622
1626
1630
1630
1631
1631
1640
1643
1642
1641
1646
1649
1648
1647
1652
1655
1654
1653
1665
1688
1671
1689
1666
1690
1672
1677
1745
1746
1680
1679
1678
1686
1686
1753
1754
1744
1687
1693
1700
1697
1704
1705
1709
1708
1695
1694
1694
1943
1944
1696
1949
1695
1948
1696
1697
1702
1700
1701
1701
1702
1952
1953
1703
1956
1703
1704
1708
1710
1723
1716
1715
1714
1712
1711
1711
1734
1712
1737
1713
1713
1714
1715
1716
1723
1724
1724
1729
1729
1730
1730
1740
1740
1741
1766
1741
1765
1742
1742
1743
1964
1743
1967
1754
1757
1760
1759
1758
1771
1771
1962
1963
1772
1772
2216
1773
2217
1773
1780
1781
1782
1783
1785
1792
1784
1791
1787
1800
1786
1799
1789
1789
1791
1794
1793
1792
1799
1802
1801
1800
1807
1812
1811
1808
1808
1811
1812
1815
1814
1814
1815
1915
1914
1829
1823
1822
1821
1817
1835
1827
1828
1830
1831
1836
1816
1837
1848
1847
1846
1845
1840
1839
1838
1886
1879
1878
1877
1884
1885
1850
1863
1862
1849
1849
1850
1851
1852
1855
1859
1860
1861
1872
1912
1909
1908
1854
1853
1860
1858
1859
1873
1874
1875
1876
1887
1888
1896
1901
1902
1895
1894
1937
1893
1910
2000
1911
2006
1913
1915
1914
1919
1919
1920
1920
1921
1921
1922
1922
1926
1927
1926
1927
2028
1936
1929
1928
1943
1944
1948
1949
1952
1953
1956
1959
1959
1980
2252
1980
1979
1978
1984
1977
1976
1985
1960
1960
1961
1961
1962
1963
1971
1971
1972
1972
1973
1973
1979
1984
1985
1987
2256
2259
1988
1994
2007
1996
2008
1997
2034
2033
1995
2037
2000
2002
2006
2001
2007
2010
2009
2008
2019
2022
2021
2020
2027
2029
2031
2090
2030
2035
2036
2036
2037
2066
2067
2039
2070
2071
2038
2038
2039
2041
2040
2042
2043
2050
2050
2052
2052
2053
2054
2055
2056
2058
2430
2057
2431
2077
2078
2079
2084
2083
2089
2091
2446
2447
2082
2081
2080
2093
2096
2095
2096
2099
2094
2099
2102
2101
2100
2104
2109
2108
2105
2112
2117
2116
2113
2123
2126
2125
2124
2125
2126
2129
2130
2131
2131
2139
2132
2142
2132
2133
2133
2203
2134
2202
2134
2143
2143
2144
2144
2239
2238
2146
2145
2147
2148
2149
2150
2151
2148
2154
2151
2155
2156
2164
2166
2167
2170
2165
2171
2173
2172
2178
2180
2181
2184
2179
2185
2187
2186
2192
2193
2193
2201
2194
2245
2194
2195
2195
2196
2296
2196
2299
2210
2210
2211
2211
2216
2217
2218
2223
2218
2219
2219
2224
2220
2220
2223
2224
2226
2228
2226
2227
2227
2230
2228
2230
2233
2233
2237
2234
2236
2234
2236
2237
2261
2260
2281
2282
2284
2285
2288
2289
2238
2241
2239
2240
2240
2241
2246
2246
2247
2247
2295
2300
2248
2248
2323
2249
2325
2249
2250
2250
2328
2251
2329
2251
2266
2565
2252
2266
2253
2253
2269
2254
2270
2254
2255
2255
2273
2274
2276
2259
2277
2256
2276
2260
2269
2270
2273
2274
2277
2333
2278
2336
2281
2322
2278
2285
2288
2290
2315
2314
2313
2291
2291
2294
2294
2295
2302
2300
2301
2301
2302
2309
2310
2311
2312
2314
2315
2318
2318
2319
2319
2320
2320
2321
2321
2322
2339
2342
2891
2345
2325
2323
2328
2329
2333
2336
2339
2342
2345
2348
2351
2351
2350
2349
2350
2356
2359
2358
2357
2358
2359
2364
2366
2367
2370
2365
2371
2372
2383
2382
2380
2374
2375
2378
2373
2379
2381
2392
2411
2412
2415
2410
2395
2394
2393
2394
2395
2400
2403
2402
2401
2402
2403
2408
2427
2428
2409
2416
2419
2418
2417
2429
2460
2459
2462
2461
2431
2432
2435
2430
2436
2443
2444
2437
2437
2439
2438
2444
2448
2452
2451
2457
2450
2458
2635
2449
2467
2470
2469
2468
2469
2470
2475
2481
2480
2477
2476
2478
2479
2480
2481
2488
2490
2489
2491
2494
2493
2492
2498
2501
2500
2499
2502
2505
2504
2503
2509
2509
2510
2517
2510
2516
2511
2511
2512
2532
2512
2533
2523
2523
2526
2525
2524
2524
2525
2526
2528
2527
2527
2528
2536
2536
2537
2544
2537
2543
2538
2538
2539
2596
2539
2599
2550
2550
2551
2551
2555
2555
2561
2560
2559
2557
2558
2581
2556
2558
2559
2560
2561
2563
2563
2564
2564
2897
2892
2565
2573
2566
2566
2574
2567
2567
2575
2568
2576
2568
2573
2574
2575
2576
2577
2577
2580
2580
2584
2581
2805
2584
2908
2905
2902
2898
2585
2589
2595
2600
2585
2587
2587
2588
2588
2589
2594
2594
2595
2600
2601
2601
2605
2608
2607
2606
2609
2612
2611
2610
2617
2617
2623
2625
2625
2624
2624
2629
2629
2841
2842
2832
2829
2828
2833
2839
2845
2643
2640
2639
2644
2647
2634
2633
2632
2631
2648
2649
2650
2655
2654
2659
2630
2660
2849
2827
2847
2848
2993
2662
2661
2663
2696
2666
2667
2671
2670
2681
2680
2665
2664
2672
2675
2674
2673
2685
2688
2687
2686
2693
2727
2726
2725
2718
2719
2724
2717
2701
2696
2695
2694
2701
2704
2703
2702
2705
2707
2707
2708
2713
2706
2706
2749
2714
2730
2731
2732
2733
2716
2737
2738
2715
2739
2742
2741
2740
2741
2742
2747
2748
2750
2751
3020
3019
2778
2777
2754
2753
2752
2759
2752
2758
2753
2783
2754
2786
2764
2764
2781
2782
2787
2800
2799
2798
2803
2769
2765
2765
2769
2766
2770
2766
2770
2775
2771
2771
2775
2772
2776
2772
2776
2777
2921
2778
2924
2930
2927
2809
2797
2815
2808
2813
2814
2816
2817
2779
2779
2780
2780
2781
2782
2787
2791
2788
2788
2791
2800
2803
2806
2804
2804
2805
2911
2914
2806
2944
2807
2807
2809
2808
2812
2812
3039
3036
2817
2821
2813
2820
2820
3042
2821
3045
2822
2822
2824
2824
2825
2934
2823
3086
3083
3089
2823
3083
2829
2830
2831
2832
2839
2840
2846
2855
2992
2859
2858
2857
2862
2863
2864
2865
2881
2882
2883
2886
2885
2856
2870
2873
2872
2871
2872
2873
2891
2892
2897
2898
2902
2905
2908
2911
2914
2927
2928
2928
2929
2929
2930
2935
2938
2937
2936
2937
2938
2944
2946
2946
2950
2947
2951
2947
2950
2951
2952
2954
2952
2953
2953
2956
2954
2956
2958
2960
2958
2959
2959
2962
2960
2962
2965
2965
2969
2966
2968
2966
2968
2969
3052
2971
2972
2973
2970
2977
2980
2979
2978
2979
2980
2985
2987
2986
2990
3062
3059
2997
2996
3001
3000
3005
3004
3009
3008
3048
3049
2991
3012
3013
3018
3019
3022
3020
3026
3030
3021
3021
3029
3029
3030
3032
3032
3036
3039
3042
3045
3053
3055
3056
3057
3054
3058
3059
3065
3062
3064
3063
3070
3160
3072
3071
3071
3112
3072
3116
3073
3073
3078
3077
3076
3093
3075
3096
3097
3074
3078
3081
3081
3082
3082
3086
3089
3090
3090
3101
3091
3105
3091
3092
3092
3093
3096
3097
3101
3105
3108
3108
3109
3109
3247
3110
3251
3110
3191
3254
3120
3111
3111
3119
3119
3120
3122
3122
3126
3126
3135
3130
3127
3133
3127
3134
3134
3135
3136
3136
3144
3137
3147
3137
3138
3138
3152
3139
3155
3139
3148
3148
3149
3149
3151
3150
3150
3151
3156
3173
3160
3159
3158
3168
3157
3159
3163
3166
3165
3164
3167
3168
3173
3271
3272
3174
3174
3178
3175
3295
3175
3189
3189
3191
3192
3195
3190
3190
3255
3196
3203
3197
3197
3198
3198
3199
3199
3200
3200
3260
3202
3201
3202
3203
3209
3262
3261
3210
3210
3214
3211
3215
3211
3214
3215
3216
3216
3220
3217
3221
3217
3220
3221
3222
3222
3226
3223
3227
3223
3226
3227
3228
3228
3232
3229
3233
3229
3232
3233
3234
3234
3238
3235
3239
3235
3238
3239
3241
3241
3245
3242
3244
3242
3244
3245
3247
3251
3254
3278
3255
3279
3256
3256
3282
3257
3286
3257
3260
3261
3263
3266
3265
3264
3265
3266
3269
3269
3270
3270
3317
3320
3303
3271
3274
3272
3273
3273
3274
3278
3279
3282
3286
3291
3291
3292
3292
3296
3299
3298
3297
3298
3299
3302
3302
3303
3327
3323
3336
3335
3308
3304
3304
3308
3305
3309
3305
3309
3310
3310
3314
3311
3315
3311
3314
3315
3317
3320
3330
3323
3331
3322
3322
3327
3330
3331
3335
3375
3373
3375
3360
3371
3373
3360
3365
3364
3356
3355
3350
3351
3340
3339
3338
3337
3337
3341
3338
3343
3339
3346
3340
3347
3347
3346
3343
3341
3349
3349
3351
3350
3354
3354
3355
3357
3356
3362
3357
3362
3364
3366
3365
3368
3368
3366
3371
3376
3376
47
589
590
789
790
795
796
801
802
938
939
945
946
951
952
955
957
963
964
1460
1461
1464
1466
1491
1493
1496
1497
1780
1781
1782
1783
2216
2217
2223
2224
2228
2230
2236
2237
2323
2325
2328
2329
2573
2574
2575
2576
2769
2770
2775
2776
2950
2951
2954
2956
2960
2962
2968
2969
3214
3215
3220
3221
3226
3227
3232
3233
3238
3239
3244
3245
3308
3309
3314
3315
3341
3343
3346
3347
3349
3354
3357
3362
3366
3368
3376
48
49
50
52
54
53
51
56
55
57
58
59
60
61
62
146
145
159
160
391
395
394
393
392
390
575
574
606
607
608
609
611
616
617
618
618
619
613
638
637
612
628
629
624
625
626
643
627
641
904
899
903
899
900
934
935
936
1165
1186
0
1187
1188
1189
1241
1242
1243
1244
1431
1531
1532
1533
1789
1784
1785
1786
1787
1807
1806
1788
1788
1809
1810
1813
1891
1892
1916
1917
1918
1923
1924
1925
2048
2047
2049
2051
2626
2627
2628
48
65
64
63
84
87
86
85
92
91
90
89
138
139
144
218
213
209
212
209
210
221
230
222
219
220
223
246
245
249
384
385
386
586
585
590
)


// ************************************************************************* //
