/*--------------------------------*- C++ -*----------------------------------*\
| =========                 |                                                 |
| \\      /  F ield         | OpenFOAM: The Open Source CFD Toolbox           |
|  \\    /   O peration     | Version:  2412                                  |
|   \\  /    A nd           | Website:  www.openfoam.com                      |
|    \\/     M anipulation  |                                                 |
\*---------------------------------------------------------------------------*/
FoamFile
{
    version     2.0;
    format      ascii;
    arch        "LSB;label=32;scalar=64";
    class       vectorField;
    location    "constant/claddingZone/polyMesh";
    object      points;
}
// * * * * * * * * * * * * * * * * * * * * * * * * * * * * * * * * * * * * * //


1435
(
(0.0032 0.0025 0.0081925474)
(0.0030999997 0.0025999999 0.0081925472)
(0.0032 0.0025999999 0.008192548)
(0.0029999996 0.0026999998 0.0081925478)
(0.0028999998 0.0027999999 0.0081925486)
(0.0029999997 0.0027999998 0.0081925477)
(0.0030999998 0.0026999998 0.0081925452)
(0.0032 0.0026999998 0.0081925453)
(0.0030999998 0.0027999998 0.0081925445)
(0.0032 0.0027999999 0.008192545)
(0.0032 0.0025 0.016525883)
(0.0030999999 0.0025999999 0.016525883)
(0.0032 0.0025999999 0.016525883)
(0.0032 0.0024999999 0.025)
(0.0031 0.0025999999 0.025000002)
(0.0032 0.0025999999 0.025000001)
(0.0029999999 0.0026999999 0.016525883)
(0.0028999999 0.0027999999 0.016525884)
(0.0029999999 0.0027999999 0.016525883)
(0.003 0.0026999999 0.025000002)
(0.0029 0.0028 0.025000001)
(0.003 0.0028 0.025000001)
(0.0030999999 0.0026999999 0.016525882)
(0.0032 0.0026999999 0.016525883)
(0.0030999999 0.0027999999 0.016525882)
(0.0032 0.0027999999 0.016525882)
(0.0031 0.0026999999 0.025000002)
(0.0032 0.0027 0.025000001)
(0.0031 0.0028 0.025000001)
(0.0032 0.0028 0.025000001)
(0.0028 0.0029 0.0081925482)
(0.0026999998 0.003 0.0081925449)
(0.0028 0.0029999999 0.0081925466)
(0.0025999998 0.0031000002 0.0081925462)
(0.0024999998 0.0032000004 0.0081925514)
(0.0025999997 0.0032000003 0.0081925487)
(0.0043 0.00090000002 0.016525882)
(0.0044000001 0.00090000006 0.016525882)
(0.0043 0.00099999998 0.016525883)
(0.0044000001 0.001 0.016525883)
(0.0043 0.0009 0.025)
(0.0044 0.00090000002 0.025)
(0.0043 0.00099999999 0.024999999)
(0.0044 0.001 0.024999999)
(0.0040999999 0.0010999999 0.016525884)
(0.0041999999 0.0010999999 0.016525883)
(0.0040999999 0.0011999999 0.016525882)
(0.0041999999 0.0011999999 0.016525881)
(0.0041 0.0010999999 0.025000001)
(0.0042 0.0010999999 0.025)
(0.0041 0.0011999999 0.025000001)
(0.0042 0.0011999999 0.025)
(0.0043 0.0010999999 0.016525882)
(0.0044000001 0.0010999999 0.016525882)
(0.0043 0.0011999999 0.016525881)
(0.0044000001 0.0011999999 0.016525881)
(0.0043 0.0011 0.024999999)
(0.0044 0.0011 0.024999999)
(0.0043 0.0011999999 0.024999999)
(0.0044 0.0012 0.024999999)
(0.0040999996 0.0012999999 0.0081925438)
(0.0041999998 0.0012999999 0.0081925425)
(0.0040999996 0.0014000001 0.0081925448)
(0.0041999998 0.0014 0.0081925431)
(0.0039000001 0.0017000001 0.033474116)
(0.004 0.0017 0.033474118)
(0.0039000001 0.0018000001 0.033474115)
(0.0040000001 0.0018 0.033474118)
(0.0039000001 0.0017000001 0.041807451)
(0.004 0.0017000001 0.041807454)
(0.0039000001 0.0018000002 0.041807448)
(0.0040000001 0.0018000001 0.041807453)
(0.0037000002 0.0019 0.033474116)
(0.0038000002 0.0019000001 0.033474115)
(0.0037000002 0.002 0.033474117)
(0.0038000001 0.0020000001 0.033474116)
(0.0037000005 0.0019 0.041807449)
(0.0038000003 0.0019 0.041807447)
(0.0037000004 0.0019999999 0.041807452)
(0.0038000002 0.002 0.041807451)
(0.0039000001 0.0019000001 0.033474116)
(0.0040000001 0.0019000001 0.03347412)
(0.0039 0.0020000001 0.033474118)
(0.0040000001 0.0020000001 0.033474121)
(0.0039000001 0.0019000001 0.041807449)
(0.0040000001 0.0019000001 0.041807456)
(0.0039 0.0020000002 0.041807453)
(0.004 0.0020000002 0.041807458)
(0.0034 0.0021999999 0.033474116)
(0.0034 0.0021999998 0.041807449)
(0.0035000001 0.0021 0.033474119)
(0.0036000001 0.0021 0.033474119)
(0.0035 0.0021999999 0.033474117)
(0.0036 0.0022 0.033474117)
(0.0035000001 0.0021 0.041807455)
(0.0036000002 0.0021 0.041807456)
(0.0035 0.0021999999 0.041807453)
(0.0036000001 0.0022 0.041807454)
(0.0033 0.0022999999 0.033474116)
(0.0034 0.0022999999 0.033474116)
(0.0033000001 0.0023999999 0.033474116)
(0.0034 0.0023999998 0.033474115)
(0.0033000001 0.0022999998 0.041807451)
(0.0034 0.0022999997 0.04180745)
(0.0033000002 0.0023999997 0.041807449)
(0.0034 0.0023999997 0.041807449)
(0.0035 0.0022999999 0.033474116)
(0.0036 0.0022999999 0.033474115)
(0.0035 0.0023999998 0.033474116)
(0.0036 0.0023999999 0.033474115)
(0.0035 0.0022999998 0.041807453)
(0.0036000001 0.0023 0.041807452)
(0.0034999999 0.0023999997 0.041807452)
(0.0036 0.0023999998 0.041807451)
(0.0023 0.0034999999 0.033474116)
(0.0024 0.0034999999 0.033474116)
(0.0023 0.0035999999 0.033474117)
(0.0024 0.0035999999 0.033474116)
(0.0023000001 0.0034999998 0.041807452)
(0.0024 0.0034999999 0.041807451)
(0.0023 0.0035999999 0.041807453)
(0.0023999999 0.0035999999 0.041807451)
(0.0026999998 0.0031000002 0.0081925433)
(0.0028 0.0031 0.0081925438)
(0.0026999998 0.0032000003 0.0081925452)
(0.0028 0.0032000002 0.0081925446)
(0.0028 0.0029 0.016525883)
(0.0027 0.003 0.016525882)
(0.0028 0.003 0.016525883)
(0.0028 0.0029 0.025000001)
(0.0027 0.003 0.025000001)
(0.0028 0.003 0.025000001)
(0.0025999999 0.0031000001 0.016525883)
(0.0024999999 0.0032000001 0.016525885)
(0.0025999999 0.0032000001 0.016525884)
(0.0026 0.0031000001 0.025000002)
(0.0025 0.0032000001 0.025000001)
(0.0026 0.0032000001 0.025000001)
(0.0027 0.0031000001 0.016525881)
(0.0028 0.0031 0.016525882)
(0.0027 0.0032000001 0.016525882)
(0.0028 0.0032000001 0.016525882)
(0.0027 0.0031000001 0.025000001)
(0.0028 0.0031000001 0.025)
(0.0027 0.0032000001 0.025000001)
(0.0028000001 0.0032000001 0.025)
(0.0028999999 0.0029 0.0081925513)
(0.0029999998 0.0028999999 0.0081925505)
(0.0029 0.0029999999 0.0081925512)
(0.0029999998 0.0029999998 0.0081925515)
(0.0030999998 0.0028999999 0.0081925471)
(0.0032 0.0028999999 0.0081925479)
(0.0030999998 0.0029999998 0.0081925482)
(0.0032 0.0029999998 0.0081925481)
(0.0029 0.0030999999 0.0081925479)
(0.0029999999 0.0030999999 0.0081925485)
(0.0029000001 0.0032000001 0.0081925479)
(0.003 0.0032 0.0081925488)
(0.0030999998 0.0030999998 0.0081925457)
(0.0031999999 0.0030999998 0.0081925453)
(0.0030999999 0.0031999999 0.0081925473)
(0.0031999998 0.0031999999 0.008192547)
(0.0029 0.0029 0.016525885)
(0.0029999999 0.0028999999 0.016525884)
(0.0029 0.003 0.016525884)
(0.003 0.0029999999 0.016525885)
(0.0029 0.0029 0.025000001)
(0.003 0.0029 0.025000001)
(0.0029 0.003 0.025000001)
(0.003 0.003 0.025000001)
(0.0030999999 0.0028999999 0.016525883)
(0.0032 0.0028999999 0.016525883)
(0.0030999999 0.0029999999 0.016525884)
(0.0032 0.0029999999 0.016525883)
(0.0031 0.0029 0.025000001)
(0.0032 0.0029 0.025)
(0.0031 0.003 0.025000001)
(0.0032 0.003 0.025)
(0.0029 0.0031 0.016525883)
(0.003 0.0031 0.016525884)
(0.0029 0.0032 0.016525883)
(0.003 0.0032 0.016525884)
(0.0029 0.0031 0.025000001)
(0.003 0.0031 0.025000001)
(0.0029 0.0032 0.025)
(0.003 0.0032 0.025)
(0.0030999999 0.0030999999 0.016525883)
(0.0031999999 0.0030999999 0.016525883)
(0.0031 0.0031999999 0.016525884)
(0.0031999999 0.0031999999 0.016525883)
(0.0031 0.0031 0.025000001)
(0.0032 0.0031 0.025000001)
(0.0031 0.0032 0.025000001)
(0.0032 0.0032 0.025000001)
(0.0043 0.0012999999 0.0081925424)
(0.0043000001 0.0013999999 0.0081925448)
(0.0040999996 0.0015000001 0.0081925475)
(0.0041999998 0.0015 0.0081925452)
(0.0040999997 0.0015999999 0.008192548)
(0.0041999999 0.0015999999 0.0081925446)
(0.0043000001 0.0014999999 0.0081925457)
(0.0040999999 0.0012999999 0.016525881)
(0.0041999999 0.0012999999 0.01652588)
(0.0040999998 0.0014 0.016525881)
(0.0041999999 0.0014 0.01652588)
(0.0041 0.0013 0.025000001)
(0.0042 0.0013 0.025)
(0.0041 0.0014 0.025)
(0.0042 0.0014 0.024999999)
(0.0043 0.0012999999 0.01652588)
(0.0043 0.0013999999 0.016525881)
(0.0043 0.0013 0.024999999)
(0.0043000001 0.0014 0.024999999)
(0.0040999999 0.0015 0.016525882)
(0.0042 0.0015 0.01652588)
(0.0040999999 0.0016 0.016525882)
(0.0042 0.0016 0.01652588)
(0.0041 0.0015 0.025)
(0.0042 0.0015 0.024999999)
(0.0041 0.0016 0.025)
(0.0042000001 0.0016 0.024999999)
(0.0043000001 0.0015 0.016525881)
(0.0043000001 0.0015 0.024999998)
(0.0037000001 0.0021 0.033474117)
(0.0038 0.0021000001 0.033474117)
(0.0037 0.0022 0.033474115)
(0.0038 0.0022000001 0.033474115)
(0.0037000002 0.0021 0.041807453)
(0.0038 0.0021000002 0.041807452)
(0.0037000001 0.0022000002 0.04180745)
(0.0037999999 0.0022000003 0.041807449)
(0.0039 0.0021000001 0.033474118)
(0.004 0.0021000002 0.03347412)
(0.0038999999 0.0022000001 0.033474116)
(0.004 0.0022000001 0.033474118)
(0.0038999999 0.0021000003 0.041807454)
(0.0039999999 0.0021000004 0.041807457)
(0.0038999997 0.0022000004 0.041807451)
(0.0039999999 0.0022000004 0.041807454)
(0.0037 0.0023 0.033474113)
(0.0037999999 0.0023 0.033474113)
(0.0036999999 0.0023999999 0.033474113)
(0.0037999999 0.0024 0.033474113)
(0.0037 0.0023000001 0.041807447)
(0.0037999998 0.0023000001 0.041807446)
(0.0037 0.0023999998 0.041807446)
(0.0037999998 0.0023999999 0.041807446)
(0.0038999999 0.0023000001 0.033474115)
(0.0038999997 0.0023000002 0.041807449)
(0.0021999999 0.0036999999 0.033474118)
(0.0021999999 0.0037999999 0.033474119)
(0.0021999999 0.0036999997 0.041807454)
(0.0021999998 0.0037999998 0.041807456)
(0.0022999999 0.0036999999 0.033474117)
(0.0023999999 0.0036999999 0.033474116)
(0.0022999999 0.0037999999 0.033474118)
(0.0023999999 0.0037999999 0.033474117)
(0.0022999999 0.0036999999 0.041807451)
(0.0023999999 0.0036999999 0.041807449)
(0.0022999999 0.0037999998 0.041807453)
(0.0023999999 0.0037999999 0.04180745)
(0.0021999999 0.0039 0.033474118)
(0.0021999998 0.0039 0.041807455)
(0.0022999999 0.0039 0.033474119)
(0.0022999998 0.0038999999 0.041807455)
(0.0036 0.0018 0.008192545)
(0.0035999999 0.0019000001 0.0081925447)
(0.0034999998 0.002 0.0081925514)
(0.0035999999 0.002 0.0081925481)
(0.0041000001 0.0017 0.033474119)
(0.0042000002 0.0017 0.033474117)
(0.0041000001 0.0018 0.03347412)
(0.0042000002 0.0018 0.033474119)
(0.0041000001 0.0017 0.041807455)
(0.0042000004 0.0016999999 0.041807453)
(0.0041000003 0.0017999999 0.041807455)
(0.0042000005 0.0017999998 0.041807454)
(0.0041000001 0.0019 0.033474121)
(0.0041000001 0.0020000001 0.033474122)
(0.0041000003 0.0019 0.041807458)
(0.0041000003 0.0020000002 0.04180746)
(0.0025 0.0033000001 0.033474116)
(0.0026 0.0033000001 0.033474117)
(0.0025 0.0034 0.033474116)
(0.0026 0.0034 0.033474117)
(0.0025 0.0033000002 0.041807448)
(0.0026 0.0033000002 0.041807452)
(0.0025 0.0034 0.041807448)
(0.0026 0.0034 0.041807452)
(0.0027000001 0.0033000001 0.033474117)
(0.0028000002 0.0033000001 0.033474115)
(0.0027000001 0.0034 0.033474117)
(0.0028000002 0.0034 0.033474115)
(0.0027000003 0.0033000002 0.041807452)
(0.0028000004 0.0033000002 0.041807448)
(0.0027000003 0.0033999999 0.041807452)
(0.0028000004 0.0033999999 0.041807448)
(0.0025 0.0034999999 0.033474117)
(0.0026 0.0034999999 0.033474118)
(0.0024999999 0.0035999999 0.033474118)
(0.0026 0.0035999999 0.033474119)
(0.0024999999 0.0034999999 0.041807452)
(0.0026 0.0034999998 0.041807456)
(0.0024999998 0.0035999999 0.041807453)
(0.0025999999 0.0035999998 0.041807457)
(0.0027000001 0.0034999999 0.033474118)
(0.0028000001 0.0034999999 0.033474116)
(0.0027000001 0.0035999999 0.033474119)
(0.0028000001 0.0035999999 0.033474117)
(0.0027000002 0.0034999997 0.041807455)
(0.0028000004 0.0034999997 0.041807451)
(0.0027000002 0.0035999997 0.041807457)
(0.0028000003 0.0035999997 0.041807454)
(0.0029000001 0.0033000001 0.033474113)
(0.0030000001 0.0033 0.033474114)
(0.0029000001 0.0034 0.033474113)
(0.0030000001 0.0033999999 0.033474113)
(0.0029000003 0.0033000002 0.041807445)
(0.0030000001 0.0033000001 0.041807446)
(0.0029000003 0.0033999999 0.041807445)
(0.0030000001 0.0033999999 0.041807446)
(0.0031 0.0033 0.033474116)
(0.0031 0.0033000001 0.041807452)
(0.0029000001 0.0034999999 0.033474114)
(0.0029000003 0.0034999997 0.041807448)
(0.0036 0.0018 0.016525883)
(0.0036000001 0.0018 0.025000001)
(0.0036 0.0019 0.016525882)
(0.0035 0.002 0.016525886)
(0.0036 0.002 0.016525883)
(0.0036000001 0.0019 0.025000001)
(0.0035 0.002 0.025000003)
(0.0036000001 0.002 0.025000001)
(0.0037 0.0017 0.0081925526)
(0.0037999998 0.0017 0.0081925535)
(0.0037 0.0018 0.0081925477)
(0.0037999999 0.0018 0.0081925495)
(0.0038999997 0.0017 0.0081925509)
(0.0039999997 0.0016999999 0.0081925478)
(0.0038999998 0.0017999999 0.0081925477)
(0.0039999998 0.0018 0.0081925451)
(0.0037 0.0019000001 0.0081925458)
(0.0038 0.0019000001 0.0081925484)
(0.0037000001 0.002 0.0081925482)
(0.0038000001 0.002 0.0081925512)
(0.0038999999 0.0019 0.0081925469)
(0.004 0.0019000001 0.008192545)
(0.0039 0.0020000001 0.00819255)
(0.0040000001 0.0020000001 0.0081925477)
(0.0037 0.0017000001 0.016525885)
(0.0037999999 0.0017000001 0.016525886)
(0.0037 0.0018 0.016525883)
(0.0038 0.0018 0.016525884)
(0.0037000001 0.0017000001 0.025000001)
(0.0038 0.0017000001 0.025)
(0.0037000001 0.0018000001 0.025)
(0.0038000001 0.0018000001 0.024999999)
(0.0038999999 0.0017 0.016525885)
(0.0039999999 0.0017 0.016525883)
(0.0038999999 0.0018 0.016525883)
(0.004 0.0018 0.016525882)
(0.0039 0.0017 0.025)
(0.004 0.0017 0.025)
(0.0039 0.0018000001 0.025)
(0.004 0.0018 0.025)
(0.0037 0.0019 0.016525882)
(0.0038 0.0019 0.016525883)
(0.0037 0.002 0.016525883)
(0.0038 0.002 0.016525884)
(0.0037000001 0.0019 0.025)
(0.0038000001 0.0019000001 0.024999999)
(0.0037000001 0.002 0.025)
(0.0038000001 0.002 0.025)
(0.0039 0.0019000001 0.016525883)
(0.004 0.0019000001 0.016525882)
(0.0039 0.002 0.016525884)
(0.004 0.0020000001 0.016525884)
(0.0039 0.0019000001 0.025)
(0.004 0.0019000001 0.025000001)
(0.0039 0.0020000001 0.025000001)
(0.004 0.0020000001 0.025000002)
(0.0033999999 0.0021999997 0.0081925518)
(0.0021999999 0.0033999999 0.0081925497)
(0.0023 0.0033000002 0.0081925501)
(0.0024 0.0033000002 0.0081925541)
(0.0023 0.0033999999 0.0081925498)
(0.0024 0.0034 0.0081925536)
(0.0021999999 0.0034999997 0.0081925461)
(0.0021999999 0.0035999998 0.0081925436)
(0.0023 0.0034999998 0.0081925456)
(0.0024 0.0034999999 0.0081925492)
(0.0023 0.0035999999 0.0081925441)
(0.0024 0.0036 0.0081925481)
(0.0022 0.0033999999 0.016525884)
(0.0022 0.0034 0.025)
(0.0023 0.0033000001 0.016525885)
(0.0024 0.0033000001 0.016525886)
(0.0023 0.0034 0.016525884)
(0.0024 0.0034 0.016525886)
(0.0023 0.0033 0.025)
(0.0024 0.0033000001 0.025000001)
(0.0023 0.0034 0.025)
(0.0024 0.0034 0.025)
(0.0021999999 0.0034999999 0.016525882)
(0.0021999999 0.0035999999 0.016525881)
(0.0022 0.0034999999 0.025)
(0.0022 0.0035999999 0.024999999)
(0.0023 0.0034999999 0.016525882)
(0.0024 0.0034999999 0.016525884)
(0.0023 0.0035999999 0.016525881)
(0.0024 0.0036 0.016525883)
(0.0023 0.0034999999 0.024999999)
(0.0024 0.0035 0.025)
(0.0023 0.0035999999 0.024999999)
(0.0024 0.0035999999 0.025)
(0.0024999999 0.0036999999 0.033474117)
(0.0026 0.0036999999 0.033474119)
(0.0024999999 0.0037999999 0.033474118)
(0.0024999998 0.0036999999 0.041807451)
(0.0026 0.0036999998 0.041807455)
(0.0024999998 0.0037999998 0.041807452)
(0.0034999998 0.0020999998 0.0081925516)
(0.0035999998 0.0020999998 0.008192548)
(0.0034999997 0.0021999997 0.0081925482)
(0.0035999998 0.0021999997 0.0081925445)
(0.0033000001 0.0022999998 0.0081925482)
(0.0033999999 0.0022999998 0.0081925483)
(0.0033000001 0.0024 0.008192548)
(0.0033999998 0.0024 0.0081925482)
(0.0034999997 0.0022999998 0.0081925449)
(0.0035999998 0.0022999998 0.0081925423)
(0.0034999998 0.0024 0.0081925451)
(0.0035999999 0.0023999999 0.0081925441)
(0.0034 0.0021999999 0.016525885)
(0.0034 0.0021999999 0.025000001)
(0.0034999999 0.0020999999 0.016525886)
(0.0036 0.0020999999 0.016525883)
(0.0034999999 0.0021999999 0.016525883)
(0.0035999999 0.0021999999 0.016525881)
(0.0035 0.0021 0.025000002)
(0.0036 0.0021 0.025000001)
(0.0035 0.0021999999 0.025)
(0.0036 0.0022 0.024999999)
(0.0033 0.0022999999 0.016525883)
(0.0034 0.0022999999 0.016525883)
(0.0033 0.0023999999 0.016525883)
(0.0034 0.0023999999 0.016525883)
(0.0033 0.0022999999 0.025)
(0.0034 0.0022999999 0.024999999)
(0.0033 0.0023999999 0.024999999)
(0.0034 0.0023999999 0.024999999)
(0.0034999999 0.0022999999 0.016525881)
(0.0035999999 0.0022999999 0.01652588)
(0.0034999999 0.0023999999 0.016525881)
(0.0035999999 0.0023999999 0.01652588)
(0.0035 0.0022999999 0.024999999)
(0.0036 0.0022999999 0.024999998)
(0.0035 0.0023999999 0.024999999)
(0.0036 0.0023999999 0.024999998)
(0.0037 0.0020999999 0.0081925479)
(0.0038000001 0.0020999999 0.0081925514)
(0.0037 0.0021999998 0.0081925442)
(0.0038000001 0.0021999999 0.0081925477)
(0.0039 0.0020999999 0.0081925513)
(0.004 0.0021 0.0081925488)
(0.0039 0.0021999999 0.0081925483)
(0.004 0.0022 0.0081925462)
(0.0037 0.0022999999 0.0081925434)
(0.0038000001 0.0023 0.0081925474)
(0.0037000001 0.0024 0.0081925467)
(0.0038000001 0.0024 0.0081925507)
(0.0039 0.0023 0.0081925479)
(0.0037 0.0021 0.016525883)
(0.0038 0.0021 0.016525884)
(0.0037 0.0021999999 0.016525881)
(0.0038 0.0022 0.016525882)
(0.0037 0.0021 0.025)
(0.0038 0.0021 0.025)
(0.0037 0.0022 0.024999999)
(0.0038 0.0022 0.024999999)
(0.0039 0.0021 0.016525884)
(0.004 0.0021000001 0.016525884)
(0.0039 0.0022 0.016525883)
(0.004 0.0022 0.016525883)
(0.0021999999 0.0037 0.0081925449)
(0.0021999999 0.0038 0.0081925477)
(0.0023 0.0037 0.0081925465)
(0.0024 0.0037 0.0081925511)
(0.0023 0.0037999999 0.0081925476)
(0.0024 0.0037999999 0.0081925512)
(0.0021999999 0.0038999999 0.0081925467)
(0.0023 0.0038999999 0.0081925452)
(0.0021999999 0.0036999999 0.016525882)
(0.0021999999 0.0038 0.016525883)
(0.0021999999 0.0036999999 0.025)
(0.0021999999 0.0037999999 0.025)
(0.0023 0.0037 0.016525882)
(0.0024 0.0037 0.016525884)
(0.0023 0.0038 0.016525883)
(0.0024 0.0038 0.016525884)
(0.0022999999 0.0036999999 0.025)
(0.0024 0.0037 0.025)
(0.0022999999 0.0038 0.025)
(0.0024 0.0038 0.025)
(0.0022 0.0039 0.016525882)
(0.0022 0.0039 0.025)
(0.0023 0.0039 0.016525882)
(0.0039 0.0021000001 0.025000001)
(0.004 0.0021000001 0.025000002)
(0.0039 0.0022000001 0.025)
(0.004 0.0022000001 0.025000001)
(0.0037 0.0022999999 0.01652588)
(0.0038 0.0023 0.016525882)
(0.0037 0.0023999999 0.016525881)
(0.0038 0.0024 0.016525883)
(0.0037 0.0023 0.024999997)
(0.0038 0.0023 0.024999998)
(0.0037 0.0024 0.024999997)
(0.0038 0.0024 0.024999998)
(0.0039 0.0023 0.016525882)
(0.0039 0.0023 0.024999999)
(0.0040999998 0.0016999999 0.0081925457)
(0.0042 0.0016999999 0.0081925435)
(0.0040999999 0.0018 0.0081925452)
(0.0042 0.0018000001 0.0081925451)
(0.0041000001 0.0019000002 0.0081925467)
(0.0041000001 0.0020000003 0.0081925486)
(0.0040999999 0.0017 0.016525881)
(0.0042 0.0017 0.01652588)
(0.0041 0.0018 0.016525881)
(0.0042 0.0018000001 0.016525881)
(0.0041 0.0017 0.025)
(0.0042000001 0.0017 0.024999999)
(0.0041000001 0.0018 0.025000001)
(0.0042000001 0.0018 0.025)
(0.0023 0.0039 0.025)
(0.0024999998 0.0033000002 0.0081925547)
(0.0025999997 0.0033000002 0.0081925517)
(0.0024999998 0.0034 0.0081925542)
(0.0025999997 0.0033999999 0.0081925512)
(0.0026999998 0.0033000002 0.0081925482)
(0.0028000001 0.0033000001 0.0081925481)
(0.0026999998 0.0033999999 0.0081925479)
(0.0028000001 0.0033999998 0.0081925479)
(0.0024999998 0.0034999999 0.0081925497)
(0.0025999997 0.0034999998 0.0081925469)
(0.0024999998 0.0036 0.0081925484)
(0.0025999998 0.0036 0.0081925448)
(0.0026999999 0.0034999998 0.0081925443)
(0.0028000001 0.0034999997 0.0081925445)
(0.0026999999 0.0035999999 0.0081925418)
(0.0028000001 0.0035999998 0.0081925422)
(0.0024999999 0.0033000001 0.016525887)
(0.0025999999 0.0033000001 0.016525885)
(0.0024999999 0.0034 0.016525886)
(0.0025999999 0.0034 0.016525885)
(0.0025 0.0033000001 0.025000001)
(0.0026 0.0033000001 0.025000001)
(0.0025 0.0034 0.025000001)
(0.0026 0.0034 0.025000001)
(0.0026999999 0.0033000001 0.016525883)
(0.0028 0.0033 0.016525883)
(0.0027 0.0034 0.016525883)
(0.0028 0.0033999999 0.016525883)
(0.0027 0.0033000001 0.025)
(0.0028000001 0.0033 0.024999999)
(0.0027 0.0034 0.025)
(0.0028000001 0.0034 0.024999999)
(0.0024999999 0.0035 0.016525884)
(0.0025999999 0.0034999999 0.016525883)
(0.0024999999 0.0036 0.016525883)
(0.0025999999 0.0036 0.016525882)
(0.0025 0.0035 0.025000001)
(0.0026 0.0035 0.025000001)
(0.0025 0.0036 0.025)
(0.0026 0.0035999999 0.025)
(0.0027 0.0034999999 0.016525881)
(0.0028000001 0.0034999999 0.016525881)
(0.0027 0.0035999999 0.01652588)
(0.0028000001 0.0035999999 0.016525879)
(0.0027 0.0034999999 0.025)
(0.0028000001 0.0034999999 0.024999999)
(0.0027 0.0035999999 0.025)
(0.0028000001 0.0035999999 0.024999999)
(0.0033000001 0.0024999999 0.033474116)
(0.0034 0.0024999998 0.033474116)
(0.0033000001 0.0025999999 0.033474118)
(0.0034 0.0025999999 0.033474118)
(0.0033000002 0.0024999997 0.041807449)
(0.0034 0.0024999996 0.04180745)
(0.0033000002 0.0025999998 0.041807453)
(0.0034 0.0025999998 0.041807453)
(0.0035 0.0024999998 0.033474117)
(0.0036 0.0024999998 0.033474116)
(0.0035 0.0025999999 0.033474119)
(0.0036 0.0025999999 0.033474118)
(0.0034999999 0.0024999996 0.041807453)
(0.0036 0.0024999997 0.041807452)
(0.0034999999 0.0025999997 0.041807456)
(0.0036 0.0025999997 0.041807454)
(0.0033000001 0.0027 0.033474118)
(0.0034 0.0027 0.033474118)
(0.0033000001 0.0028 0.033474117)
(0.0034 0.0028 0.033474117)
(0.0033000002 0.0027 0.041807453)
(0.0034 0.0027 0.041807453)
(0.0033000002 0.0028000002 0.04180745)
(0.0034 0.0028000002 0.041807451)
(0.0035 0.0026999999 0.033474119)
(0.0036 0.0026999999 0.033474119)
(0.0035 0.0028 0.033474118)
(0.0036 0.0028 0.033474119)
(0.0034999999 0.0026999999 0.041807457)
(0.0036 0.0026999998 0.041807455)
(0.0035 0.0028000001 0.041807455)
(0.0036 0.0027999999 0.041807456)
(0.0036999999 0.0024999999 0.033474114)
(0.0037999999 0.0024999999 0.033474114)
(0.0036999999 0.0025999998 0.033474116)
(0.0036999999 0.0024999997 0.041807449)
(0.0037999997 0.0024999997 0.041807449)
(0.0036999999 0.0025999997 0.04180745)
(0.0041 0.0019000001 0.016525883)
(0.0041000001 0.0020000001 0.016525884)
(0.0041000001 0.0019000001 0.025000002)
(0.0041000001 0.0020000001 0.025000003)
(0.0029000002 0.0033 0.0081925513)
(0.0030000001 0.0032999999 0.0081925527)
(0.0029000002 0.0033999998 0.0081925513)
(0.0030000001 0.0033999997 0.0081925533)
(0.0030999999 0.0032999999 0.0081925521)
(0.0029000003 0.0034999997 0.0081925475)
(0.0029000001 0.0033 0.016525884)
(0.003 0.0032999999 0.016525885)
(0.0029000001 0.0033999999 0.016525884)
(0.0030000001 0.0033999999 0.016525885)
(0.0029000001 0.0033 0.024999999)
(0.003 0.0033 0.025)
(0.0029000001 0.0034 0.024999999)
(0.003 0.0033999999 0.024999999)
(0.0031 0.0032999999 0.016525886)
(0.0031 0.0033 0.025000001)
(0.0029000001 0.0034999999 0.016525882)
(0.0029000001 0.0034999999 0.024999998)
(0.0024999999 0.0037 0.0081925511)
(0.0025999999 0.0037000001 0.0081925463)
(0.0024999999 0.0038 0.0081925511)
(0.0024999999 0.0037 0.016525884)
(0.0026 0.0037 0.016525882)
(0.0025 0.0038 0.016525884)
(0.0039 0.00089999994 0.033474116)
(0.004 0.00089999995 0.033474116)
(0.0039 0.00099999989 0.033474116)
(0.004 0.0009999999 0.033474116)
(0.0039 0.00089999995 0.041807449)
(0.0039999999 0.00089999997 0.041807449)
(0.0039000001 0.00099999976 0.041807448)
(0.004 0.00099999978 0.041807448)
(0.0039 0.0010999999 0.033474118)
(0.004 0.0010999999 0.033474118)
(0.0039 0.0011999999 0.033474119)
(0.004 0.0011999999 0.03347412)
(0.0039000001 0.0010999996 0.041807451)
(0.004 0.0010999997 0.041807451)
(0.0039000001 0.0011999998 0.041807454)
(0.004 0.0011999998 0.041807455)
(0.0033000001 0.0029 0.033474115)
(0.0034 0.0029 0.033474115)
(0.0033 0.003 0.033474115)
(0.0034 0.003 0.033474115)
(0.0033000002 0.0029000001 0.041807448)
(0.0034 0.0029000001 0.041807448)
(0.0033000001 0.0029999999 0.041807448)
(0.0034 0.0029999999 0.041807447)
(0.0035 0.0029 0.033474117)
(0.0035 0.0029000001 0.041807452)
(0.0033 0.0031 0.033474117)
(0.0033000001 0.0030999998 0.041807451)
(0.0025 0.0037 0.025)
(0.0026 0.0037 0.025)
(0.0025 0.0038 0.025000001)
(0.0038000001 0.0013 0.033474119)
(0.0038000001 0.0014 0.033474117)
(0.0038000002 0.0013 0.041807454)
(0.0038000002 0.0014000001 0.041807449)
(0.0039 0.0013 0.033474118)
(0.004 0.0013 0.03347412)
(0.0039 0.0014 0.033474116)
(0.004 0.0014 0.033474118)
(0.0039000001 0.0013 0.041807453)
(0.004 0.0013 0.041807457)
(0.0039 0.0014000001 0.041807449)
(0.004 0.0014000001 0.041807453)
(0.0038000001 0.0015 0.033474116)
(0.0037000002 0.0016000001 0.033474118)
(0.0038000001 0.0016000001 0.033474116)
(0.0038000002 0.0015 0.041807449)
(0.0037000005 0.0016000002 0.041807454)
(0.0038000003 0.0016000001 0.041807451)
(0.0039 0.0015 0.033474116)
(0.004 0.0015 0.033474117)
(0.0039 0.0016 0.033474116)
(0.004 0.0016 0.033474118)
(0.0039 0.0015 0.041807448)
(0.004 0.0015 0.041807452)
(0.0039 0.0016 0.041807451)
(0.0039999999 0.0016 0.041807454)
(0.0033 0.0025000001 0.0081925515)
(0.0033999999 0.0025 0.0081925517)
(0.0033 0.0025999999 0.008192552)
(0.0033999999 0.0025999999 0.008192552)
(0.0034999998 0.0025 0.0081925481)
(0.0035999999 0.0024999999 0.0081925462)
(0.0034999999 0.0025999999 0.0081925473)
(0.0036 0.0025999999 0.0081925446)
(0.0033 0.0026999999 0.008192549)
(0.0033999999 0.0026999999 0.008192549)
(0.0033 0.0027999999 0.0081925489)
(0.0033999999 0.0028 0.0081925491)
(0.0034999999 0.0026999999 0.008192545)
(0.0036000001 0.0027 0.0081925443)
(0.0034999999 0.0028 0.008192546)
(0.0036 0.0028 0.0081925468)
(0.0033 0.0025 0.016525884)
(0.0034 0.0025 0.016525884)
(0.0033 0.0026 0.016525885)
(0.0034 0.0026 0.016525885)
(0.0033 0.0024999999 0.025)
(0.0034 0.0024999999 0.025)
(0.0033 0.0025999999 0.025000001)
(0.0034 0.0025999999 0.025000001)
(0.0034999999 0.0024999999 0.016525882)
(0.0036 0.0024999999 0.016525881)
(0.0035 0.0026 0.016525883)
(0.0036 0.0026 0.016525881)
(0.0035 0.0024999999 0.024999999)
(0.0036 0.0024999999 0.024999998)
(0.0035 0.0025999999 0.025)
(0.0036 0.0025999999 0.024999999)
(0.0033 0.0026999999 0.016525884)
(0.0034 0.0027 0.016525884)
(0.0033 0.0027999999 0.016525884)
(0.0034 0.0028 0.016525884)
(0.0033 0.0027 0.025000001)
(0.0034 0.0027 0.025000001)
(0.0033 0.0028 0.025)
(0.0034 0.0028 0.025)
(0.0035 0.0027 0.016525882)
(0.0036 0.0027 0.016525882)
(0.0035 0.0028 0.016525883)
(0.0036 0.0028 0.016525883)
(0.0032000001 0.0024999999 0.033474118)
(0.0031000001 0.0025999999 0.033474121)
(0.0032000001 0.0025999999 0.03347412)
(0.0032000003 0.0024999997 0.041807452)
(0.0031000002 0.0025999998 0.041807459)
(0.0032000003 0.0025999998 0.041807456)
(0.003 0.0027 0.03347412)
(0.0029 0.0028 0.033474117)
(0.003 0.0028 0.033474119)
(0.003 0.0027 0.041807458)
(0.0029 0.0028 0.041807449)
(0.003 0.0028 0.041807453)
(0.0031000001 0.0027 0.033474121)
(0.0032000001 0.0027 0.03347412)
(0.0031000001 0.0028 0.03347412)
(0.0032000001 0.0028 0.033474118)
(0.0041 0.00089999996 0.033474118)
(0.0042 0.00089999997 0.033474119)
(0.0041 0.00099999992 0.033474117)
(0.0042 0.00099999995 0.033474117)
(0.0040999999 0.0009 0.041807453)
(0.0042000001 0.00090000002 0.041807455)
(0.0041 0.00099999984 0.041807452)
(0.0042000001 0.00099999993 0.041807452)
(0.0043000001 0.00089999998 0.033474117)
(0.0044 0.0009 0.033474117)
(0.0043000001 0.00099999997 0.033474116)
(0.0044 0.00099999999 0.033474115)
(0.0043000002 0.00090000002 0.041807453)
(0.0044 0.00090000003 0.041807452)
(0.0043000001 0.00099999999 0.041807448)
(0.0044 0.001 0.041807448)
(0.0041 0.0010999999 0.033474119)
(0.0042000001 0.0010999999 0.033474118)
(0.0041 0.0011999999 0.03347412)
(0.0042000001 0.0011999999 0.033474119)
(0.0041 0.0010999997 0.041807454)
(0.0042000002 0.0010999998 0.041807453)
(0.0041000001 0.0011999998 0.041807458)
(0.0042000002 0.0011999998 0.041807456)
(0.0043000001 0.0010999999 0.033474115)
(0.0044 0.0010999999 0.033474115)
(0.0043000001 0.0011999999 0.033474117)
(0.0044 0.0011999999 0.033474116)
(0.0043000001 0.0010999998 0.041807448)
(0.0044 0.0010999999 0.041807447)
(0.0043000002 0.0011999998 0.041807451)
(0.0044 0.0011999998 0.04180745)
(0.0038999999 0.00089999991 0.0081925473)
(0.0039999999 0.00089999993 0.008192545)
(0.0038999998 0.00099999991 0.0081925527)
(0.0039999998 0.00099999992 0.0081925496)
(0.0038999998 0.0010999997 0.0081925535)
(0.0039999997 0.0010999997 0.0081925501)
(0.0038999998 0.0011999997 0.0081925499)
(0.0039999997 0.0011999997 0.0081925462)
(0.0039 0.00089999993 0.016525883)
(0.0039999999 0.00089999994 0.016525882)
(0.0038999999 0.00099999992 0.016525885)
(0.0039999999 0.00099999993 0.016525884)
(0.0039 0.00089999995 0.025)
(0.004 0.00089999995 0.025)
(0.0039 0.00099999993 0.025000001)
(0.004 0.00099999994 0.025000001)
(0.0038999999 0.0010999999 0.016525886)
(0.0039999999 0.0010999999 0.016525885)
(0.0038999999 0.0011999999 0.016525885)
(0.0039999999 0.0011999999 0.016525883)
(0.0039 0.0010999999 0.025000002)
(0.004 0.0010999999 0.025000001)
(0.0039 0.0011999999 0.025000002)
(0.004 0.0011999999 0.025000001)
(0.0035 0.0027 0.025000001)
(0.0036 0.0027 0.025)
(0.0035 0.0028 0.025000001)
(0.0036 0.0028 0.025000001)
(0.0037000001 0.0024999999 0.0081925478)
(0.0038000001 0.0024999999 0.008192551)
(0.0037000001 0.0025999999 0.0081925459)
(0.0037 0.0024999999 0.016525882)
(0.0038 0.0025 0.016525883)
(0.0037 0.0026 0.016525882)
(0.0037 0.0024999999 0.024999998)
(0.0038 0.0024999999 0.024999998)
(0.0037 0.0025999999 0.024999999)
(0.0033 0.0028999999 0.0081925518)
(0.0033999999 0.0028999999 0.0081925519)
(0.0033 0.0029999998 0.0081925512)
(0.0033999999 0.0029999998 0.0081925511)
(0.0034999999 0.0028999999 0.0081925487)
(0.0032999999 0.0030999998 0.0081925473)
(0.0031000002 0.0027 0.041807459)
(0.0032000003 0.0027 0.041807456)
(0.0031000001 0.0028000001 0.041807455)
(0.0032000003 0.0028000002 0.041807453)
(0.0028000001 0.0029 0.033474117)
(0.0027000001 0.0030000001 0.03347412)
(0.0028000001 0.0030000001 0.033474118)
(0.0028000002 0.0029 0.041807449)
(0.0027000003 0.0030000001 0.041807457)
(0.0028000003 0.0030000001 0.041807454)
(0.0026000001 0.0031000001 0.033474121)
(0.0025 0.0032000002 0.033474118)
(0.0026000001 0.0032000002 0.033474119)
(0.0026000001 0.0031000003 0.041807458)
(0.0025 0.0032000004 0.041807451)
(0.0026000001 0.0032000004 0.041807455)
(0.0027000001 0.0031000001 0.03347412)
(0.0028000001 0.0031000001 0.033474119)
(0.0027000001 0.0032000002 0.033474119)
(0.0028000002 0.0032000002 0.033474117)
(0.0027000003 0.0031000003 0.041807458)
(0.0028000003 0.0031000003 0.041807455)
(0.0027000003 0.0032000004 0.041807455)
(0.0028000004 0.0032000004 0.041807452)
(0.0041000001 0.0013 0.033474121)
(0.0042000001 0.0013 0.03347412)
(0.0041000001 0.0014 0.033474119)
(0.0042000001 0.0014000001 0.033474119)
(0.0041000002 0.0013 0.041807459)
(0.0042000003 0.0013 0.041807457)
(0.0041000002 0.0014000002 0.041807455)
(0.0042000004 0.0014000002 0.041807455)
(0.0043000001 0.0013 0.033474118)
(0.0043000001 0.0014 0.033474117)
(0.0043000002 0.0013 0.041807453)
(0.0043000003 0.0014000002 0.041807453)
(0.0041000001 0.0015 0.033474118)
(0.0042000001 0.0015000001 0.033474118)
(0.0041000001 0.0016 0.033474118)
(0.0042000002 0.0016 0.033474117)
(0.0041000001 0.0015000001 0.041807454)
(0.0042000003 0.0015000002 0.041807454)
(0.0041000001 0.0016 0.041807456)
(0.0042000003 0.0016000001 0.041807453)
(0.0043000002 0.0015000001 0.033474115)
(0.0043000004 0.0015000003 0.041807451)
(0.0037999999 0.0012999998 0.0081925487)
(0.0037999998 0.0014000001 0.0081925487)
(0.0038999997 0.0012999999 0.0081925475)
(0.0039999996 0.0012999999 0.0081925448)
(0.0038999996 0.0014000001 0.0081925479)
(0.0039999995 0.0014000001 0.0081925465)
(0.0037999997 0.0015000002 0.0081925511)
(0.0037 0.0016000002 0.0081925531)
(0.0037999997 0.0016000002 0.0081925541)
(0.0038999995 0.0015000002 0.00819255)
(0.0039999995 0.0015000002 0.0081925489)
(0.0038999996 0.0016000001 0.008192552)
(0.0039999996 0.0016 0.00819255)
(0.0037999999 0.0012999999 0.016525884)
(0.0037999999 0.0014 0.016525884)
(0.0033 0.0028999999 0.016525884)
(0.0034 0.0028999999 0.016525884)
(0.0033 0.0029999999 0.016525884)
(0.0034 0.0029999999 0.016525884)
(0.0033 0.0029 0.025)
(0.0034 0.0029 0.025)
(0.0033 0.003 0.025)
(0.0034 0.003 0.024999999)
(0.0035 0.0028999999 0.016525884)
(0.0035 0.0029 0.025)
(0.0033 0.0030999999 0.016525883)
(0.0033 0.0031 0.025)
(0.0029 0.0029 0.033474117)
(0.003 0.0029 0.033474118)
(0.0029000001 0.003 0.033474118)
(0.003 0.003 0.033474119)
(0.0029 0.0029 0.041807449)
(0.0029999999 0.0028999999 0.041807452)
(0.0029000001 0.003 0.041807452)
(0.0029999999 0.003 0.041807454)
(0.0031 0.0029 0.033474119)
(0.0032000001 0.0029 0.033474117)
(0.0031 0.003 0.033474119)
(0.0032 0.003 0.033474118)
(0.0031000001 0.0029 0.041807454)
(0.0032000002 0.0029000001 0.041807452)
(0.0031 0.003 0.041807456)
(0.0032000001 0.0029999999 0.041807453)
(0.0029000001 0.0031000001 0.033474118)
(0.003 0.0031000001 0.033474118)
(0.0029000001 0.0032000001 0.033474116)
(0.0030000001 0.0032000001 0.033474116)
(0.0029000002 0.0031000003 0.041807453)
(0.003 0.0031000002 0.041807454)
(0.0029000003 0.0032000004 0.041807449)
(0.0030000001 0.0032000003 0.04180745)
(0.0031 0.0031 0.033474119)
(0.0032 0.0031 0.033474119)
(0.0031 0.0032000001 0.033474118)
(0.0032 0.0032 0.033474119)
(0.0031 0.0031000001 0.041807456)
(0.0032000001 0.0030999999 0.041807455)
(0.0031 0.0032000002 0.041807455)
(0.0032000001 0.0032 0.041807456)
(0.0038 0.0012999999 0.025000001)
(0.0038 0.0014 0.025)
(0.0038999999 0.0012999999 0.016525883)
(0.0039999998 0.0012999999 0.016525882)
(0.0038999998 0.0014 0.016525883)
(0.0039999998 0.0014 0.016525882)
(0.0039 0.0013 0.025000001)
(0.004 0.0013 0.025000001)
(0.0039 0.0014 0.025)
(0.004 0.0014 0.025)
(0.0037999999 0.0015000001 0.016525885)
(0.0037 0.0016000001 0.016525886)
(0.0037999999 0.0016000001 0.016525886)
(0.0038 0.0015 0.025)
(0.0037000001 0.0016000001 0.025000001)
(0.0038 0.0016000001 0.025000001)
(0.0038999998 0.0015000001 0.016525884)
(0.0039999998 0.0015 0.016525883)
(0.0038999998 0.0016000001 0.016525885)
(0.0039999998 0.0016 0.016525884)
(0.0039 0.0015 0.025)
(0.004 0.0015 0.025)
(0.0039 0.0016 0.025)
(0.004 0.0016 0.025)
(0.0040999999 0.00089999998 0.0081925465)
(0.0041999999 0.00090000003 0.0081925471)
(0.0040999998 0.00099999995 0.0081925503)
(0.0041999998 0.00099999998 0.0081925508)
(0.0043 0.00090000008 0.0081925448)
(0.0044000002 0.00090000014 0.0081925466)
(0.0042999999 0.00099999998 0.0081925477)
(0.0044000002 0.00099999995 0.008192548)
(0.0040999998 0.0010999998 0.0081925503)
(0.0041999998 0.0010999998 0.0081925505)
(0.0040999997 0.0011999997 0.0081925461)
(0.0041999998 0.0011999997 0.008192546)
(0.0042999999 0.0010999998 0.0081925469)
(0.0044000002 0.0010999998 0.0081925464)
(0.0043 0.0011999997 0.0081925434)
(0.0044000002 0.0011999998 0.0081925442)
(0.0040999999 0.00089999996 0.016525882)
(0.0042 0.00089999999 0.016525882)
(0.0040999999 0.00099999995 0.016525884)
(0.0041999999 0.00099999997 0.016525884)
(0.0041 0.00089999997 0.025)
(0.0042 0.00089999999 0.025)
(0.0041 0.00099999995 0.025000001)
(0.0042 0.00099999997 0.025)
(0.0036000002 0.0018000001 0.033474117)
(0.0036000006 0.0018000001 0.041807451)
(0.0036000002 0.0019 0.033474118)
(0.0035000001 0.002 0.03347412)
(0.0036000002 0.002 0.033474119)
(0.0036000005 0.0019 0.041807453)
(0.0035000001 0.002 0.041807457)
(0.0036000003 0.0019999999 0.041807455)
(0.0037000003 0.0017000001 0.033474117)
(0.0038000002 0.0017000001 0.033474115)
(0.0037000003 0.0018000001 0.033474115)
(0.0038000002 0.0018000001 0.033474114)
(0.0037000006 0.0017000003 0.041807452)
(0.0038000004 0.0017000002 0.04180745)
(0.0037000006 0.0018000002 0.041807449)
(0.0038000004 0.0018000002 0.041807447)
(0.0022 0.0034 0.033474117)
(0.0022000001 0.0034 0.041807452)
(0.0023 0.0033000001 0.033474116)
(0.0024 0.0033000001 0.033474115)
(0.0023 0.0034 0.033474116)
(0.0024 0.0034 0.033474115)
(0.0023000002 0.0033000002 0.04180745)
(0.0024000001 0.0033000002 0.041807447)
(0.0023000002 0.0034 0.041807449)
(0.0024000001 0.0034 0.041807447)
(0.0022 0.0034999999 0.033474117)
(0.0022 0.0035999999 0.033474118)
(0.0022 0.0034999998 0.041807454)
(0.0022 0.0035999997 0.041807455)
(0.0038999998 0.0017000005 0.050000001)
(0.0039999996 0.0017000003 0.050000001)
(0.0038999999 0.0018000005 0.050000001)
(0.0039999998 0.0018000004 0.050000001)
(0.0037000011 0.0018999997 0.050000001)
(0.0038000008 0.0018999998 0.050000001)
(0.0037000009 0.0019999996 0.050000001)
(0.0038000006 0.0019999998 0.050000001)
(0.0038999998 0.0018999998 0.050000001)
(0.0039999998 0.0018999998 0.050000001)
(0.0038999997 0.0019999999 0.050000001)
(0.0039999997 0.0020000006 0.050000001)
(0.0033999997 0.0021999995 0.050000001)
(0.0034999998 0.0021000002 0.050000001)
(0.0036000006 0.0020999997 0.050000001)
(0.0034999997 0.0021999996 0.050000001)
(0.0036000005 0.0022000003 0.050000001)
(0.0033000005 0.0022999993 0.050000001)
(0.0033999997 0.0022999993 0.050000001)
(0.0033000006 0.0023999998 0.050000001)
(0.0033999997 0.0023999998 0.050000001)
(0.0034999997 0.0022999994 0.050000001)
(0.0036000004 0.0023000002 0.050000001)
(0.0034999996 0.0023999992 0.050000001)
(0.0036000003 0.0024 0.050000001)
(0.0023000005 0.0034999995 0.050000001)
(0.0024000003 0.0034999995 0.050000001)
(0.0023000004 0.0036000001 0.050000001)
(0.0023999996 0.0036000002 0.050000001)
(0.0037000006 0.0020999998 0.050000001)
(0.0037999997 0.0021000006 0.050000001)
(0.0037000004 0.0022000005 0.050000001)
(0.0037999995 0.0022000008 0.050000001)
(0.0038999994 0.0021000008 0.050000001)
(0.0039999996 0.0021000009 0.050000001)
(0.0038999993 0.0022000009 0.050000001)
(0.0039999995 0.0022000009 0.050000001)
(0.0037000003 0.0023000004 0.050000001)
(0.0037999994 0.0023000005 0.050000001)
(0.0037000002 0.0023999995 0.050000001)
(0.0037999993 0.0023999995 0.050000001)
(0.0038999992 0.0023000006 0.050000001)
(0.0021999996 0.0036999993 0.050000001)
(0.0021999995 0.0037999994 0.050000001)
(0.0023000002 0.0037000001 0.050000001)
(0.0024000001 0.0037000002 0.050000001)
(0.0023000001 0.0037999995 0.050000001)
(0.0023999995 0.0037999995 0.050000001)
(0.0021999995 0.0039000003 0.050000001)
(0.0023 0.0038999997 0.050000001)
(0.0040999999 0.0017000002 0.050000001)
(0.0042000009 0.0016999995 0.050000001)
(0.0041000006 0.0017999996 0.050000001)
(0.004200001 0.0017999994 0.050000001)
(0.0041000007 0.0018999997 0.050000001)
(0.0041000007 0.002 0.050000001)
(0.0024999997 0.0033000007 0.050000001)
(0.0025999998 0.0033000007 0.050000001)
(0.0024999996 0.0033999997 0.050000001)
(0.0025999997 0.0033999996 0.050000001)
(0.0027000007 0.0033000007 0.050000001)
(0.0028000009 0.0033000006 0.050000001)
(0.0027000007 0.0033999996 0.050000001)
(0.0028000009 0.0033999995 0.050000001)
(0.0024999996 0.0034999995 0.050000001)
(0.0025999997 0.0034999994 0.050000001)
(0.0024999994 0.0036000002 0.050000001)
(0.0025999996 0.0036 0.050000001)
(0.0027000006 0.0034999993 0.050000001)
(0.0028000009 0.0034999992 0.050000001)
(0.0027000006 0.0035999993 0.050000001)
(0.0028000008 0.0035999992 0.050000001)
(0.0029000008 0.0033000006 0.050000001)
(0.0029999998 0.0033000005 0.050000001)
(0.0029000007 0.0033999995 0.050000001)
(0.0029999998 0.0033999995 0.050000001)
(0.0030999998 0.0033000005 0.050000001)
(0.0029000007 0.0034999991 0.050000001)
(0.0024999994 0.0037000002 0.050000001)
(0.0025999996 0.0037 0.050000001)
(0.0024999994 0.0037999995 0.050000001)
(0.0033000006 0.0024999992 0.050000001)
(0.0033999997 0.0024999992 0.050000001)
(0.0033000007 0.0025999994 0.050000001)
(0.0033999997 0.0025999994 0.050000001)
(0.0034999996 0.0024999991 0.050000001)
(0.0036000003 0.0024999992 0.050000001)
(0.0034999996 0.0025999993 0.050000001)
(0.0036000003 0.0025999992 0.050000001)
(0.0033000007 0.0027000004 0.050000001)
(0.0033999998 0.0027000003 0.050000001)
(0.0033000006 0.0028000006 0.050000001)
(0.0033999998 0.0028000006 0.050000001)
(0.0034999996 0.0027000002 0.050000001)
(0.0036000003 0.0026999994 0.050000001)
(0.0034999997 0.0028000004 0.050000001)
(0.0036000003 0.0027999997 0.050000001)
(0.0037000002 0.0024999992 0.050000001)
(0.0037999993 0.0024999993 0.050000001)
(0.0037000002 0.0025999998 0.050000001)
(0.0039000003 0.00090000023 0.050000001)
(0.0039999996 0.00090000025 0.050000001)
(0.0039000004 0.00099999934 0.050000001)
(0.0039999996 0.00099999939 0.050000001)
(0.0039000004 0.0010999992 0.050000001)
(0.0039999997 0.0010999992 0.050000001)
(0.0039000004 0.0011999994 0.050000001)
(0.0039999997 0.0011999994 0.050000001)
(0.0033000006 0.0029000005 0.050000001)
(0.0033999997 0.0029000005 0.050000001)
(0.0033000005 0.0029999996 0.050000001)
(0.0033999997 0.0029999996 0.050000001)
(0.0034999997 0.0029000005 0.050000001)
(0.0033000005 0.0030999994 0.050000001)
(0.0038000006 0.0013000003 0.050000001)
(0.0038000006 0.0014000004 0.050000001)
(0.0038999998 0.0013000003 0.050000001)
(0.0039999998 0.0013000003 0.050000001)
(0.0038999998 0.0014000004 0.050000001)
(0.0039999997 0.0014000005 0.050000001)
(0.0038000007 0.0014999998 0.050000001)
(0.0037000011 0.0016000005 0.050000001)
(0.0038000008 0.0015999999 0.050000001)
(0.0038999997 0.0014999997 0.050000001)
(0.0039999996 0.0014999997 0.050000001)
(0.0038999998 0.0015999997 0.050000001)
(0.0039999996 0.0015999997 0.050000001)
(0.0032000008 0.0024999992 0.050000001)
(0.0031000006 0.0025999994 0.050000001)
(0.0032000008 0.0025999994 0.050000001)
(0.0029999996 0.0027000003 0.050000001)
(0.0028999997 0.0028000003 0.050000001)
(0.0029999996 0.0028000003 0.050000001)
(0.0040999996 0.00090000031 0.050000001)
(0.0042000004 0.00090000035 0.050000001)
(0.0040999997 0.00099999949 0.050000001)
(0.0042000005 0.0010000002 0.050000001)
(0.0043000005 0.00090000034 0.050000001)
(0.0043999998 0.00090000037 0.050000001)
(0.0043000005 0.0010000003 0.050000001)
(0.0043999997 0.0010000003 0.050000001)
(0.0040999997 0.0010999993 0.050000001)
(0.0042000005 0.0010999994 0.050000001)
(0.0040999999 0.0011999994 0.050000001)
(0.0042000006 0.0011999994 0.050000001)
(0.0043000005 0.0010999994 0.050000001)
(0.0043999997 0.0010999995 0.050000001)
(0.0043000006 0.0011999994 0.050000001)
(0.0043999997 0.0011999994 0.050000001)
(0.0031000006 0.0027000003 0.050000001)
(0.0032000008 0.0027000004 0.050000001)
(0.0031000005 0.0028000004 0.050000001)
(0.0032000008 0.0028000006 0.050000001)
(0.0028000006 0.0028999997 0.050000001)
(0.0027000007 0.0029999998 0.050000001)
(0.0028000007 0.0029999998 0.050000001)
(0.0025999999 0.0031000007 0.050000001)
(0.0024999997 0.0032000009 0.050000001)
(0.0025999998 0.0032000009 0.050000001)
(0.0027000007 0.0031000008 0.050000001)
(0.0028000008 0.0031000007 0.050000001)
(0.0027000007 0.0032000009 0.050000001)
(0.0028000009 0.0032000009 0.050000001)
(0.0041000005 0.0013000004 0.050000001)
(0.0042000008 0.0013000003 0.050000001)
(0.0041000006 0.0014000005 0.050000001)
(0.0042000008 0.0014000006 0.050000001)
(0.0043000007 0.0012999997 0.050000001)
(0.0043000008 0.0014000006 0.050000001)
(0.0040999999 0.0014999999 0.050000001)
(0.0042000008 0.0015000006 0.050000001)
(0.0040999998 0.0015999997 0.050000001)
(0.0042000008 0.0016000004 0.050000001)
(0.0043000009 0.0015000007 0.050000001)
(0.0028999997 0.0028999996 0.050000001)
(0.0029999996 0.0028999996 0.050000001)
(0.0028999999 0.0029999998 0.050000001)
(0.0029999996 0.0029999997 0.050000001)
(0.0030999998 0.0028999997 0.050000001)
(0.0032000006 0.0029000004 0.050000001)
(0.0030999997 0.0029999997 0.050000001)
(0.0032000005 0.0029999996 0.050000001)
(0.0029000006 0.0031000007 0.050000001)
(0.0029999997 0.0031000006 0.050000001)
(0.0029000007 0.0032000009 0.050000001)
(0.0029999998 0.0032000008 0.050000001)
(0.0030999997 0.0031000004 0.050000001)
(0.0032000005 0.0030999996 0.050000001)
(0.0030999998 0.0032000006 0.050000001)
(0.0032000005 0.0031999998 0.050000001)
(0.0036000012 0.0018000005 0.050000001)
(0.0036000011 0.0018999996 0.050000001)
(0.0034999999 0.0020000002 0.050000001)
(0.0036000008 0.0019999996 0.050000001)
(0.0037000012 0.0017000007 0.050000001)
(0.0038000009 0.0017000006 0.050000001)
(0.0037000012 0.0018000005 0.050000001)
(0.0038000009 0.0018000005 0.050000001)
(0.0022000004 0.0033999997 0.050000001)
(0.0023000006 0.0033000007 0.050000001)
(0.0024000005 0.0033000006 0.050000001)
(0.0023000006 0.0033999997 0.050000001)
(0.0024000005 0.0033999997 0.050000001)
(0.0022000004 0.0034999994 0.050000001)
(0.0022000003 0.0035999999 0.050000001)
(0.0032000003 0.0025000004 0)
(0.0030999993 0.0025999996 0)
(0.0032000003 0.0025999997 0)
(0.0029999991 0.0026999994 0)
(0.0029 0.0028000002 0)
(0.0029999993 0.0027999995 0)
(0.0030999993 0.0026999995 0)
(0.0032000002 0.0026999996 0)
(0.0030999994 0.0027999996 0)
(0.0032000003 0.0028000002 0)
(0.0028000002 0.0029000002 0)
(0.0026999995 0.0029999997 0)
(0.0028000003 0.0029999996 0)
(0.0025999993 0.0031000006 0)
(0.0024999995 0.0032000009 0)
(0.0025999993 0.0032000008 0)
(0.0040999992 0.0013 0)
(0.0041999994 0.0012999994 0)
(0.0040999991 0.0014000003 0)
(0.0041999994 0.0014000002 0)
(0.0026999994 0.0031000005 0)
(0.0028000003 0.0030999998 0)
(0.0026999994 0.0032000007 0)
(0.0028000003 0.0032000006 0)
(0.0029000002 0.0029000002 0)
(0.0029999994 0.0029000001 0)
(0.0029000003 0.0029999996 0)
(0.0029999995 0.0029999995 0)
(0.0030999995 0.0029000001 0)
(0.0032000003 0.0029000001 0)
(0.0030999995 0.0029999994 0)
(0.0032000002 0.0029999994 0)
(0.0029000003 0.0030999996 0)
(0.0029999996 0.0030999995 0)
(0.0029000004 0.0032000004 0)
(0.0029999996 0.0032000003 0)
(0.0030999995 0.0030999994 0)
(0.0032000002 0.0030999994 0)
(0.0030999995 0.0032000002 0)
(0.0031999995 0.0032000001 0)
(0.0043000003 0.0013 0)
(0.0043000004 0.0014000002 0)
(0.0040999991 0.0015000004 0)
(0.0041999995 0.0015000002 0)
(0.0040999992 0.0015999997 0)
(0.0041999996 0.0015999996 0)
(0.0043000005 0.0014999995 0)
(0.0036000003 0.0017999997 0)
(0.0035999996 0.0019000004 0)
(0.0034999994 0.0020000003 0)
(0.0035999995 0.0020000003 0)
(0.0037000003 0.0016999997 0)
(0.0037999994 0.0016999997 0)
(0.0037000003 0.0017999997 0)
(0.0037999996 0.0017999997 0)
(0.0038999992 0.0016999997 0)
(0.0039999992 0.0016999996 0)
(0.0038999994 0.0017999996 0)
(0.0039999994 0.0017999996 0)
(0.0037000004 0.0019000004 0)
(0.0038000003 0.0019000004 0)
(0.0037000004 0.0020000003 0)
(0.0038000004 0.0020000003 0)
(0.0038999996 0.0018999997 0)
(0.0040000002 0.0019000004 0)
(0.0038999997 0.0020000004 0)
(0.0040000003 0.0020000005 0)
(0.0033999995 0.0021999992 0)
(0.0021999996 0.0033999995 0)
(0.0023000003 0.0033000006 0)
(0.0024000003 0.0033000006 0)
(0.0023000003 0.0033999996 0)
(0.0024000003 0.0033999996 0)
(0.0021999996 0.0034999993 0)
(0.0021999995 0.0035999994 0)
(0.0023000003 0.0034999994 0)
(0.0024000003 0.0034999995 0)
(0.0023000003 0.0036000001 0)
(0.0024000003 0.0036000002 0)
(0.0034999993 0.0020999994 0)
(0.0035999995 0.0020999994 0)
(0.0034999993 0.0021999992 0)
(0.0035999994 0.0021999993 0)
(0.0033000005 0.0022999994 0)
(0.0033999995 0.0022999994 0)
(0.0033000004 0.0024000003 0)
(0.0033999995 0.0024000003 0)
(0.0034999992 0.0022999994 0)
(0.0035999994 0.0022999995 0)
(0.0034999993 0.0024000003 0)
(0.0036000001 0.0024000003 0)
(0.0037000004 0.0020999995 0)
(0.0038000004 0.0020999996 0)
(0.0037000003 0.0021999994 0)
(0.0038000004 0.0021999995 0)
(0.0038999997 0.0020999996 0)
(0.0039999997 0.0020999998 0)
(0.0038999997 0.0021999996 0)
(0.0039999997 0.0021999996 0)
(0.0037000003 0.0023000002 0)
(0.0038000004 0.0023000003 0)
(0.0037000004 0.0024000003 0)
(0.0038000004 0.0024000003 0)
(0.0038999997 0.0023000003 0)
(0.0021999995 0.0037000003 0)
(0.0021999996 0.0038000003 0)
(0.0023000003 0.0037000003 0)
(0.0024000003 0.0037000003 0)
(0.0023000003 0.0037999997 0)
(0.0024000003 0.0037999996 0)
(0.0021999996 0.0038999996 0)
(0.0023000003 0.0038999996 0)
(0.0040999994 0.0016999996 0)
(0.0041999997 0.0016999996 0)
(0.0041000001 0.0018000003 0)
(0.0041999997 0.0017999998 0)
(0.0041000003 0.0019000005 0)
(0.0041000004 0.0020000006 0)
(0.0024999994 0.0033000006 0)
(0.0025999992 0.0033000006 0)
(0.0024999994 0.0033999997 0)
(0.0025999992 0.0033999996 0)
(0.0026999994 0.0033000005 0)
(0.0028000004 0.0033000004 0)
(0.0026999994 0.0033999995 0)
(0.0028000004 0.0033999995 0)
(0.0024999994 0.0034999995 0)
(0.0025999992 0.0034999995 0)
(0.0024999994 0.0036000003 0)
(0.0025999993 0.0036000002 0)
(0.0026999995 0.0034999993 0)
(0.0028000005 0.0034999992 0)
(0.0026999996 0.0035999995 0)
(0.0028000005 0.0035999994 0)
(0.0029000005 0.0033000003 0)
(0.0030000004 0.0033000002 0)
(0.0029000007 0.0033999994 0)
(0.003 0.0033999993 0)
(0.0031000001 0.0033000001 0)
(0.0029000007 0.0034999992 0)
(0.0024999995 0.0037000003 0)
(0.0025999995 0.0037000004 0)
(0.0024999995 0.0037999997 0)
(0.0033000003 0.0025000004 0)
(0.0033999995 0.0025000004 0)
(0.0033000003 0.0025999997 0)
(0.0033999995 0.0025999997 0)
(0.0034999994 0.0025000004 0)
(0.0035999996 0.0024999997 0)
(0.0034999995 0.0025999997 0)
(0.0036000003 0.0025999996 0)
(0.0033000003 0.0026999996 0)
(0.0033999995 0.0026999996 0)
(0.0033000003 0.0028000002 0)
(0.0033999996 0.0028000002 0)
(0.0034999995 0.0026999997 0)
(0.0036000004 0.0027000003 0)
(0.0034999996 0.0028000002 0)
(0.0036000004 0.0028000003 0)
(0.0038999995 0.00090000018 0)
(0.0039999995 0.0009000002 0)
(0.0038999995 0.0010000002 0)
(0.0039999994 0.0010000002 0)
(0.0038999994 0.0010999993 0)
(0.0039999993 0.0010999993 0)
(0.0038999993 0.0011999992 0)
(0.0039999992 0.0011999992 0)
(0.0037000004 0.0024999996 0)
(0.0038000004 0.0024999996 0)
(0.0037000005 0.0025999996 0)
(0.0033000003 0.0029000001 0)
(0.0033999996 0.0029 0)
(0.0033000003 0.0029999993 0)
(0.0033999996 0.0029999993 0)
(0.0034999996 0.0029000001 0)
(0.0033000002 0.0030999994 0)
(0.0038000002 0.0012999994 0)
(0.0037999994 0.0014000004 0)
(0.0038999992 0.0013 0)
(0.0039999991 0.0013 0)
(0.0038999991 0.0014000005 0)
(0.0039999989 0.0014000004 0)
(0.0037999993 0.0015000007 0)
(0.0037000003 0.0016000006 0)
(0.0037999993 0.0016000006 0)
(0.003899999 0.0015000007 0)
(0.0039999989 0.0015000005 0)
(0.0038999991 0.0016000005 0)
(0.003999999 0.0015999998 0)
(0.0041000001 0.00090000026 0)
(0.0041999995 0.00090000034 0)
(0.0041 0.0010000002 0)
(0.0041999994 0.0010000003 0)
(0.0042999996 0.00090000043 0)
(0.0044000006 0.00090000053 0)
(0.0042999996 0.0010000002 0)
(0.0044000006 0.00099999965 0)
(0.0040999999 0.0010999993 0)
(0.0041999994 0.0010999994 0)
(0.0040999998 0.0011999992 0)
(0.0041999994 0.0011999992 0)
(0.0042999996 0.0010999994 0)
(0.0044000006 0.0010999994 0)
(0.0042999997 0.0011999993 0)
(0.0044000005 0.0011999994 0)
)


// ************************************************************************* //
