/*--------------------------------*- C++ -*----------------------------------*\
| =========                 |                                                 |
| \\      /  F ield         | OpenFOAM: The Open Source CFD Toolbox           |
|  \\    /   O peration     | Version:  2412                                  |
|   \\  /    A nd           | Website:  www.openfoam.com                      |
|    \\/     M anipulation  |                                                 |
\*---------------------------------------------------------------------------*/
FoamFile
{
    version     2.0;
    format      ascii;
    arch        "LSB;label=32;scalar=64";
    note        "nPoints:6010  nCells:3355  nFaces:12600  nInternalFaces:7530";
    class       labelList;
    location    "constant/claddingZone/polyMesh";
    object      neighbour;
}
// * * * * * * * * * * * * * * * * * * * * * * * * * * * * * * * * * * * * * //


7530
(
1
43
2
44
3
14
48
13
47
5
8
514
6
7
513
512
8
516
9
515
10
30
511
29
338
12
16
107
13
15
57
14
56
49
16
66
17
118
18
117
19
42
116
20
41
115
21
40
114
22
39
173
38
172
24
35
315
25
34
325
26
33
326
27
32
337
28
31
343
29
345
30
346
527
32
344
33
336
34
327
35
324
36
316
37
317
38
183
39
182
40
174
41
175
42
120
119
44
46
48
50
46
55
69
50
48
56
60
49
51
52
56
51
55
52
54
60
53
61
54
62
70
55
59
71
72
57
61
58
66
107
61
63
65
108
60
62
68
61
62
63
67
64
80
109
65
93
127
66
125
118
68
70
78
80
71
75
72
74
71
77
72
76
73
74
76
87
81
76
78
85
77
86
78
88
79
135
80
92
111
134
93
110
82
87
83
91
84
97
96
105
86
104
135
87
88
90
91
89
135
90
99
136
91
98
104
97
93
133
158
155
95
106
148
272
96
105
145
97
101
98
99
101
103
100
139
101
142
146
102
145
103
142
144
104
139
136
106
266
108
118
109
125
110
127
111
155
158
162
113
131
179
181
222
114
122
176
178
115
173
175
116
120
122
117
119
123
118
124
125
120
128
121
175
122
128
132
176
123
131
124
128
130
125
126
127
127
130
156
155
129
130
132
159
131
160
132
161
164
181
134
138
192
135
137
162
136
137
139
138
140
163
154
195
140
142
141
154
197
142
150
153
198
143
144
146
150
152
145
149
146
148
147
148
152
273
149
271
152
270
151
190
199
152
191
200
284
283
154
190
203
196
156
158
157
160
158
167
193
192
160
164
168
161
167
164
166
222
163
192
195
197
165
221
166
168
169
228
167
170
227
168
171
206
170
206
210
239
171
209
238
193
206
208
173
182
186
174
178
175
177
182
176
177
181
178
180
185
179
186
180
187
223
181
188
224
221
183
185
184
317
185
189
318
186
188
187
188
230
189
229
234
323
191
202
201
297
193
195
194
195
205
208
196
197
203
205
198
199
203
200
202
201
265
202
263
264
203
262
204
205
215
262
212
207
208
210
211
209
212
210
217
243
218
244
212
218
220
215
217
214
263
390
394
415
215
261
262
393
216
220
217
219
259
393
218
254
219
255
220
260
392
261
222
224
228
223
227
224
226
230
225
229
226
228
232
240
227
231
237
228
238
239
230
232
234
231
232
236
233
235
234
247
475
471
236
240
245
247
237
246
238
240
242
239
243
240
244
241
242
244
245
256
243
246
253
244
254
255
246
248
406
252
248
485
249
486
404
406
495
251
397
403
452
252
258
405
253
406
254
256
258
255
259
256
260
257
406
258
260
398
405
259
397
260
396
399
390
392
263
413
265
297
411
413
284
410
267
272
268
276
269
277
282
299
271
283
287
272
273
275
276
274
283
275
279
286
276
278
287
277
278
282
279
281
288
280
290
281
291
305
282
292
304
298
284
286
285
297
286
289
296
410
287
290
288
290
292
290
293
295
409
291
292
293
379
303
294
380
420
295
389
419
296
417
297
411
299
304
308
300
301
308
302
309
314
355
304
377
379
305
307
306
379
307
311
378
308
310
377
309
310
314
311
313
376
312
383
313
360
384
314
359
375
358
316
320
325
317
319
324
318
319
323
320
322
331
321
330
322
333
470
323
332
472
471
325
327
331
326
330
327
329
337
328
336
329
331
335
350
330
334
341
331
333
332
333
335
476
334
469
335
340
478
351
477
337
344
350
341
343
339
346
511
347
508
510
341
351
353
541
342
350
343
348
349
353
344
345
349
346
348
347
527
348
507
528
354
350
352
351
352
542
353
543
354
540
507
539
356
358
357
363
364
369
359
363
360
362
374
361
569
362
366
573
363
365
572
364
365
370
366
368
575
367
574
368
579
584
370
578
585
370
372
371
372
585
587
373
587
589
375
569
572
376
384
377
383
378
379
381
383
380
381
389
421
382
388
422
383
385
387
423
384
385
569
386
424
570
387
425
581
388
426
389
427
428
391
414
392
394
400
434
393
399
394
396
395
433
396
400
402
408
397
399
398
402
399
401
452
400
401
407
402
447
455
403
446
445
455
405
453
500
406
452
408
434
447
451
433
446
450
410
417
420
411
412
417
413
416
431
415
415
430
434
431
433
417
418
438
419
419
429
441
420
428
421
422
428
423
427
424
426
425
640
426
665
666
427
664
428
663
429
657
663
431
435
439
432
438
433
435
437
450
434
435
436
451
437
439
456
462
438
457
459
439
441
440
441
456
658
457
657
443
465
653
685
444
460
650
445
449
648
446
647
447
449
448
647
449
451
461
648
450
460
451
459
462
453
455
454
501
455
506
646
647
457
463
659
458
656
459
463
465
655
460
462
461
465
462
464
650
463
464
654
465
653
683
466
655
681
683
685
468
482
484
490
492
469
474
479
481
470
476
478
472
474
472
475
473
476
474
475
481
483
484
485
477
481
478
480
542
479
541
480
492
546
481
493
547
482
483
489
493
484
485
488
487
486
488
495
488
490
497
489
498
490
494
548
491
549
492
494
550
562
493
557
494
556
551
563
498
500
497
499
503
554
498
549
499
548
500
502
555
501
502
506
503
505
704
504
703
505
708
712
506
709
713
710
508
529
530
509
531
510
520
529
774
511
519
528
515
527
513
517
514
516
523
515
518
516
519
526
523
524
519
521
523
520
526
521
525
773
522
772
523
524
525
779
526
790
526
791
528
529
810
531
537
539
810
532
774
533
537
775
534
536
782
535
567
783
536
565
690
813
537
564
812
538
811
539
545
564
540
541
543
545
542
546
543
547
544
545
547
559
546
558
547
557
556
549
551
555
550
554
551
553
695
552
696
553
555
699
705
554
700
702
555
703
704
557
559
563
558
562
559
561
564
560
561
563
697
562
565
694
563
695
696
565
566
690
692
694
568
690
798
691
799
825
570
573
571
581
640
573
576
580
641
573
575
574
575
576
579
578
577
582
642
579
583
599
643
579
598
597
581
582
669
666
583
730
611
733
585
595
597
586
598
587
593
595
601
588
589
591
593
590
591
616
592
622
593
606
612
614
594
602
595
604
612
596
597
600
601
604
598
599
601
600
611
644
603
610
645
602
604
606
604
607
609
739
605
606
607
612
617
618
608
626
740
609
741
1081
610
738
611
737
734
613
614
617
623
618
620
622
616
621
627
622
618
624
626
619
620
624
629
621
623
630
622
631
624
632
625
969
626
970
1074
1082
1073
1081
628
631
635
637
630
969
972
631
632
634
635
633
969
634
962
968
635
963
972
636
637
638
963
639
639
964
982
961
641
666
642
669
643
730
644
733
645
734
737
739
647
649
710
648
649
650
651
715
651
653
652
716
653
689
721
684
655
659
679
683
656
680
657
659
661
658
662
659
670
660
661
670
674
679
662
673
680
663
670
672
664
665
672
667
677
667
669
668
723
669
728
731
730
671
672
674
678
673
677
674
676
747
675
748
676
678
725
753
677
724
752
678
723
722
680
682
748
681
747
682
686
746
683
687
749
684
685
687
689
686
687
745
688
744
689
868
903
867
691
814
692
815
824
693
823
694
698
700
818
695
697
696
700
697
699
698
699
817
700
816
701
702
816
818
820
703
705
707
704
708
705
709
706
816
707
709
821
831
708
820
830
709
829
832
713
715
712
714
718
828
713
829
714
832
715
717
833
716
717
721
718
720
838
719
827
720
826
865
721
839
866
867
723
725
729
724
728
725
727
755
726
754
727
729
761
762
728
760
763
729
764
765
731
733
732
764
733
735
767
734
735
737
736
771
737
743
1084
738
739
741
743
740
741
1073
742
1080
743
1094
1099
1091
745
749
903
905
746
906
747
749
751
748
752
749
753
750
751
753
757
905
752
756
906
753
755
754
755
757
761
756
760
757
759
907
758
909
759
761
910
916
760
911
913
761
914
915
763
765
769
915
764
768
914
765
767
766
767
769
770
768
771
769
919
1086
920
1087
771
1083
1087
1084
1086
773
777
779
774
776
791
775
810
776
782
811
777
781
792
778
780
779
787
789
792
790
791
781
785
787
782
784
793
783
812
784
798
813
785
794
797
786
796
787
794
795
803
788
793
789
795
790
792
793
794
806
804
797
801
803
798
800
806
799
814
800
815
856
801
807
859
802
858
803
805
807
809
804
806
805
1010
807
808
809
859
1011
858
1010
1012
811
812
813
814
815
855
817
821
818
822
819
823
820
822
849
882
821
845
822
884
883
824
849
825
848
855
847
856
827
839
841
864
828
836
838
829
833
835
830
832
831
835
845
832
834
884
833
834
838
835
837
885
836
844
837
841
843
838
840
887
839
840
863
841
892
896
842
895
843
890
892
894
844
887
889
845
881
885
882
884
847
852
854
949
848
861
849
854
862
850
854
880
882
852
876
878
955
853
954
854
878
880
1029
948
856
862
859
861
858
860
951
1012
859
860
861
952
1011
862
949
948
864
866
871
896
865
872
895
866
869
867
870
868
870
902
870
872
901
871
935
872
897
936
898
900
874
1048
1050
1346
875
1034
1041
876
1030
1040
877
1026
878
1027
1030
1032
879
1028
880
889
1032
881
882
886
889
883
884
886
885
886
887
888
888
892
889
891
890
891
945
1032
892
946
893
894
896
942
946
895
943
945
896
898
897
898
937
942
899
943
900
937
939
1053
901
936
940
933
935
903
932
935
904
905
908
932
906
909
907
909
911
909
921
931
910
911
921
925
912
913
923
925
914
916
918
915
919
916
920
917
925
918
920
924
1109
919
923
1108
920
1107
1106
922
930
925
927
929
924
1131
925
927
1132
927
1132
1138
1377
928
929
1365
1377
930
1071
931
1063
932
1064
934
934
940
1061
935
941
1064
936
937
941
938
1054
939
941
1066
1409
940
1058
1059
941
1060
1065
943
947
1054
944
1053
945
947
1033
1052
946
1031
947
1055
949
1029
952
954
951
953
1016
1022
952
1013
953
1018
954
1017
1023
955
1029
1023
1026
1028
957
999
1001
958
996
959
995
960
992
961
983
982
963
965
967
964
973
965
976
981
966
980
967
975
976
979
968
973
974
969
971
972
970
971
1075
1102
974
1076
1103
973
976
975
1104
1146
978
1105
1147
977
979
981
987
979
1148
1151
1153
980
986
981
985
982
984
983
984
992
985
987
991
986
993
987
1151
1154
988
989
991
1154
990
1155
1158
991
994
995
997
992
993
995
994
1154
1004
1155
996
997
1001
1002
1004
1158
999
1008
1204
1000
1001
1006
1008
1002
1003
1006
1161
1004
1005
1160
1159
1006
1208
1217
1007
1207
1008
1212
1217
1220
1203
1010
1012
1014
1012
1018
1013
1014
1016
1018
1015
1016
1019
1017
1021
1018
1035
1021
1037
1021
1025
1036
1037
1045
1022
1035
1023
1025
1024
1035
1025
1026
1036
1039
1038
1027
1040
1028
1349
1029
1031
1034
1349
1032
1033
1034
1051
1346
1350
1036
1359
1358
1039
1043
1045
1040
1042
1359
1041
1349
1042
1048
1350
1043
1047
1360
1044
1046
1045
1355
1357
1360
1358
1359
1047
1353
1355
1048
1352
1361
1049
1351
1050
1352
1433
1702
1347
1415
1052
1346
1348
1053
1055
1057
1054
1058
1055
1409
1056
1057
1407
1409
1058
1348
1406
1405
1409
1060
1066
1068
1405
1061
1065
1069
1062
1064
1063
1069
1072
1064
1070
1071
1065
1066
1070
1067
1408
1068
1070
1370
1410
1069
1369
1404
1070
1368
1367
1072
1365
1367
1364
1368
1074
1080
1075
1079
1076
1078
1077
1146
1078
1103
1129
1167
1079
1101
1102
1080
1082
1100
1081
1099
1082
1102
1084
1088
1092
1085
1091
1086
1088
1090
1112
1087
1107
1088
1106
1089
1113
1090
1092
1114
1122
1091
1115
1121
1092
1094
1093
1094
1122
1123
1098
1121
1096
1129
1171
1175
1240
1097
1101
1172
1174
1098
1100
1126
1128
1099
1123
1125
1100
1101
1129
1103
1104
1105
1167
1153
1168
1107
1109
1113
1108
1112
1109
1111
1131
1110
1132
1111
1113
1117
1133
1112
1116
1134
1113
1115
1114
1115
1117
1139
1116
1120
1117
1119
1135
1118
1136
1119
1139
1143
1192
1120
1142
1191
1121
1139
1141
1122
1125
1124
1139
1124
1128
1125
1127
1140
1126
1141
1127
1174
1178
1128
1173
1177
1172
1130
1167
1169
1240
1132
1134
1133
1134
1136
1138
1135
1136
1191
1137
1192
1138
1193
1388
1378
1140
1141
1143
1177
1142
1178
1143
1145
1190
1144
1197
1145
1177
1182
1196
1178
1181
1189
1147
1167
1148
1168
1149
1249
1151
1230
1252
1151
1154
1156
1166
1230
1152
1153
1166
1252
1249
1155
1156
1159
1157
1165
1231
1159
1162
1164
1232
1159
1161
1160
1161
1162
1208
1207
1163
1209
1233
1164
1224
1308
1165
1307
1166
1293
1290
1168
1169
1249
1239
1250
1171
1240
1242
1248
1172
1176
1173
1174
1176
1183
1175
1180
1176
1179
1241
1184
1242
1178
1183
1180
1180
1184
1186
1258
1181
1183
1182
1186
1188
1183
1185
1201
1184
1185
1325
1186
1200
1326
1187
1327
1188
1200
1332
1189
1201
1190
1196
1191
1197
1192
1193
1197
1194
1389
1195
1197
1655
1196
1198
1658
1197
1201
1199
1201
1661
1200
1333
1662
1201
1331
1203
1205
1219
1261
1204
1220
1205
1206
1261
1263
1208
1212
1209
1211
1210
1224
1259
1211
1214
1225
1260
1212
1215
1217
1213
1215
1220
1221
1215
1222
1226
1482
1216
1223
1217
1218
1220
1219
1223
1228
1220
1221
1229
1223
1273
1223
1227
1274
1483
1272
1225
1309
1226
1311
1227
1485
1289
1484
1229
1270
1272
1261
1269
1273
1231
1290
1232
1293
1233
1307
1259
1308
1235
1302
1304
1306
1316
1236
1292
1298
1300
1237
1291
1294
1297
1238
1251
1254
1295
1239
1245
1247
1250
1240
1244
1248
1241
1242
1244
1258
1243
1325
1244
1246
1248
1324
1245
1257
1246
1254
1256
1247
1253
1323
1248
1295
1250
1252
1251
1252
1291
1290
1254
1295
1296
1322
1255
1297
1256
1322
1340
1473
1257
1323
1337
1258
1324
1328
1325
1327
1260
1309
1311
1482
1262
1263
1267
1269
1264
1265
1267
1266
1441
1267
1282
1440
1268
1269
1277
1280
1282
1270
1276
1271
1280
1272
1275
1276
1279
1273
1274
1276
1275
1289
1527
1278
1288
1528
1277
1279
1283
1279
1285
1287
1563
1280
1284
1281
1282
1284
1446
1283
1445
1284
1450
1285
1449
1286
1452
1564
1287
1468
1565
1288
1562
1289
1561
1558
1291
1293
1292
1293
1306
1307
1295
1296
1300
1297
1299
1321
1298
1473
1299
1302
1474
1300
1301
1320
1316
1302
1316
1317
1319
1303
1480
1304
1317
1481
1492
1305
1315
1491
1306
1308
1310
1307
1308
1309
1310
1311
1312
1491
1312
1485
1486
1490
1314
1490
1494
1539
1315
1491
1493
1316
1317
1318
1493
1319
1481
1507
1532
1320
1478
1480
1321
1474
1476
1322
1473
1477
1323
1339
1324
1338
1325
1329
1326
1327
1329
1331
1328
1332
1329
1335
1337
1330
1338
1331
1334
1335
1343
1332
1333
1335
1334
1673
1342
1678
1336
1337
1341
1343
1338
1340
1339
1343
1340
1344
1477
1341
1472
1344
1471
1343
1345
1679
1344
1345
1470
1497
1684
1347
1351
1348
1636
1702
1414
1350
1351
1702
1353
1362
1432
1354
1401
1355
1362
1363
1400
1356
1361
1357
1363
1358
1360
1361
1362
1705
1704
1365
1373
1375
1366
1376
1367
1371
1373
1382
1368
1370
1369
1373
1370
1372
1403
1371
1423
1372
1383
1424
1373
1384
1402
1374
1375
1382
1384
1395
1376
1379
1377
1380
1382
1378
1380
1388
1380
1386
1395
1381
1387
1382
1393
1395
1398
1383
1384
1398
1638
1385
1639
1395
1396
1398
1640
1387
1390
1394
1388
1391
1393
1389
1391
1655
1391
1648
1654
1392
1656
1393
1646
1648
1668
1394
1397
1395
1396
1648
1397
1647
1687
1398
1646
1686
1685
1400
1430
1703
1706
1708
1401
1704
1705
1430
1432
1403
1424
1426
1639
1404
1421
1423
1405
1410
1412
1406
1408
1407
1412
1414
1408
1411
1409
1410
1411
1423
1412
1422
1413
1421
1414
1420
1637
1636
1416
1433
1636
1417
1434
1637
1418
1435
1644
1428
1645
1697
1420
1426
1645
1738
1421
1644
1422
1426
1423
1425
1424
1425
1638
1426
1643
1427
1639
1641
1643
1738
1429
1715
1737
1692
1716
1740
1431
1436
1432
1434
1437
1706
1433
1705
1434
1701
1435
1700
1437
1697
1699
1437
1439
1708
1438
1709
1439
1697
1710
1714
1711
1713
1441
1443
1445
1442
1443
1455
1444
1458
1445
1447
1451
1459
1446
1450
1447
1449
1448
1460
1449
1451
1453
1467
1450
1452
1451
1464
1453
1468
1569
1454
1469
1570
1465
1467
1509
1571
1456
1458
1457
1512
1458
1462
1511
1459
1460
1462
1464
1461
1467
1462
1466
1517
1463
1516
1464
1466
1838
1467
1466
1510
1572
1839
1467
1837
1469
1568
1509
1575
1471
1477
1497
1499
1472
1500
1473
1475
1477
1474
1475
1480
1476
1479
1500
1477
1478
1499
1479
1502
1507
1480
1501
1506
1481
1506
1531
1483
1485
1484
1527
1485
1487
1558
1486
1487
1489
1488
1559
1489
1540
1542
1581
1490
1496
1539
1491
1495
1492
1493
1495
1531
1494
1532
1495
1537
1538
1496
1536
1538
1542
1544
1498
1925
1499
1503
1930
1500
1502
1501
1502
1505
1503
1508
1504
1931
1508
1556
2021
1506
1508
1529
1507
1530
1508
1533
1555
1510
1574
1573
1848
1512
1514
1516
1513
1514
1520
1515
1519
1516
1518
1524
1841
1517
1838
1518
1837
1525
1846
1520
1522
1524
1521
1522
1826
1523
1825
1524
1526
1830
1842
1525
1843
1526
1845
1831
1850
1528
1558
1561
1563
1530
1553
1555
1531
1533
1535
1532
1536
1533
1537
1534
1555
1535
1537
1546
1554
1536
1545
1553
1537
1544
1547
1539
1541
1547
1540
1541
1580
1542
1548
1591
1543
1590
1544
1548
1550
1589
1545
1547
1546
1550
1552
1547
1549
1583
1548
1549
1614
1550
1584
1615
1551
1588
1552
1584
1587
1553
1583
1554
1555
1557
1583
1556
1557
2022
1582
2027
1559
1561
1560
1581
1561
1567
1594
1562
1563
1565
1567
1564
1565
1569
1566
1568
1567
1577
1601
1598
1569
1575
1577
1570
1571
1575
1572
1574
1573
1883
1574
1579
1882
1575
1578
1576
1577
1578
1608
1605
1579
1607
1606
1917
1581
1591
1595
1590
1594
1583
1585
2044
1584
1585
1586
1620
2043
1587
1615
1620
1632
1588
1631
1589
1615
1617
1590
1614
1618
1591
1593
1592
1614
1593
1595
1596
1619
1594
1597
1618
1595
1598
1599
1597
1599
1603
1625
1598
1602
1622
1599
1601
1600
1601
1603
1604
1602
1605
1603
1610
1621
1611
1626
1605
1611
1613
1608
1610
1607
1992
1994
1999
1608
1989
1991
1609
1613
1610
1612
1976
1989
1611
1971
1612
1972
1613
1977
1990
1991
1615
1619
1616
1617
1619
1624
1632
1618
1623
1631
1619
1622
1625
1633
2233
1622
1626
1628
1971
1623
1625
1624
1628
1630
1625
1627
1634
1626
1627
1972
1628
1973
1978
1629
1970
1630
1969
1978
1631
1634
1632
1633
1634
1635
2234
1635
1978
1979
2235
1637
1701
1644
1700
1639
1643
1685
1640
1641
1685
1687
1642
1688
1739
1643
1685
1689
1645
1699
1698
1737
1647
1669
1745
1648
1670
1746
1649
1652
1654
1668
1670
1651
1663
1665
1765
1787
1652
1659
1666
1762
1653
1667
1671
1654
1657
1659
1656
1656
1658
1657
1668
1658
1660
1667
1661
1660
1663
1661
1664
1666
1662
1664
1673
1664
1674
1665
1675
1666
1764
1788
1667
1763
1668
1672
1669
1670
1672
1750
1671
1747
1672
1752
1762
1751
1763
1675
1678
1675
1677
1787
1676
1788
1677
1678
1681
1793
1680
1792
1679
1681
1684
1681
1683
1802
1682
1803
1683
1684
1804
1927
1805
1926
1925
1686
1687
1689
1745
1688
1746
1689
1691
1741
1690
1691
1745
1749
1744
1746
1748
1693
1728
1742
1694
1732
1743
1695
1756
1815
1696
1757
1818
1779
1781
1819
1698
1715
1699
1736
1700
1701
1702
1704
1707
1706
1709
1708
1712
1709
1711
1710
1711
1722
1712
1720
1721
1714
1718
1720
1715
1717
1722
1716
1736
1717
1728
1735
1718
1723
1729
1719
1727
1720
1723
1724
1726
1721
1722
1724
1723
1775
1772
1726
1731
1773
1774
2062
1727
1772
1775
1729
1731
1729
1732
1734
1730
1775
1731
1732
1774
1776
1777
1733
1815
1734
1743
1814
1735
1742
1736
1740
1737
1738
1740
1739
1740
1741
1742
1742
1744
1743
1744
1756
1755
1746
1750
1747
1748
1750
1752
1749
1753
1755
1750
1754
1751
1752
1754
1770
1753
1761
1754
1758
1760
1769
1756
1758
1757
1814
1758
1781
1813
1759
1760
1781
1782
1761
1767
1769
1762
1766
1770
1763
1765
1764
1770
1765
1771
1789
1766
1786
1767
1771
1785
1768
1782
1784
1769
1771
1795
1770
1771
1794
1773
2061
1775
2063
1777
1815
1817
2063
1816
2062
1779
1809
1959
1961
1780
1962
1781
1782
1809
1811
1812
1783
1784
1809
2047
1785
1795
1797
1786
1794
1798
1787
1789
1791
1788
1792
1789
1793
1790
1794
1791
1793
1799
1800
1792
1798
1801
1793
1802
1803
1795
1799
1796
1797
1799
2048
1798
1957
2047
1799
1956
2049
1801
1803
1807
2049
1802
1806
1956
1803
1805
1804
1805
1807
1938
1806
1939
1807
1940
1955
1941
2050
1809
1959
2045
2047
2119
1810
1811
1961
2119
1812
1962
1813
1819
1814
1818
1815
1818
1817
1820
2065
1818
1821
2064
1819
1821
1962
1821
1823
2066
1822
2067
1823
1962
1963
2068
1824
2069
1963
1965
2070
1826
1828
1830
1827
1828
1834
1829
1833
1830
1832
1852
1862
1831
1853
1832
1854
1857
1863
1834
1836
1862
1835
1836
1893
1861
1896
1838
1839
1846
1841
1840
1848
1883
1844
1846
1847
1884
1843
1846
1843
1850
1853
1845
1845
1849
1851
1885
1846
1850
1848
1849
1881
1882
1866
1880
1851
1854
1855
1866
1886
1853
1857
1859
1854
1855
1857
1856
1865
1887
1857
1867
1869
1888
1858
1859
1863
1869
1871
1860
1862
1861
1871
1873
1862
1864
1897
1863
1864
1871
1898
1866
1867
1878
1879
1868
1877
1869
1874
1876
1870
1889
1871
1874
1890
1910
1872
1873
1898
1910
1912
1897
1909
1875
2326
1876
1890
1924
2422
1877
1889
1923
1878
1888
1922
1879
1887
1921
1880
1886
1920
1881
1885
1919
1882
1884
1918
1883
1917
1884
1885
1886
1887
1888
1889
1890
1891
1910
2420
2422
1893
1894
1901
1896
1895
1902
2090
2100
1897
1901
1898
1900
1899
1900
1904
1912
1901
1903
1909
1902
1903
2100
1904
1906
1908
1905
1913
1906
1916
2104
1907
2098
2100
1908
1916
2097
1909
1913
1912
1911
2326
1912
1914
2327
2420
1913
1914
1916
1915
2328
2419
1916
2106
2329
2427
2105
1918
1999
1919
1998
1920
1997
1921
1996
1922
2309
1923
2314
1924
2317
2322
2423
1927
1930
1927
1929
1939
1928
1938
1929
1930
1935
1937
1932
1944
1931
1935
2021
1933
1935
1946
1934
1945
2024
1935
2021
2025
2028
1936
1937
1946
1948
2028
1938
1942
1944
1939
1941
1940
1944
1941
1943
1954
1942
2161
1943
1948
2162
1944
1947
1953
1946
1946
1950
2028
2030
1947
1948
1950
1952
1949
2167
1950
2028
2036
2172
1951
2035
1952
2170
2172
2174
1953
2167
2169
1954
2162
2164
1955
2159
2161
1956
2050
2052
1957
2049
2046
2048
2052
1959
2045
2055
2057
1960
1961
1964
2057
2119
1962
1963
1964
2072
1965
2073
2123
2074
2122
1967
2017
2081
2301
1968
1985
1987
1969
1975
1982
1970
1981
1971
1973
1975
1972
1976
1973
1977
1974
1981
1975
1977
1982
1986
1976
1987
1977
1988
2020
1979
1981
1980
2240
1981
1983
2282
1982
1983
1985
1984
2286
1985
2080
2294
1986
2081
1987
2018
2020
1988
2017
1989
1995
2020
1990
1994
1991
1993
2020
1992
1993
2002
1994
2001
2019
1995
2000
2015
2017
2019
1997
2009
2011
2309
1998
2006
2008
1999
2003
2005
2000
2002
2001
2005
2015
2002
2004
2306
2003
2004
2008
2005
2007
2307
2006
2014
2007
2011
2013
2008
2010
2386
2009
2010
2308
2011
2311
2387
2012
2310
2013
2387
2389
2394
2014
2384
2386
2015
2303
2307
2016
2306
2017
2301
2303
2305
2018
2019
2081
2305
2020
2306
2022
2025
2027
2024
2026
2033
2040
2025
2030
2026
2029
2027
2038
2039
2044
2029
2030
2036
2038
2033
2035
2032
2041
2085
2087
2228
2033
2040
2082
2084
2034
2038
2035
2037
2084
2179
2036
2174
2037
2173
2038
2083
2180
2082
2040
2042
2044
2082
2041
2042
2089
2043
2087
2088
2044
2233
2046
2054
2136
2047
2053
2049
2051
2050
2051
2161
2052
2160
2053
2159
2054
2158
2055
2137
2157
2056
2076
2057
2124
2129
2137
2123
2136
2059
2069
2071
2060
2066
2061
2065
2062
2063
2065
2064
2065
2067
2066
2067
2069
2068
2069
2072
2070
2071
2072
2074
2075
2073
2074
2135
2075
2121
2120
2077
2129
2157
2078
2130
2166
2079
2146
2190
2147
2191
2194
2081
2298
2299
2300
2083
2087
2084
2086
2181
2085
2182
2086
2187
2222
2087
2188
2221
2229
2089
2229
2231
2233
2228
2232
2091
2099
2092
2101
2093
2112
2113
2336
2095
2114
2116
2335
2096
2109
2111
2097
2102
2108
2098
2105
2099
2102
2104
2100
2101
2102
2112
2103
2111
2104
2108
2110
2105
2106
2108
2107
2330
2442
2108
2118
2331
2443
2109
2110
2116
2118
2111
2115
2112
2114
2113
2114
2341
2115
2340
2116
2351
2117
2334
2118
2333
2366
2445
2332
2444
2136
2121
2138
2122
2135
2139
2123
2125
2124
2135
2125
2128
2134
2127
2139
2127
2131
2144
2152
2128
2140
2129
2131
2133
2130
2156
2131
2146
2673
2132
2145
2133
2152
2155
2134
2140
2135
2139
2137
2156
2139
2142
2140
2142
2152
2142
2143
2152
2151
2153
2145
2149
2151
2146
2148
2155
2147
2674
2148
2202
2675
2149
2154
2203
2150
2201
2151
2153
2154
2200
2152
2155
2677
2155
2676
2157
2673
2158
2166
2159
2165
2160
2164
2161
2163
2162
2163
2167
2164
2168
2165
2169
2166
2189
2190
2673
2168
2172
2169
2171
2170
2189
2171
2175
2192
2172
2176
2173
2174
2176
2180
2175
2179
2176
2178
2193
2177
2178
2180
2184
2179
2183
2216
2180
2182
2181
2182
2184
2188
2183
2187
2184
2186
2215
2185
2186
2188
2241
2187
2214
2242
2188
2243
2244
2190
2192
2191
2674
2192
2218
2675
2193
2216
2218
2195
2202
2218
2196
2206
2217
2207
2213
2219
2198
2211
2682
2683
2744
2199
2208
2680
2681
2200
2205
2678
2679
2201
2676
2677
2203
2205
2203
2206
2684
2204
2676
2205
2206
2209
2679
2208
2207
2685
2209
2212
2686
2209
2211
2210
2680
2211
2212
2683
2731
2730
2213
2687
2728
2220
2223
2215
2220
2262
2216
2219
2217
2218
2219
2685
2684
2220
2686
2263
2687
2222
2229
2244
2248
2228
2243
2247
2224
2263
2728
2225
2264
2733
2267
2269
2734
2227
2236
2250
2252
2254
2228
2230
2232
2247
2229
2230
2231
2248
2254
2232
2234
2237
2236
2234
2235
2237
2240
2237
2239
2238
2254
2239
2240
2253
2283
2252
2281
2282
2242
2244
2261
2243
2260
2262
2244
2246
2245
2246
2248
2257
2261
2247
2258
2260
2248
2250
2249
2250
2254
2255
2257
2251
2258
2252
2255
2273
2279
2253
2280
2254
2255
2287
2256
2288
2257
2271
2273
2662
2258
2270
2259
2273
2260
2266
2270
2272
2261
2265
2270
2263
2265
2264
2727
2265
2269
2742
2266
2269
2650
2268
2652
2739
2269
2650
2665
2740
2741
2271
2272
2661
2273
2650
2660
2274
2277
2279
2660
2662
2276
2669
2691
2717
2719
2277
2668
2716
2720
2278
2659
2663
2279
2289
2291
2668
2280
2288
2281
2287
2291
2283
2285
2283
2286
2284
2287
2285
2286
2290
2295
2291
2293
2294
2288
2290
2289
2662
2290
2663
2667
2291
2672
2292
2293
2350
2668
2672
2295
2297
2295
2298
2296
2672
2297
2298
2343
2671
2342
2350
2344
2300
2325
2344
2301
2305
2324
2302
2303
2324
2383
2304
2384
2305
2307
2324
2385
2306
2307
2386
2309
2311
2315
2310
2314
2311
2313
2394
2312
2393
2313
2315
2319
2400
2314
2318
2399
2315
2317
2316
2317
2319
2323
2318
2322
2319
2321
2402
2320
2401
2321
2323
2416
2417
2322
2415
2418
2323
2426
2453
2325
2382
2345
2381
2327
2422
2328
2421
2329
2429
2330
2428
2331
2441
2332
2448
2333
2447
2446
2484
2335
2351
2364
2366
2338
2340
2337
2341
2353
2355
2339
2364
2368
2340
2352
2353
2359
2341
2351
2353
2343
2347
2349
2344
2346
2694
2345
2346
2380
2347
2379
2695
2348
2378
2349
2377
2695
2697
2350
2692
2694
2669
2671
2352
2360
2364
2354
2355
2357
2359
2356
2357
2370
2358
2375
2359
2361
2367
2374
2360
2368
2361
2363
2362
2491
2363
2367
2488
2490
2364
2368
2487
2365
2366
2485
2487
2509
2484
2507
2368
2369
2372
2374
2490
2371
2375
2492
2494
2373
2501
2541
2374
2492
2498
2500
2375
2491
2492
2377
2701
2703
2711
2713
2378
2698
2700
2379
2703
2380
2700
2702
2381
2706
2382
2392
2383
2385
2391
2384
2390
2385
2389
2386
2388
2387
2388
2393
2389
2391
2396
2390
2395
2391
2404
2392
2405
2406
2706
2394
2396
2400
2395
2399
2396
2398
2404
2397
2405
2398
2400
2408
2412
2399
2403
2409
2400
2402
2401
2402
2412
2416
2403
2415
2410
2412
2414
2405
2409
2406
2408
2407
2705
2408
2440
2789
2409
2411
2410
2411
2437
2412
2438
2440
2413
2414
2416
2438
2468
2415
2437
2467
2416
2466
2469
2418
2453
2455
2469
2426
2456
2466
2420
2427
2429
2421
2422
2424
2429
2423
2424
2426
2425
2430
2426
2433
2454
2456
2453
2428
2442
2429
2431
2441
2430
2431
2433
2432
2450
2433
2460
2462
2524
2457
2459
2435
2473
2479
2513
2436
2472
2482
2437
2467
2481
2438
2439
2481
2440
2480
2787
2788
2442
2448
2450
2443
2444
2448
2445
2447
2446
2507
2447
2452
2506
2448
2451
2449
2450
2451
2529
2524
2452
2530
2512
2535
2454
2455
2459
2456
2458
2470
2457
2465
2458
2462
2464
2459
2461
2475
2460
2461
2525
2462
2476
2526
2463
2523
2464
2476
2478
2518
2465
2473
2475
2466
2470
2472
2467
2469
2468
2472
2469
2471
2481
2470
2471
2475
2472
2474
2482
2473
2474
2478
2475
2477
2513
2476
2477
2517
2478
2516
2593
2479
2594
2516
2597
2481
2483
2790
2482
2483
2513
2514
2795
2485
2506
2486
2510
2487
2489
2570
2488
2508
2489
2503
2572
2568
2573
2491
2501
2503
2500
2493
2494
2496
2498
2495
2496
2504
2497
2547
2498
2538
2542
2546
2499
2541
2500
2538
2540
2501
2502
2540
2503
2565
2567
2617
2568
2616
2505
2547
2550
2552
2507
2510
2512
2509
2509
2570
2572
2510
2511
2570
2512
2571
2583
2578
2514
2516
2515
2796
2516
2801
2899
2900
2518
2526
2591
2593
2521
2523
2594
2520
2536
2603
2605
2607
2521
2531
2600
2602
2522
2591
2595
2523
2527
2529
2531
2524
2526
2525
2529
2526
2528
2527
2528
2532
2591
2529
2533
2530
2531
2533
2535
2532
2536
2533
2537
2602
2534
2535
2537
2577
2536
2578
2537
2579
2580
2603
2539
2548
2540
2542
2562
2564
2541
2565
2542
2543
2544
2546
2562
2545
2561
2631
2546
2549
2550
2556
2547
2548
2550
2549
2562
2557
2561
2551
2552
2554
2556
2553
2554
2555
2556
2558
2630
2557
2631
2558
2560
2559
2560
2630
2937
2561
2629
2631
2562
2628
2563
2564
2628
2633
2941
2565
2569
2619
2566
2618
2567
2569
2621
2568
2622
2623
2620
2941
2571
2573
2574
2584
2573
2616
2574
2623
2585
2624
2576
2584
2588
2590
2577
2581
2583
2578
2580
2579
2583
2580
2582
2607
2581
2608
2582
2588
2613
2583
2587
2612
2584
2585
2587
2586
2590
2627
2587
2589
2638
2907
2588
2615
2589
2614
2590
2637
2912
2636
2592
2602
2593
2595
2601
2901
2594
2900
2595
2597
2596
2600
2597
2599
2901
2900
2599
2605
2905
2925
2600
2904
2601
2605
2602
2604
2904
2603
2604
2608
2605
2609
2905
2606
2607
2609
2611
2925
2608
2612
2609
2613
2610
2924
2611
2613
2910
2930
2612
2909
2928
2613
2615
2614
2615
2910
2912
2907
2909
2617
2623
2618
2622
2619
2621
2620
2633
2621
2635
2942
2622
2634
2623
2625
2624
2625
2627
2626
2634
2627
2639
2641
2644
2636
2638
2629
2632
2940
2935
2937
2939
2631
2633
2935
2945
2942
2635
2644
2647
2943
2637
2641
2638
2640
2913
2639
2914
2640
2643
2917
2641
2642
2922
2645
2643
2645
2649
2968
2644
2648
2916
2645
2647
2646
2647
2649
2946
2648
2947
2649
2915
2948
2949
2967
2651
2658
2660
2665
2653
2665
2756
2654
2666
2761
2655
2762
2832
2767
2806
2833
2657
2717
2833
2835
2658
2716
2832
2659
2666
2660
2664
2716
2661
2662
2664
2663
2664
2720
2715
2666
2755
2770
2832
2668
2670
2672
2720
2669
2670
2692
2671
2693
2719
2672
2694
2674
2675
2684
2679
2678
2681
2680
2683
2682
2745
2746
2685
2686
2687
2727
2689
2713
2824
2826
2830
2690
2698
2827
2829
2691
2697
2724
2726
2692
2721
2723
2693
2697
2694
2696
2721
2695
2696
2700
2697
2699
2726
2698
2699
2713
2700
2714
2829
2701
2702
2714
2815
2703
2706
2707
2704
2707
2709
2711
2706
2707
2789
2708
2815
2709
2783
2789
2816
2710
2784
2711
2810
2812
2816
2712
2815
2713
2812
2814
2824
2714
2814
2830
2716
2718
2720
2717
2718
2723
2719
2722
2720
2721
2722
2726
2723
2725
2724
2835
2725
2827
2836
2726
2828
2829
2728
2742
2731
2733
2730
2732
2736
2743
2731
2744
2732
2746
2733
2737
2747
2734
2742
2737
2739
2741
2736
2738
2751
2758
2737
2752
2738
2753
2739
2754
2759
2740
2756
2741
2755
2742
2744
2747
2748
2752
2745
2746
2748
2747
2753
2749
2750
2752
2751
2773
2752
2754
2772
2753
2754
2774
2756
2770
2759
2761
2758
2760
2764
2771
2759
2772
2760
2774
2761
2765
2775
2762
2770
2765
2767
2769
2764
2766
2779
2805
2765
2780
2766
2781
2767
2782
2840
2768
2839
2769
2833
2838
2770
2832
2772
2775
2776
2780
2773
2774
2776
2775
2781
2777
2778
2780
2779
2852
2780
2782
2804
2781
2782
2853
2784
2786
2788
2817
2785
2810
2786
2792
2874
2787
2793
2873
2788
2790
2789
2793
2795
2792
2794
2798
2878
2793
2875
2794
2882
2795
2797
2883
2796
2797
2801
2798
2800
2885
2799
2877
2800
2876
2898
2801
2890
3039
3040
2803
2845
2855
2856
2804
2842
2851
2854
2805
2852
2853
2840
2842
2807
2834
2839
2808
2837
2843
2809
2844
2857
2847
2860
2811
2817
2874
2812
2818
2820
2822
2813
2823
2814
2816
2818
2872
2815
2861
2816
2817
2818
2873
2819
2871
2820
2873
2881
2891
2821
2874
2880
2822
2891
2893
3018
2823
2869
2871
2824
2864
2872
2825
2861
2826
2862
2864
2866
2827
2831
2859
2828
2858
2829
2831
2830
2831
2861
2862
2833
2834
2835
2837
2838
2836
2837
2858
2850
2857
2839
2850
2840
2843
2841
2853
2842
2843
2846
2854
2845
2844
2850
2846
2847
2849
2846
2856
2848
2849
2860
2850
2857
2852
2855
2854
2856
2858
2860
2859
2860
2866
2862
2872
2863
2864
2870
2872
2865
2869
2866
2868
2868
2893
3023
2869
2870
2893
2871
2892
2872
2891
2874
2882
2875
2878
2880
2882
2877
2888
2890
2897
2878
2885
2887
2879
2883
2880
2884
2887
3019
2881
3018
2882
2884
3017
2883
2884
2885
2886
3029
2886
2890
2887
2889
3028
2888
3027
2889
3031
3044
2890
3030
3043
3042
2892
3017
2893
3022
2894
3018
3020
3022
3023
2896
3048
3050
3056
3058
2897
3037
3045
3047
2898
3042
3044
3037
3039
2900
2902
3040
2901
2902
2904
2903
3041
2904
2906
3054
2905
2906
2924
2923
3053
2908
2912
2914
2909
2911
2919
2926
2910
2927
2911
2934
2912
2920
2933
2913
2914
2920
2922
2917
2919
2916
2965
2967
2970
2917
2964
2968
2918
2922
2919
2921
2958
2964
2920
2955
2921
2954
2922
2961
2963
2968
2924
2929
3069
2925
2930
2928
2927
2933
2955
2928
2934
2930
2930
2931
3070
2934
2932
2934
3085
2933
2959
3084
2934
2954
2936
2973
2937
2975
2938
2939
2975
2940
2973
2941
2945
2942
2943
2945
2944
2947
2945
2952
2972
2973
2947
2949
2953
2948
2952
2949
2951
2970
2950
2969
2951
2953
2977
2987
2952
2978
2986
2953
2971
2976
2955
2959
2961
2958
2957
2965
2991
2995
2958
2962
2964
2961
2960
3120
2961
2993
3121
2962
2963
2991
2993
2964
2966
2968
2965
2966
2984
2967
2983
2991
2968
2969
2970
2983
2987
2984
2986
2972
2976
2978
2980
2973
2974
2975
2975
2980
2977
2981
2978
2982
2999
2979
2998
2980
2982
3003
3007
2981
3008
2982
3013
3004
3012
2984
2988
2990
2985
2995
2986
2988
2994
2997
2987
2998
2988
2999
2989
3000
2990
2994
3016
3157
2991
2995
3015
2992
2993
3015
3131
3130
2995
2996
2997
3155
3157
2998
3000
3002
2999
3003
3000
3004
3001
3157
3002
3004
3149
3156
3003
3150
3155
3004
3006
3148
3006
3010
3151
3153
3007
3148
3150
3008
3010
3012
3009
3013
3010
3014
3011
3012
3014
3153
3013
3148
3014
3016
3218
3158
3221
3018
3022
3029
3019
3020
3027
3029
3021
3024
3026
3022
3025
3029
3024
3034
3026
3028
3033
3027
3032
3034
3028
3031
3029
3030
3031
3033
3089
3032
3088
3033
3035
3087
3086
3035
3036
3087
3094
3038
3050
3039
3041
3047
3049
3040
3042
3041
3054
3043
3047
3044
3046
3089
3045
3088
3046
3056
3091
3047
3055
3090
3048
3049
3055
3059
3050
3052
3054
3051
3052
3058
3067
3053
3059
3068
3054
3069
3056
3060
3099
3057
3096
3058
3060
3075
3095
3059
3062
3060
3061
3074
3100
3062
3068
3072
3074
3065
3067
3075
3064
3082
3125
3143
3147
3065
3077
3079
3081
3066
3072
3076
3067
3071
3081
3068
3069
3071
3070
3071
3085
3072
3080
3073
3079
3074
3076
3078
3112
3075
3111
3076
3108
3077
3107
3078
3106
3143
3079
3142
3181
3080
3147
3081
3083
3085
3082
3083
3118
3084
3119
3147
3085
3120
3087
3089
3093
3088
3092
3089
3091
3090
3091
3093
3099
3092
3096
3093
3094
3097
3098
3104
3096
3100
3102
3108
3097
3099
3098
3102
3104
3099
3101
3100
3101
3111
3102
3110
3103
3109
3104
3116
3106
3143
3176
3178
3182
3107
3179
3181
3108
3112
3114
3109
3111
3110
3114
3116
3111
3113
3112
3113
3181
3114
3180
3115
3179
3116
3141
3184
3117
3135
3141
3199
3119
3123
3125
3120
3122
3146
3121
3122
3130
3123
3129
3169
3124
3128
3125
3127
3165
3169
3144
3146
3127
3133
3170
3172
3215
3128
3166
3168
3129
3133
3130
3132
3168
3131
3132
3218
3133
3170
3217
3134
3215
3217
3219
3136
3192
3137
3141
3193
3138
3140
3194
3139
3188
3195
3140
3185
3187
3196
3141
3184
3197
3198
3143
3145
3147
3182
3144
3145
3165
3176
3146
3164
3200
3147
3169
3149
3153
3150
3152
3161
3151
3154
3152
3163
3153
3162
3155
3161
3163
3156
3157
3159
3161
3158
3159
3248
3160
3249
3161
3228
3258
3162
3163
3228
3165
3167
3169
3206
3166
3175
3167
3172
3174
3168
3171
3207
3169
3170
3171
3216
3172
3212
3213
3173
3214
3174
3210
3212
3272
3175
3207
3209
3176
3203
3206
3177
3200
3178
3186
3201
3203
3179
3183
3185
3180
3184
3181
3183
3182
3183
3200
3201
3185
3186
3187
3204
3188
3205
3241
3189
3234
3190
3205
3235
3191
3236
3242
3231
3237
3245
3193
3199
3194
3198
3195
3197
3196
3234
3197
3241
3198
3199
3201
3206
3202
3203
3206
3208
3204
3209
3205
3243
3240
3242
3207
3208
3212
3209
3211
3210
3243
3211
3244
3271
3212
3274
3273
3214
3216
3222
3273
3215
3223
3272
3216
3224
3217
3225
3218
3220
3221
3220
3224
3247
3221
3225
3246
3248
3223
3225
3256
3278
3224
3255
3277
3225
3227
3226
3227
3246
3252
3256
3247
3253
3255
3229
3263
3230
3264
3269
3232
3281
3338
3233
3280
3339
3283
3294
3340
3235
3241
3236
3240
3237
3239
3238
3338
3239
3245
3337
3240
3242
3241
3243
3245
3244
3245
3270
3281
3247
3248
3251
3250
3249
3251
3258
3251
3253
3260
3252
3261
3253
3257
3299
3254
3298
3255
3257
3284
3297
3256
3285
3257
3288
3289
3300
3261
3263
3260
3262
3266
3303
3261
3298
3262
3299
3263
3265
3304
3264
3265
3269
3266
3268
3308
3267
3307
3268
3310
3269
3309
3271
3279
3281
3272
3274
3276
3273
3277
3274
3278
3275
3276
3278
3287
3277
3279
3286
3278
3285
3288
3280
3282
3281
3294
3344
3337
3286
3292
3294
3293
3318
3341
3285
3289
3291
3296
3286
3288
3287
3291
3288
3290
3289
3290
3295
3291
3326
3292
3317
3293
3324
3294
3325
3342
3343
3296
3300
3326
3328
3297
3315
3317
3298
3300
3302
3299
3303
3300
3304
3301
3302
3304
3305
3328
3303
3306
3315
3304
3307
3308
3306
3308
3312
3336
3307
3311
3314
3308
3310
3309
3310
3312
3311
3312
3313
3335
3314
3333
3335
3315
3332
3336
3316
3328
3317
3323
3327
3332
3324
3326
3319
3325
3345
3320
3329
3346
3321
3330
3347
3348
3350
3323
3330
3332
3349
3324
3329
3325
3329
3351
3327
3328
3331
3336
3330
3352
3350
3353
3332
3334
3336
3333
3334
3349
3335
3336
3338
3344
3339
3340
3344
3341
3343
3342
3345
3343
3351
3344
3346
3351
3347
3352
3348
3353
3354
3350
3354
3352
3353
3354
)


// ************************************************************************* //
