/*--------------------------------*- C++ -*----------------------------------*\
| =========                 |                                                 |
| \\      /  F ield         | OpenFOAM: The Open Source CFD Toolbox           |
|  \\    /   O peration     | Version:  2412                                  |
|   \\  /    A nd           | Website:  www.openfoam.com                      |
|    \\/     M anipulation  |                                                 |
\*---------------------------------------------------------------------------*/
FoamFile
{
    version     2.0;
    format      ascii;
    arch        "LSB;label=32;scalar=64";
    note        "nPoints:6010  nCells:3355  nFaces:12600  nInternalFaces:7530";
    class       labelList;
    location    "constant/claddingZone/polyMesh";
    object      owner;
}
// * * * * * * * * * * * * * * * * * * * * * * * * * * * * * * * * * * * * * //


12600
(
0
0
1
1
2
2
2
3
3
4
4
4
5
5
5
6
7
7
8
8
9
9
9
10
10
11
11
11
12
12
12
13
13
14
15
15
16
16
17
17
18
18
18
19
19
19
20
20
20
21
21
21
22
22
23
23
23
24
24
24
25
25
25
26
26
26
27
27
27
28
28
29
29
30
31
31
32
32
33
33
34
34
35
35
36
36
37
37
38
38
39
39
40
40
41
41
42
43
43
44
44
45
45
45
46
47
47
47
48
48
49
49
50
50
51
51
51
52
52
53
53
53
54
54
54
55
56
56
57
57
57
58
58
58
58
59
59
59
60
61
62
62
63
63
63
64
64
64
65
65
66
67
67
67
67
68
68
69
69
70
70
71
71
72
73
73
73
74
75
75
75
76
76
77
77
78
78
79
79
79
79
80
80
81
81
82
82
83
83
84
84
85
85
85
86
86
86
87
88
88
89
89
89
90
90
90
91
92
92
92
93
94
94
94
94
95
95
95
96
96
97
98
98
98
99
99
100
100
100
101
101
102
102
102
103
103
104
105
106
107
107
108
108
109
109
110
110
111
111
112
112
112
112
112
113
113
113
113
114
114
114
115
115
115
116
116
116
117
117
118
119
119
120
120
121
121
121
121
122
122
123
123
123
124
124
125
126
126
126
127
128
129
129
129
130
130
131
131
132
132
133
133
133
134
134
134
135
136
136
137
137
137
138
138
139
139
140
140
140
141
141
141
141
142
143
143
143
143
144
144
145
145
146
147
147
147
148
148
149
149
150
150
150
151
151
151
151
152
153
153
153
154
155
155
156
156
157
157
157
158
159
159
159
160
160
161
161
161
162
162
163
163
164
164
165
165
165
165
166
166
166
167
167
168
169
169
169
169
170
170
170
171
171
171
172
172
172
173
173
174
174
174
175
176
176
177
177
177
178
178
179
179
179
180
180
180
181
182
182
183
183
184
184
184
185
185
186
187
187
188
188
189
189
190
190
191
191
192
192
193
194
194
194
195
196
196
196
197
198
198
199
199
200
200
201
201
201
202
202
203
204
204
204
205
206
207
207
207
208
208
209
209
209
210
210
211
211
211
212
212
213
213
213
213
213
214
214
214
214
215
215
216
216
216
216
217
217
218
218
219
219
219
220
221
221
221
222
222
223
223
223
224
224
225
225
225
225
226
226
226
227
227
228
229
229
229
230
231
231
232
232
233
233
233
234
235
235
235
235
236
236
237
237
237
238
238
239
239
240
241
241
241
241
242
242
242
243
243
244
245
245
245
246
247
247
248
248
249
249
249
250
250
250
250
251
251
251
252
252
253
253
253
254
254
255
255
256
256
257
257
257
257
258
258
259
259
260
261
261
262
263
264
264
264
264
265
265
266
266
267
267
268
268
269
269
270
270
270
271
271
271
272
273
273
274
274
274
275
275
275
276
277
277
278
278
278
279
279
280
280
280
281
281
281
282
283
283
284
284
285
285
285
285
286
286
287
288
288
289
289
289
289
290
291
291
291
292
293
293
293
294
294
294
295
295
296
296
298
298
298
299
300
300
301
301
302
302
303
303
303
304
304
305
305
306
306
306
307
307
307
308
309
309
310
310
310
311
311
312
312
312
313
313
313
314
315
315
315
316
316
316
317
318
318
319
319
319
320
320
321
321
321
322
322
322
323
324
324
324
325
325
326
326
326
327
327
328
328
328
328
329
329
329
330
330
331
332
332
332
333
333
334
334
334
335
335
336
336
336
337
337
338
338
338
339
339
339
340
340
340
340
341
341
342
342
342
342
343
343
344
345
345
346
346
347
347
347
348
349
349
350
351
351
352
352
353
353
354
354
355
355
356
356
357
357
358
358
359
359
359
360
360
361
361
361
362
362
362
363
364
364
365
365
365
366
366
367
367
367
368
368
368
369
369
370
371
371
371
372
373
373
374
374
374
375
375
376
376
377
378
378
378
379
380
380
380
381
381
381
382
382
382
382
383
384
384
385
385
385
386
386
386
387
387
388
388
389
390
390
391
391
391
391
392
392
393
393
394
394
395
395
395
395
396
396
397
397
398
398
398
399
400
400
401
401
401
402
402
403
403
404
404
404
405
405
407
407
407
407
408
408
408
409
409
409
410
411
411
412
412
412
413
414
414
414
415
415
416
416
416
417
418
418
418
419
419
420
421
421
422
422
423
423
424
424
425
425
425
426
426
427
427
428
429
429
430
430
430
431
431
432
432
432
432
433
434
435
435
436
436
436
436
437
437
437
438
438
439
440
440
440
441
441
442
442
442
442
443
443
443
444
444
444
445
445
446
446
447
447
448
448
448
448
449
449
450
450
451
452
452
453
453
454
454
454
455
456
456
456
457
457
458
458
458
458
459
459
460
460
461
461
461
462
463
463
464
464
464
465
466
466
466
466
467
467
467
467
467
468
468
468
468
469
469
469
470
470
471
471
472
472
473
473
473
473
474
475
476
476
477
477
477
478
478
479
479
479
480
480
480
481
482
482
482
483
483
483
484
485
486
486
487
487
487
488
488
489
489
489
490
490
491
491
491
491
492
492
493
493
494
494
495
495
496
496
496
496
497
497
498
498
499
499
499
500
501
501
502
502
502
503
503
504
504
504
505
505
505
506
507
507
507
508
508
509
509
509
509
510
510
510
511
511
512
512
513
513
513
514
514
515
515
516
517
517
518
518
518
519
519
520
520
520
521
521
522
522
522
522
523
524
525
525
527
528
529
530
530
530
530
531
531
532
532
532
533
533
533
534
534
534
535
535
535
535
536
536
536
537
537
538
538
538
539
540
540
540
541
541
542
542
543
544
544
544
545
545
546
546
547
548
548
548
549
549
550
550
550
551
551
552
552
552
552
553
553
553
554
554
555
556
556
556
557
557
558
558
558
559
560
560
560
561
561
561
562
562
563
564
565
566
566
566
567
567
567
568
568
568
569
569
570
570
570
571
571
571
571
572
572
573
574
574
574
575
576
576
576
577
577
577
577
578
578
579
580
580
580
581
582
582
583
583
584
584
584
585
585
586
586
586
586
587
588
588
588
589
590
590
591
591
592
592
592
592
593
593
594
594
594
595
596
596
596
596
597
597
598
599
599
599
600
600
600
601
602
602
603
603
603
603
604
605
605
605
605
606
607
607
607
608
608
608
609
609
610
610
611
612
613
613
613
614
614
614
615
615
615
616
617
617
617
618
619
619
619
620
620
620
621
621
623
623
624
624
625
625
625
625
626
626
627
627
628
628
629
629
629
630
630
630
631
632
632
633
633
633
634
634
634
635
636
636
636
637
638
638
638
639
640
640
641
641
642
642
643
643
644
644
645
645
646
646
646
647
648
648
649
649
650
650
651
651
652
652
652
653
654
654
654
654
655
655
656
656
656
657
657
658
658
659
660
660
660
660
661
661
661
662
662
662
663
664
664
665
665
666
666
667
667
668
668
668
669
670
671
671
671
672
672
673
673
673
674
674
675
675
675
675
676
676
676
677
677
678
679
679
679
680
680
681
681
681
682
682
682
683
684
684
684
685
686
686
687
687
688
688
688
689
690
690
691
691
691
692
692
693
693
693
693
694
694
695
695
696
696
697
698
698
699
699
700
701
701
701
701
702
702
702
703
703
704
704
705
705
706
706
706
706
707
707
707
708
708
709
710
710
711
711
711
711
712
712
713
713
714
714
714
715
716
716
717
717
717
718
718
719
719
719
720
720
720
721
722
722
722
723
723
724
724
724
725
725
726
726
726
726
727
727
727
728
728
729
730
730
731
731
732
732
732
733
734
734
735
735
736
736
736
737
738
738
738
739
740
740
741
741
742
742
742
743
744
744
744
744
745
745
746
746
746
747
747
748
748
749
750
750
750
750
751
751
751
752
752
753
754
754
754
755
755
756
756
756
757
757
758
758
758
758
759
759
759
760
760
761
762
762
762
762
763
763
763
764
764
765
766
766
766
767
767
768
768
768
769
769
770
770
770
771
771
772
772
772
773
773
773
774
774
775
775
775
776
776
776
777
777
778
778
778
778
779
779
780
780
780
781
781
781
782
782
783
783
783
784
784
784
785
785
786
786
786
786
787
787
788
788
789
791
792
793
794
795
796
796
796
797
797
797
798
798
799
799
799
800
800
800
801
801
802
802
802
802
803
803
804
805
806
807
808
808
808
809
809
809
810
811
812
813
814
815
816
816
817
817
818
818
819
819
819
819
820
820
821
821
822
823
823
824
824
824
825
825
826
826
826
826
827
827
827
828
828
828
829
829
830
830
830
831
831
831
832
833
833
834
834
834
835
835
836
836
836
837
837
837
838
839
839
840
840
840
841
841
842
842
842
842
843
843
843
844
844
844
845
845
846
846
846
846
847
847
848
848
848
849
850
850
850
851
851
851
851
852
852
853
853
853
853
854
855
855
856
856
857
857
857
857
858
859
860
860
860
861
861
862
863
863
863
863
864
864
864
865
865
866
866
867
868
868
869
869
869
870
870
871
871
871
872
872
873
873
873
873
874
874
874
875
875
875
876
876
877
877
877
877
878
878
879
879
879
880
881
881
881
882
883
883
884
885
885
886
887
887
888
888
889
890
890
890
891
891
892
893
893
893
893
894
894
894
895
895
896
897
897
897
898
898
899
899
899
899
900
900
900
901
901
902
902
902
903
904
904
904
905
905
906
907
907
908
908
908
909
910
910
910
911
912
912
912
913
913
913
914
914
915
915
916
916
917
917
917
917
918
918
918
919
919
920
921
921
922
922
922
923
923
924
924
924
926
926
926
926
927
928
928
928
929
929
930
930
931
931
932
933
933
933
934
934
934
935
936
936
937
937
938
938
938
938
939
939
939
940
940
941
942
942
942
943
943
944
944
944
944
945
945
946
947
948
948
949
949
950
950
950
950
951
951
952
952
953
953
953
954
954
955
955
955
956
956
956
957
957
958
958
959
959
960
960
961
962
962
962
963
963
964
964
964
965
965
966
966
966
966
967
967
967
968
968
968
969
970
970
970
971
971
971
972
973
974
974
974
975
975
975
976
977
977
977
978
978
978
978
979
979
980
980
981
981
982
983
983
984
984
984
985
985
986
986
986
987
988
988
988
989
989
989
990
990
990
990
991
991
992
993
993
994
994
995
996
996
997
997
997
998
998
998
999
1000
1000
1000
1001
1002
1002
1002
1003
1003
1003
1004
1005
1005
1005
1006
1006
1007
1007
1007
1007
1008
1009
1009
1009
1011
1011
1012
1013
1013
1013
1014
1015
1015
1016
1016
1017
1017
1019
1019
1020
1020
1020
1020
1020
1021
1021
1022
1022
1023
1023
1024
1024
1024
1024
1025
1026
1026
1027
1027
1028
1030
1030
1030
1031
1031
1033
1033
1034
1034
1035
1036
1037
1038
1038
1038
1039
1039
1039
1040
1040
1041
1041
1041
1042
1042
1042
1043
1043
1044
1044
1044
1044
1045
1045
1046
1046
1046
1047
1047
1047
1048
1048
1049
1049
1049
1049
1050
1050
1051
1051
1051
1052
1052
1052
1053
1053
1054
1054
1055
1056
1056
1056
1057
1057
1057
1058
1058
1059
1059
1059
1059
1060
1060
1060
1061
1061
1062
1062
1062
1063
1063
1063
1064
1065
1065
1066
1066
1067
1067
1067
1067
1068
1068
1068
1069
1069
1070
1071
1071
1071
1072
1072
1073
1073
1074
1074
1075
1075
1076
1076
1077
1077
1077
1077
1078
1078
1078
1079
1079
1079
1080
1080
1081
1082
1083
1083
1083
1084
1084
1085
1085
1085
1085
1086
1086
1087
1087
1088
1088
1089
1089
1089
1089
1090
1090
1090
1091
1091
1092
1093
1093
1093
1094
1094
1095
1095
1095
1095
1095
1096
1096
1096
1096
1097
1097
1097
1097
1098
1098
1098
1099
1100
1101
1102
1103
1104
1104
1105
1105
1106
1106
1106
1107
1107
1108
1108
1108
1109
1109
1110
1110
1110
1110
1111
1111
1111
1112
1112
1113
1114
1114
1114
1115
1115
1116
1116
1116
1117
1117
1118
1118
1118
1118
1119
1119
1119
1120
1120
1120
1121
1121
1122
1122
1123
1123
1124
1124
1124
1125
1125
1126
1126
1126
1127
1127
1127
1128
1129
1130
1130
1130
1131
1131
1132
1133
1133
1133
1134
1135
1135
1136
1136
1137
1137
1137
1138
1139
1140
1140
1140
1141
1141
1142
1142
1142
1143
1143
1144
1144
1144
1144
1145
1145
1145
1146
1146
1147
1147
1148
1148
1149
1149
1149
1150
1150
1150
1150
1150
1151
1152
1152
1152
1153
1154
1155
1155
1156
1156
1156
1157
1157
1157
1157
1158
1158
1159
1160
1160
1160
1161
1162
1162
1162
1163
1163
1163
1164
1164
1165
1165
1166
1167
1168
1168
1169
1169
1170
1170
1170
1170
1171
1171
1172
1173
1173
1173
1174
1174
1175
1175
1175
1176
1176
1177
1177
1178
1179
1179
1179
1179
1180
1180
1181
1181
1181
1182
1182
1182
1183
1184
1184
1185
1185
1185
1186
1186
1187
1187
1187
1188
1188
1189
1189
1190
1190
1191
1192
1192
1193
1193
1194
1194
1194
1195
1195
1195
1196
1196
1198
1198
1198
1199
1199
1199
1200
1200
1202
1202
1202
1202
1203
1203
1204
1205
1206
1206
1207
1207
1208
1208
1209
1209
1209
1210
1210
1210
1210
1211
1211
1211
1212
1213
1213
1213
1214
1214
1214
1214
1215
1215
1216
1216
1216
1218
1218
1218
1219
1219
1219
1221
1221
1222
1222
1222
1222
1223
1224
1224
1225
1225
1226
1226
1227
1227
1228
1228
1228
1229
1229
1229
1230
1230
1231
1231
1232
1232
1233
1233
1234
1234
1234
1234
1234
1235
1235
1235
1235
1236
1236
1236
1236
1237
1237
1237
1237
1238
1238
1238
1238
1239
1239
1239
1240
1241
1241
1241
1242
1242
1243
1243
1243
1243
1244
1244
1245
1245
1245
1246
1246
1246
1247
1247
1249
1249
1250
1251
1251
1252
1253
1253
1253
1253
1254
1254
1255
1255
1255
1255
1256
1256
1256
1257
1257
1257
1258
1258
1259
1259
1260
1260
1261
1262
1262
1262
1263
1264
1264
1265
1265
1266
1266
1266
1267
1268
1268
1268
1268
1269
1269
1270
1270
1271
1271
1271
1271
1272
1272
1273
1274
1274
1274
1275
1275
1275
1276
1277
1277
1278
1278
1278
1278
1279
1279
1280
1281
1281
1281
1282
1282
1283
1283
1284
1284
1285
1285
1285
1286
1286
1286
1287
1287
1288
1288
1289
1290
1290
1291
1292
1292
1293
1294
1294
1294
1296
1296
1296
1297
1297
1298
1298
1298
1299
1299
1299
1300
1301
1301
1301
1301
1302
1302
1303
1303
1303
1303
1304
1304
1304
1305
1305
1305
1306
1307
1308
1309
1309
1310
1310
1311
1311
1312
1312
1313
1313
1313
1313
1314
1314
1314
1315
1315
1317
1317
1318
1318
1318
1318
1319
1319
1319
1320
1320
1320
1321
1321
1321
1322
1322
1323
1323
1324
1324
1325
1326
1326
1326
1327
1327
1328
1328
1328
1329
1329
1330
1330
1330
1330
1331
1331
1332
1333
1333
1334
1334
1335
1336
1336
1336
1337
1337
1338
1338
1339
1339
1339
1340
1340
1341
1341
1342
1342
1342
1343
1344
1344
1345
1345
1346
1346
1347
1347
1347
1348
1349
1350
1351
1352
1352
1352
1353
1353
1354
1354
1354
1354
1355
1355
1356
1356
1357
1359
1360
1361
1362
1363
1364
1364
1364
1365
1365
1366
1366
1366
1366
1367
1367
1368
1368
1369
1369
1369
1370
1370
1371
1371
1371
1372
1372
1372
1373
1374
1374
1374
1374
1375
1375
1376
1376
1376
1377
1378
1378
1379
1379
1379
1380
1380
1381
1381
1381
1381
1382
1383
1383
1383
1384
1384
1385
1385
1385
1385
1386
1386
1386
1387
1387
1387
1388
1389
1389
1390
1390
1390
1391
1391
1392
1392
1392
1392
1393
1393
1394
1394
1394
1396
1396
1396
1397
1397
1397
1398
1399
1399
1399
1399
1399
1400
1400
1400
1401
1401
1402
1402
1402
1402
1403
1403
1403
1404
1404
1404
1405
1405
1406
1406
1406
1407
1407
1408
1408
1410
1410
1411
1411
1412
1412
1413
1413
1413
1414
1415
1415
1415
1416
1416
1416
1417
1417
1417
1418
1418
1418
1419
1419
1419
1419
1420
1420
1421
1421
1422
1422
1423
1424
1424
1425
1425
1426
1427
1427
1427
1427
1428
1428
1428
1429
1429
1429
1430
1430
1431
1431
1431
1431
1432
1432
1433
1433
1434
1434
1435
1435
1435
1436
1436
1436
1437
1437
1438
1438
1438
1438
1439
1439
1440
1440
1440
1441
1442
1442
1443
1443
1444
1444
1444
1444
1445
1445
1446
1446
1447
1447
1448
1448
1448
1448
1449
1449
1450
1451
1452
1452
1452
1453
1453
1453
1454
1454
1454
1454
1455
1455
1456
1456
1457
1457
1457
1458
1459
1459
1459
1460
1460
1461
1461
1461
1462
1462
1463
1463
1463
1464
1465
1465
1465
1465
1466
1466
1468
1468
1469
1469
1470
1470
1470
1470
1471
1471
1472
1472
1472
1473
1474
1474
1475
1475
1475
1476
1476
1476
1478
1478
1478
1479
1479
1479
1480
1481
1481
1482
1482
1483
1483
1484
1484
1484
1485
1486
1486
1487
1487
1488
1488
1488
1488
1489
1489
1489
1490
1490
1491
1492
1492
1492
1493
1493
1494
1494
1494
1495
1495
1496
1496
1496
1497
1497
1498
1498
1498
1499
1499
1500
1501
1501
1502
1502
1503
1503
1504
1504
1504
1505
1505
1505
1506
1506
1507
1507
1508
1509
1509
1510
1510
1511
1511
1511
1512
1513
1513
1514
1514
1515
1515
1515
1515
1516
1516
1517
1517
1518
1518
1519
1519
1519
1520
1521
1521
1522
1522
1523
1523
1523
1523
1524
1524
1525
1525
1526
1526
1527
1527
1528
1528
1529
1529
1529
1530
1530
1530
1531
1531
1532
1532
1533
1533
1534
1534
1534
1534
1535
1535
1535
1536
1536
1537
1538
1538
1538
1539
1540
1540
1541
1541
1541
1542
1542
1543
1543
1543
1543
1544
1544
1545
1545
1545
1546
1546
1546
1547
1548
1548
1549
1549
1549
1550
1550
1551
1551
1551
1552
1552
1553
1554
1554
1554
1555
1556
1556
1557
1557
1558
1558
1559
1559
1560
1560
1560
1561
1562
1562
1562
1563
1564
1564
1565
1565
1566
1566
1566
1567
1568
1568
1568
1569
1570
1570
1571
1571
1572
1572
1573
1573
1573
1574
1574
1575
1576
1576
1576
1577
1578
1578
1579
1579
1580
1580
1580
1581
1581
1582
1582
1582
1583
1584
1584
1585
1585
1586
1586
1586
1586
1587
1587
1588
1588
1588
1589
1589
1589
1590
1590
1591
1591
1592
1592
1592
1592
1593
1593
1593
1594
1594
1595
1596
1596
1596
1596
1597
1597
1597
1598
1598
1599
1600
1600
1600
1601
1601
1602
1602
1602
1603
1603
1604
1604
1604
1605
1605
1606
1606
1606
1606
1607
1607
1607
1608
1608
1609
1609
1609
1609
1610
1610
1611
1611
1612
1612
1612
1613
1614
1614
1615
1616
1616
1616
1616
1617
1617
1617
1618
1618
1619
1620
1620
1621
1621
1621
1621
1622
1622
1623
1623
1623
1624
1624
1624
1625
1626
1626
1627
1627
1627
1628
1628
1629
1629
1629
1630
1630
1631
1632
1632
1633
1633
1634
1634
1635
1635
1636
1636
1637
1637
1638
1638
1638
1639
1640
1640
1640
1641
1641
1641
1642
1642
1642
1644
1644
1645
1645
1646
1646
1646
1647
1647
1647
1648
1649
1649
1649
1649
1650
1650
1650
1650
1650
1651
1651
1651
1651
1652
1652
1652
1653
1653
1653
1654
1655
1655
1656
1656
1657
1657
1657
1658
1659
1659
1660
1660
1660
1661
1662
1662
1663
1663
1664
1664
1665
1665
1665
1666
1666
1667
1667
1668
1669
1669
1669
1670
1670
1671
1671
1671
1672
1672
1673
1673
1674
1674
1674
1675
1675
1676
1676
1676
1676
1677
1677
1678
1679
1679
1680
1680
1680
1681
1681
1682
1682
1682
1682
1683
1683
1684
1685
1686
1686
1686
1687
1687
1688
1688
1688
1689
1690
1690
1690
1691
1691
1691
1692
1692
1692
1693
1693
1693
1694
1694
1694
1695
1695
1695
1696
1696
1696
1697
1697
1698
1698
1699
1700
1701
1703
1703
1705
1706
1707
1707
1708
1708
1709
1710
1710
1711
1711
1712
1713
1713
1713
1714
1714
1714
1715
1715
1716
1716
1716
1717
1717
1717
1718
1718
1719
1719
1719
1719
1720
1720
1721
1722
1723
1724
1725
1725
1725
1725
1725
1726
1726
1726
1727
1727
1728
1728
1728
1729
1729
1730
1730
1730
1730
1731
1732
1732
1733
1733
1733
1734
1734
1735
1735
1736
1737
1737
1738
1739
1739
1740
1741
1741
1742
1743
1743
1744
1745
1745
1746
1747
1747
1747
1748
1748
1748
1749
1749
1750
1751
1751
1751
1752
1752
1753
1753
1753
1754
1755
1755
1756
1756
1757
1757
1757
1758
1759
1759
1759
1760
1760
1760
1761
1761
1761
1762
1762
1763
1763
1764
1764
1764
1765
1765
1766
1766
1766
1767
1767
1767
1768
1768
1768
1769
1770
1771
1772
1773
1774
1774
1776
1776
1776
1776
1777
1777
1778
1778
1778
1778
1779
1779
1780
1780
1780
1780
1781
1782
1783
1783
1783
1784
1784
1784
1785
1785
1785
1786
1786
1786
1787
1787
1788
1788
1789
1789
1790
1790
1790
1790
1791
1791
1791
1792
1792
1793
1794
1794
1795
1796
1796
1796
1797
1797
1797
1798
1798
1799
1800
1800
1800
1800
1801
1801
1801
1802
1802
1803
1804
1804
1804
1805
1805
1806
1806
1806
1807
1807
1808
1808
1808
1808
1808
1809
1810
1810
1810
1811
1811
1812
1812
1813
1813
1814
1815
1816
1816
1816
1817
1817
1817
1818
1819
1819
1820
1820
1820
1821
1821
1822
1822
1822
1822
1823
1823
1824
1824
1824
1825
1825
1825
1826
1827
1827
1828
1828
1829
1829
1829
1829
1830
1830
1831
1831
1832
1832
1833
1833
1833
1834
1835
1835
1836
1836
1837
1837
1837
1838
1839
1839
1839
1840
1840
1840
1840
1841
1841
1842
1842
1842
1843
1844
1844
1844
1844
1845
1845
1847
1847
1847
1848
1849
1849
1850
1850
1851
1851
1851
1852
1852
1852
1853
1854
1854
1855
1855
1855
1856
1856
1856
1856
1857
1858
1858
1858
1858
1859
1859
1860
1860
1860
1861
1861
1861
1862
1863
1864
1864
1865
1865
1865
1866
1867
1867
1868
1868
1868
1869
1869
1870
1870
1870
1870
1871
1872
1872
1872
1872
1873
1873
1874
1874
1875
1875
1875
1875
1876
1876
1876
1877
1877
1877
1878
1878
1878
1879
1879
1879
1880
1880
1880
1881
1881
1881
1882
1882
1883
1884
1885
1886
1887
1888
1889
1890
1891
1891
1891
1892
1892
1892
1893
1894
1894
1895
1895
1896
1896
1897
1897
1898
1899
1899
1899
1900
1900
1900
1901
1902
1902
1903
1903
1903
1904
1904
1905
1905
1905
1906
1906
1906
1907
1907
1907
1908
1908
1909
1910
1910
1911
1911
1911
1911
1912
1913
1913
1914
1914
1914
1915
1915
1915
1915
1916
1917
1917
1918
1918
1919
1919
1920
1920
1921
1921
1922
1922
1923
1923
1924
1924
1925
1925
1926
1926
1926
1927
1927
1928
1928
1928
1928
1929
1929
1930
1931
1931
1932
1932
1932
1933
1933
1933
1934
1934
1934
1934
1935
1936
1936
1936
1936
1937
1937
1937
1938
1938
1939
1939
1940
1940
1940
1941
1941
1942
1942
1942
1943
1943
1943
1944
1945
1945
1945
1945
1946
1947
1947
1947
1948
1948
1949
1949
1949
1949
1950
1950
1951
1951
1951
1951
1952
1952
1952
1953
1953
1953
1954
1954
1954
1955
1955
1955
1956
1956
1957
1957
1957
1958
1958
1958
1958
1959
1960
1960
1960
1960
1961
1961
1963
1963
1964
1964
1964
1965
1965
1966
1966
1966
1966
1967
1967
1967
1968
1968
1968
1969
1969
1970
1970
1970
1971
1971
1972
1972
1973
1973
1974
1974
1974
1974
1975
1975
1976
1976
1977
1978
1978
1979
1979
1980
1980
1980
1981
1982
1982
1983
1983
1984
1984
1984
1985
1985
1986
1986
1986
1987
1987
1988
1988
1988
1989
1989
1990
1990
1990
1991
1992
1992
1993
1993
1993
1994
1994
1995
1995
1995
1996
1996
1996
1996
1997
1997
1997
1998
1998
1998
1999
1999
2000
2000
2000
2001
2001
2001
2002
2003
2003
2004
2004
2004
2005
2005
2006
2006
2006
2007
2007
2007
2008
2009
2009
2010
2010
2010
2011
2011
2012
2012
2012
2012
2013
2013
2013
2014
2014
2014
2015
2015
2016
2016
2016
2016
2017
2018
2018
2018
2019
2019
2021
2022
2022
2023
2023
2023
2023
2024
2024
2025
2025
2026
2026
2026
2027
2028
2029
2029
2029
2030
2030
2031
2031
2031
2031
2031
2032
2032
2032
2032
2033
2033
2034
2034
2034
2034
2035
2035
2036
2036
2037
2037
2037
2038
2039
2039
2039
2039
2040
2041
2041
2042
2042
2042
2043
2043
2045
2045
2045
2046
2046
2048
2048
2049
2050
2050
2051
2051
2052
2052
2053
2053
2054
2054
2054
2055
2055
2056
2056
2056
2056
2057
2057
2058
2058
2058
2059
2059
2060
2060
2061
2062
2062
2063
2064
2064
2065
2066
2066
2067
2068
2068
2069
2070
2070
2070
2071
2072
2073
2073
2074
2074
2075
2076
2076
2076
2077
2077
2077
2078
2078
2078
2079
2079
2079
2080
2080
2080
2081
2082
2082
2083
2083
2083
2084
2084
2085
2085
2085
2086
2086
2086
2087
2088
2088
2088
2088
2089
2089
2090
2090
2091
2091
2092
2092
2093
2093
2094
2094
2094
2094
2095
2095
2095
2096
2096
2096
2097
2097
2098
2098
2098
2099
2099
2101
2101
2102
2102
2103
2103
2103
2104
2105
2105
2106
2106
2106
2107
2107
2107
2107
2108
2109
2109
2109
2110
2110
2111
2111
2112
2113
2113
2114
2114
2115
2115
2116
2116
2117
2117
2117
2117
2118
2118
2119
2120
2120
2121
2121
2121
2122
2122
2123
2123
2124
2124
2124
2125
2125
2126
2126
2126
2126
2127
2127
2128
2128
2128
2129
2129
2130
2130
2130
2131
2131
2132
2132
2132
2133
2133
2134
2134
2136
2137
2138
2138
2139
2140
2140
2141
2141
2141
2143
2143
2144
2144
2144
2145
2145
2145
2146
2146
2147
2147
2147
2148
2148
2148
2149
2149
2150
2150
2150
2150
2151
2151
2153
2154
2154
2156
2156
2157
2157
2158
2158
2159
2159
2160
2160
2161
2162
2162
2163
2163
2164
2164
2165
2165
2166
2166
2167
2167
2168
2168
2169
2169
2170
2170
2170
2171
2171
2172
2173
2173
2173
2174
2174
2175
2175
2175
2176
2177
2177
2177
2178
2178
2178
2179
2179
2180
2181
2181
2181
2182
2182
2183
2183
2183
2184
2185
2185
2185
2186
2186
2186
2187
2187
2188
2189
2189
2190
2190
2191
2191
2191
2192
2193
2193
2194
2194
2194
2195
2195
2195
2196
2196
2196
2197
2197
2197
2197
2197
2198
2198
2198
2198
2199
2199
2199
2199
2200
2200
2200
2201
2201
2202
2202
2202
2203
2203
2204
2204
2204
2204
2205
2206
2206
2207
2207
2207
2208
2208
2209
2209
2210
2210
2210
2210
2211
2212
2212
2212
2213
2213
2214
2214
2214
2215
2215
2216
2217
2217
2217
2218
2219
2219
2220
2220
2221
2221
2221
2221
2222
2222
2222
2223
2223
2223
2224
2224
2224
2225
2225
2225
2226
2226
2226
2226
2226
2227
2227
2227
2227
2228
2229
2230
2230
2230
2231
2231
2231
2232
2233
2234
2235
2235
2236
2236
2237
2237
2238
2238
2238
2238
2239
2239
2240
2241
2241
2241
2242
2242
2242
2243
2243
2244
2245
2245
2245
2245
2246
2246
2246
2247
2247
2248
2249
2249
2249
2249
2250
2250
2251
2251
2251
2251
2252
2252
2253
2253
2253
2255
2255
2256
2256
2256
2256
2257
2257
2258
2258
2259
2259
2259
2259
2260
2260
2261
2262
2262
2263
2263
2264
2264
2264
2265
2266
2266
2267
2267
2267
2268
2268
2268
2268
2269
2270
2271
2271
2272
2272
2272
2273
2274
2274
2274
2274
2275
2275
2275
2275
2275
2276
2276
2276
2276
2277
2277
2277
2278
2278
2278
2278
2279
2279
2280
2280
2280
2281
2281
2282
2282
2283
2283
2284
2284
2284
2284
2285
2285
2286
2287
2287
2288
2288
2289
2289
2289
2290
2290
2291
2292
2292
2292
2292
2293
2293
2294
2294
2295
2295
2296
2296
2296
2296
2297
2297
2298
2299
2299
2299
2300
2300
2300
2301
2302
2302
2302
2303
2303
2304
2304
2304
2304
2305
2306
2307
2308
2308
2308
2309
2309
2310
2310
2310
2311
2311
2312
2312
2312
2312
2313
2313
2313
2314
2314
2315
2316
2316
2316
2317
2317
2318
2318
2318
2319
2319
2320
2320
2320
2320
2321
2321
2321
2322
2322
2323
2324
2324
2325
2325
2326
2326
2327
2327
2328
2328
2329
2329
2330
2330
2331
2331
2332
2332
2333
2333
2334
2334
2334
2334
2335
2335
2336
2336
2337
2337
2338
2338
2338
2339
2339
2339
2339
2340
2340
2341
2342
2342
2342
2343
2343
2343
2344
2345
2345
2346
2346
2346
2347
2347
2348
2348
2348
2348
2349
2349
2349
2350
2350
2351
2352
2352
2353
2354
2354
2354
2355
2356
2356
2357
2357
2358
2358
2358
2358
2359
2359
2360
2360
2361
2361
2362
2362
2362
2362
2363
2363
2363
2364
2365
2365
2365
2365
2366
2366
2367
2367
2369
2369
2369
2370
2370
2371
2371
2372
2372
2372
2373
2373
2373
2373
2374
2374
2375
2376
2376
2376
2376
2376
2377
2377
2377
2378
2378
2379
2379
2379
2380
2380
2381
2381
2382
2382
2382
2383
2383
2384
2384
2385
2385
2386
2387
2387
2388
2388
2388
2389
2389
2390
2390
2391
2391
2392
2392
2393
2393
2393
2394
2394
2395
2395
2395
2396
2396
2397
2397
2397
2397
2398
2398
2398
2399
2399
2400
2401
2401
2401
2402
2402
2403
2403
2403
2404
2404
2405
2405
2406
2406
2407
2407
2407
2408
2408
2409
2410
2410
2411
2411
2411
2412
2413
2413
2413
2413
2414
2414
2414
2415
2415
2416
2417
2417
2417
2417
2418
2418
2418
2419
2419
2419
2420
2421
2421
2421
2422
2423
2423
2424
2424
2425
2425
2425
2425
2426
2427
2427
2428
2428
2428
2429
2430
2430
2431
2431
2432
2432
2432
2432
2433
2433
2434
2434
2434
2434
2435
2435
2435
2436
2436
2436
2437
2438
2438
2439
2439
2439
2440
2441
2441
2441
2442
2443
2443
2444
2444
2445
2445
2446
2446
2446
2447
2447
2448
2449
2449
2449
2450
2451
2451
2452
2452
2453
2454
2454
2455
2455
2455
2456
2456
2457
2457
2457
2458
2458
2458
2459
2460
2460
2461
2461
2461
2462
2462
2463
2463
2463
2463
2464
2464
2464
2465
2465
2465
2466
2466
2467
2467
2468
2468
2468
2469
2470
2470
2471
2471
2471
2472
2473
2473
2474
2474
2474
2475
2476
2476
2477
2477
2477
2478
2478
2479
2479
2480
2480
2480
2481
2482
2482
2483
2483
2484
2484
2485
2485
2486
2486
2486
2487
2487
2488
2488
2488
2489
2489
2490
2490
2490
2491
2492
2493
2493
2493
2494
2495
2495
2496
2496
2497
2497
2497
2497
2498
2498
2499
2499
2499
2500
2501
2501
2502
2502
2502
2502
2503
2503
2504
2504
2505
2505
2506
2506
2506
2507
2508
2508
2508
2509
2510
2510
2511
2511
2511
2512
2513
2513
2514
2514
2515
2515
2515
2516
2517
2517
2517
2517
2518
2518
2518
2519
2519
2519
2519
2519
2520
2520
2520
2520
2521
2521
2521
2522
2522
2522
2522
2523
2523
2524
2524
2525
2525
2526
2527
2527
2527
2528
2528
2529
2530
2530
2530
2531
2531
2532
2532
2532
2533
2534
2534
2534
2535
2535
2536
2536
2537
2537
2538
2538
2539
2539
2539
2539
2540
2540
2541
2542
2543
2543
2543
2544
2544
2544
2545
2545
2545
2545
2546
2546
2547
2548
2548
2549
2549
2550
2551
2551
2551
2552
2553
2554
2555
2555
2555
2556
2556
2557
2557
2558
2559
2559
2559
2560
2560
2560
2561
2561
2562
2563
2563
2563
2563
2564
2564
2564
2565
2565
2566
2566
2566
2567
2567
2568
2569
2569
2570
2570
2571
2571
2572
2572
2573
2573
2574
2574
2575
2575
2575
2575
2576
2576
2576
2577
2577
2578
2578
2579
2579
2579
2580
2580
2581
2581
2581
2582
2582
2582
2583
2584
2584
2585
2585
2585
2586
2586
2586
2586
2587
2587
2588
2588
2589
2589
2589
2590
2591
2591
2592
2592
2592
2592
2593
2593
2594
2594
2595
2595
2596
2596
2596
2597
2598
2598
2598
2598
2599
2599
2600
2600
2601
2601
2601
2602
2603
2603
2604
2604
2604
2605
2606
2606
2606
2606
2607
2607
2608
2608
2609
2609
2610
2610
2610
2610
2611
2611
2611
2612
2612
2613
2614
2614
2614
2615
2615
2616
2616
2617
2617
2618
2618
2619
2619
2620
2620
2620
2621
2621
2622
2622
2623
2624
2624
2625
2625
2626
2626
2626
2626
2627
2627
2628
2628
2628
2629
2629
2629
2630
2632
2632
2632
2633
2634
2634
2635
2635
2636
2636
2637
2637
2637
2638
2638
2639
2639
2639
2640
2640
2640
2641
2642
2642
2642
2642
2643
2643
2643
2644
2644
2645
2646
2646
2646
2647
2647
2648
2648
2648
2649
2649
2650
2651
2651
2651
2652
2652
2652
2653
2653
2653
2654
2654
2654
2655
2655
2655
2656
2656
2656
2656
2657
2657
2657
2658
2658
2659
2659
2659
2660
2661
2661
2662
2663
2663
2664
2665
2665
2666
2666
2667
2667
2667
2667
2668
2669
2669
2670
2670
2670
2671
2671
2673
2674
2675
2676
2677
2678
2679
2680
2681
2682
2683
2684
2685
2686
2687
2688
2688
2688
2688
2688
2689
2689
2689
2689
2690
2690
2690
2690
2691
2691
2691
2692
2692
2693
2693
2693
2694
2695
2695
2696
2696
2696
2697
2698
2698
2699
2699
2699
2700
2701
2701
2701
2702
2702
2702
2703
2704
2704
2704
2705
2705
2705
2707
2707
2708
2708
2708
2708
2709
2709
2710
2710
2710
2710
2711
2711
2712
2712
2712
2712
2713
2714
2714
2715
2715
2715
2716
2717
2717
2718
2718
2719
2719
2721
2721
2722
2722
2723
2723
2724
2724
2724
2725
2725
2726
2727
2727
2728
2728
2729
2729
2729
2729
2730
2730
2731
2731
2732
2732
2732
2733
2733
2734
2734
2734
2735
2735
2735
2735
2736
2736
2737
2737
2738
2738
2738
2739
2739
2740
2740
2741
2743
2743
2743
2743
2744
2744
2745
2746
2747
2748
2749
2749
2750
2750
2751
2751
2751
2752
2753
2754
2755
2755
2756
2756
2757
2757
2757
2757
2758
2758
2759
2759
2760
2760
2760
2761
2761
2762
2762
2762
2763
2763
2763
2763
2764
2764
2765
2765
2766
2766
2766
2767
2767
2768
2768
2768
2769
2769
2771
2771
2771
2771
2772
2772
2773
2774
2775
2776
2777
2777
2778
2778
2779
2779
2779
2780
2781
2782
2783
2783
2783
2783
2784
2784
2785
2785
2785
2786
2786
2786
2787
2787
2788
2790
2790
2791
2791
2791
2791
2792
2792
2793
2793
2794
2794
2794
2795
2796
2796
2797
2797
2797
2798
2798
2799
2799
2799
2800
2800
2800
2801
2802
2802
2802
2802
2803
2803
2803
2803
2804
2804
2804
2805
2805
2806
2806
2806
2807
2807
2807
2808
2808
2808
2809
2809
2810
2810
2810
2811
2811
2811
2811
2812
2812
2813
2813
2813
2813
2814
2814
2815
2816
2817
2817
2818
2818
2819
2819
2819
2819
2820
2820
2820
2821
2821
2821
2821
2822
2822
2822
2823
2823
2823
2824
2824
2825
2825
2825
2825
2826
2826
2826
2827
2827
2828
2828
2829
2830
2830
2831
2832
2833
2834
2834
2834
2835
2836
2836
2837
2837
2838
2838
2839
2839
2840
2840
2841
2841
2841
2841
2842
2843
2843
2844
2844
2844
2845
2846
2847
2848
2848
2849
2849
2851
2851
2853
2854
2857
2857
2858
2859
2859
2861
2861
2862
2863
2863
2863
2864
2864
2865
2865
2867
2867
2867
2868
2869
2869
2870
2870
2871
2871
2873
2873
2874
2875
2875
2875
2876
2876
2876
2876
2877
2877
2877
2878
2878
2879
2879
2879
2879
2880
2880
2881
2881
2881
2882
2883
2883
2884
2884
2885
2885
2886
2886
2886
2887
2887
2888
2888
2888
2889
2889
2889
2890
2891
2891
2892
2892
2893
2894
2894
2894
2894
2895
2895
2895
2895
2895
2896
2896
2896
2896
2897
2897
2897
2898
2898
2899
2899
2899
2900
2901
2901
2902
2902
2903
2903
2903
2904
2905
2905
2906
2906
2907
2907
2907
2908
2908
2908
2908
2909
2909
2910
2910
2911
2911
2911
2912
2913
2913
2913
2914
2914
2915
2915
2915
2915
2916
2916
2916
2917
2917
2918
2918
2918
2918
2919
2919
2920
2920
2921
2921
2921
2922
2923
2923
2923
2924
2924
2925
2926
2926
2926
2927
2927
2928
2929
2929
2929
2930
2931
2931
2931
2932
2932
2932
2933
2933
2935
2935
2936
2936
2937
2938
2938
2939
2939
2940
2940
2941
2942
2942
2943
2943
2944
2944
2944
2945
2946
2946
2946
2947
2947
2948
2948
2948
2949
2949
2950
2950
2950
2950
2951
2951
2951
2952
2952
2953
2954
2954
2954
2955
2956
2956
2956
2956
2957
2957
2957
2958
2959
2959
2960
2960
2960
2961
2962
2962
2962
2963
2963
2963
2964
2965
2965
2966
2966
2966
2967
2967
2969
2969
2969
2970
2970
2971
2971
2971
2971
2972
2972
2973
2974
2974
2976
2976
2977
2977
2977
2978
2978
2979
2979
2979
2979
2980
2980
2981
2981
2982
2982
2983
2983
2983
2984
2984
2985
2985
2985
2985
2986
2986
2987
2987
2988
2988
2989
2989
2989
2989
2990
2990
2990
2991
2992
2992
2992
2993
2994
2994
2996
2996
2996
2997
2997
2997
2998
2998
2999
2999
3000
3000
3001
3001
3001
3001
3002
3002
3002
3003
3003
3004
3005
3005
3005
3005
3006
3006
3006
3007
3007
3007
3008
3008
3009
3009
3010
3011
3011
3011
3012
3012
3013
3015
3015
3016
3016
3017
3017
3017
3018
3019
3019
3019
3020
3020
3020
3021
3021
3021
3023
3024
3025
3025
3025
3026
3026
3026
3027
3027
3028
3028
3030
3030
3030
3031
3031
3032
3032
3032
3033
3034
3035
3036
3036
3037
3037
3038
3038
3038
3038
3039
3039
3040
3041
3042
3042
3043
3043
3043
3044
3044
3045
3045
3045
3046
3046
3046
3047
3048
3048
3048
3049
3049
3049
3050
3051
3051
3051
3052
3052
3052
3053
3053
3055
3055
3055
3056
3056
3057
3057
3057
3057
3058
3058
3059
3059
3060
3060
3061
3061
3061
3061
3062
3062
3062
3063
3063
3063
3063
3063
3064
3064
3064
3064
3065
3065
3065
3066
3066
3066
3067
3068
3068
3069
3070
3070
3071
3071
3072
3072
3073
3073
3073
3073
3074
3074
3075
3075
3076
3076
3077
3077
3077
3078
3078
3078
3079
3079
3080
3080
3080
3081
3082
3082
3083
3083
3083
3084
3084
3086
3086
3086
3087
3087
3088
3088
3089
3090
3090
3090
3091
3091
3092
3092
3092
3093
3094
3095
3095
3095
3095
3096
3096
3097
3097
3097
3098
3098
3099
3100
3100
3101
3101
3102
3102
3103
3103
3105
3105
3105
3105
3105
3106
3106
3106
3107
3107
3107
3108
3108
3109
3109
3109
3110
3110
3111
3112
3112
3113
3113
3114
3114
3115
3115
3115
3116
3117
3117
3117
3118
3118
3118
3119
3119
3119
3120
3121
3121
3122
3122
3122
3123
3123
3124
3124
3124
3124
3125
3125
3126
3126
3126
3126
3126
3127
3127
3127
3128
3128
3129
3129
3129
3130
3131
3131
3132
3132
3132
3133
3134
3134
3134
3135
3135
3136
3136
3136
3137
3137
3137
3138
3138
3138
3139
3139
3139
3139
3140
3140
3140
3141
3142
3142
3142
3142
3143
3144
3144
3144
3145
3145
3145
3146
3146
3148
3148
3149
3149
3149
3150
3150
3151
3151
3152
3152
3154
3154
3154
3155
3156
3156
3156
3157
3158
3158
3159
3159
3160
3160
3160
3161
3162
3162
3164
3164
3164
3164
3165
3165
3166
3166
3166
3167
3167
3167
3168
3168
3170
3170
3171
3171
3171
3172
3172
3173
3173
3173
3173
3174
3174
3174
3175
3175
3175
3176
3176
3177
3177
3177
3177
3178
3178
3178
3179
3179
3180
3180
3181
3182
3182
3183
3184
3185
3186
3186
3187
3187
3187
3188
3188
3189
3189
3189
3190
3190
3190
3191
3191
3191
3192
3192
3193
3193
3194
3194
3195
3195
3196
3196
3197
3198
3200
3200
3201
3202
3202
3202
3203
3203
3204
3204
3205
3205
3206
3207
3207
3208
3208
3209
3209
3210
3210
3210
3211
3211
3212
3213
3213
3213
3213
3214
3214
3214
3215
3215
3216
3216
3217
3217
3218
3219
3219
3219
3220
3220
3220
3221
3222
3222
3222
3222
3223
3223
3223
3224
3224
3225
3226
3226
3226
3226
3227
3227
3227
3228
3228
3229
3229
3230
3231
3231
3231
3232
3232
3232
3233
3233
3233
3234
3234
3235
3235
3236
3236
3237
3237
3238
3238
3238
3239
3239
3240
3242
3242
3243
3244
3244
3245
3246
3246
3246
3247
3248
3249
3249
3250
3250
3250
3251
3251
3252
3252
3252
3253
3253
3254
3254
3254
3254
3255
3255
3256
3256
3257
3257
3258
3258
3259
3259
3259
3259
3260
3260
3261
3261
3262
3262
3262
3263
3264
3264
3265
3265
3265
3266
3266
3267
3267
3268
3268
3270
3270
3270
3271
3271
3271
3272
3272
3273
3273
3274
3275
3275
3275
3276
3276
3276
3277
3277
3278
3279
3279
3280
3280
3280
3281
3282
3282
3282
3283
3283
3283
3284
3284
3284
3284
3285
3285
3286
3286
3287
3287
3288
3289
3289
3290
3290
3291
3291
3292
3292
3293
3293
3293
3294
3295
3295
3295
3295
3296
3296
3296
3297
3297
3297
3298
3298
3299
3299
3300
3301
3301
3301
3301
3302
3302
3302
3303
3303
3304
3305
3305
3305
3305
3306
3306
3306
3307
3307
3308
3309
3309
3310
3311
3311
3312
3313
3313
3313
3314
3314
3314
3315
3315
3316
3316
3316
3316
3317
3317
3318
3318
3318
3319
3319
3319
3320
3320
3320
3321
3321
3322
3322
3322
3322
3323
3323
3324
3325
3325
3326
3327
3327
3328
3329
3329
3330
3330
3331
3331
3331
3332
3333
3333
3334
3335
3337
3337
3338
3339
3339
3340
3340
3341
3341
3342
3342
3343
3345
3345
3346
3346
3347
3347
3348
3349
3350
3351
3352
3353
30
7
6
5
8
9
4
29
28
31
32
27
26
33
34
25
24
35
36
23
10
37
38
22
39
40
21
20
41
42
19
18
17
16
11
15
12
13
3
14
2
1
0
0
5
4
3
0
2
3
12
11
10
4
9
10
28
27
26
25
24
23
22
21
20
19
18
11
17
22
37
23
36
74
69
45
46
43
43
48
45
46
51
54
59
60
47
47
57
58
60
59
63
68
68
69
71
74
76
75
75
79
80
85
134
83
82
81
81
86
82
90
83
98
84
84
101
102
103
104
85
102
103
104
137
144
105
145
105
106
106
148
149
107
107
117
108
108
115
116
123
124
109
126
109
110
111
110
156
111
157
167
160
130
131
122
173
114
113
178
179
112
140
141
144
149
151
150
161
163
162
162
193
163
194
170
166
227
222
267
266
171
208
209
223
226
231
230
187
186
172
187
189
184
186
172
183
197
197
205
198
204
198
199
199
262
200
263
200
212
217
216
215
214
393
394
213
230
234
238
237
242
243
253
254
259
258
251
252
246
236
231
233
236
246
248
247
249
252
397
396
395
402
403
250
250
251
265
265
270
266
271
267
275
287
288
268
278
268
269
269
281
292
303
299
304
299
315
320
410
285
287
270
284
288
289
292
293
300
300
307
377
376
301
310
301
302
302
313
375
375
385
376
382
377
381
303
380
330
325
326
329
334
333
321
321
323
318
320
315
317
337
508
339
338
343
338
345
339
348
341
342
353
340
354
508
374
355
359
355
356
356
362
572
575
357
365
357
369
368
369
372
372
373
373
586
585
598
578
601
374
570
403
454
453
404
408
413
410
412
422
421
420
409
409
415
433
432
431
438
437
457
418
420
416
421
429
422
663
423
423
424
664
424
665
441
657
656
661
662
673
672
677
676
752
747
680
655
458
459
450
446
449
444
445
465
460
443
442
442
443
444
445
466
681
686
685
745
746
751
906
541
478
469
470
474
468
479
492
484
487
490
467
470
471
474
475
484
485
486
487
491
495
497
497
496
503
504
504
506
501
503
496
500
509
510
511
514
514
513
518
521
521
518
522
523
531
531
532
532
538
539
540
545
546
558
557
562
550
549
554
553
702
703
708
707
820
701
700
695
694
561
534
565
533
564
534
533
566
567
568
567
568
692
693
818
819
847
849
823
825
571
572
575
576
577
578
589
589
593
590
592
637
628
627
615
616
590
598
599
600
601
602
602
606
603
606
607
614
616
615
620
618
618
619
619
625
626
629
970
627
630
628
634
972
629
637
639
639
963
964
976
973
740
739
645
644
643
642
641
640
640
667
641
668
642
731
643
732
644
735
645
736
724
723
728
727
763
764
767
768
919
914
760
755
756
759
911
907
904
906
745
903
686
688
685
689
652
651
649
646
710
712
712
711
718
719
719
721
716
718
711
715
739
743
740
742
771
1086
1085
1084
1091
913
918
772
777
775
777
772
774
778
779
787
780
785
783
785
780
782
786
803
796
801
799
801
796
798
802
809
825
847
829
830
835
828
827
836
841
826
842
843
844
845
882
881
889
890
894
852
846
846
850
852
880
851
876
876
1032
851
879
856
858
858
857
857
861
864
865
869
865
867
868
869
872
898
895
901
933
940
900
939
899
1053
943
945
944
874
1033
875
1031
875
874
1052
1057
1050
873
873
901
902
907
908
911
921
1108
1107
1112
1111
923
912
912
922
923
927
926
928
929
930
931
932
933
949
951
951
950
950
954
955
1022
956
956
957
957
958
958
959
959
960
960
961
961
981
984
991
990
971
972
973
974
975
976
977
977
987
987
1151
978
988
988
989
989
997
999
999
1006
1002
1161
1158
1205
1204
998
998
1007
1025
1022
1021
1016
1013
1012
1020
1025
1026
1038
1043
1041
1043
1038
1040
1044
1045
1355
1353
1046
1049
1353
1046
1048
1050
1348
1051
1058
1405
1060
1061
1062
1069
1068
1059
1061
1062
1072
1072
1364
1373
1368
1369
1372
1384
1374
1375
1131
1134
1116
1115
1090
1121
1073
1073
1099
1074
1100
1074
1075
1075
1076
1101
1076
1129
1094
1098
1125
1126
1097
1096
1174
1175
1095
1119
1142
1141
1120
1130
1146
1135
1191
1191
1193
1135
1137
1134
1138
1131
1145
1190
1189
1188
1240
1241
1244
1147
1146
1147
1169
1239
1238
1245
1254
1237
1148
1148
1250
1149
1251
1149
1230
1231
1156
1150
1157
1158
1161
1162
1178
1180
1181
1186
1179
1187
1187
1188
1189
1190
1194
1195
1198
1199
1204
1220
1205
1219
1206
1206
1212
1207
1210
1212
1207
1209
1213
1213
1221
1214
1221
1222
1229
1263
1230
1291
1231
1292
1235
1236
1297
1298
1302
1233
1232
1232
1306
1233
1305
1303
1304
1234
1255
1256
1257
1258
1327
1328
1337
1340
1473
1260
1259
1259
1310
1260
1312
1472
1475
1474
1480
1479
1506
1332
1335
1336
1341
1471
1500
1263
1269
1276
1273
1264
1264
1268
1265
1282
1265
1273
1274
1275
1276
1277
1277
1283
1283
1285
1278
1332
1333
1334
1335
1336
1341
1345
1342
1354
1379
1375
1377
1364
1378
1379
1385
1395
1396
1394
1386
1390
1386
1388
1389
1390
1401
1430
1400
1399
1401
1433
1415
1406
1412
1404
1403
1421
1426
1402
1413
1414
1415
1416
1416
1417
1420
1417
1418
1418
1419
1427
1429
1428
1428
1738
1429
1739
1639
1640
1641
1688
1648
1647
1746
1687
1436
1430
1434
1435
1436
1439
1439
1708
1711
1441
1441
1445
1442
1444
1442
1450
1450
1451
1451
1453
1452
1454
1464
1455
1455
1459
1456
1462
1456
1463
1463
1464
1465
1471
1481
1492
1491
1490
1495
1482
1482
1486
1483
1487
1483
1488
1489
1496
1542
1543
1544
1536
1531
1530
1535
1553
1529
1505
1501
1501
1503
1498
1500
1497
1504
1505
1512
1512
1835
1834
1827
1826
1521
1520
1513
1516
1513
1515
1520
1524
1521
1523
1528
1527
1527
1559
1528
1560
1838
1550
1545
1552
1553
1557
1529
1556
1551
1551
1552
1563
1563
1564
1567
1564
1566
1569
1569
1570
1577
1570
1576
1571
1571
1572
1578
1572
1579
1581
1590
1593
1594
1598
1601
1602
1597
1622
1618
1589
1588
1617
1631
1587
1585
1582
1587
1605
1610
1609
1608
1607
1989
1994
1606
1620
1631
1633
1623
1628
1970
1971
1621
1629
1629
1630
1630
1635
1969
1975
1976
1988
1987
2017
1968
1967
1654
1653
1659
1663
1674
1677
1680
1683
1649
1670
1671
1652
1651
1762
1765
1650
1653
1654
1655
1658
1659
1661
1662
1663
1673
1674
1677
1678
1679
1680
1683
1684
1691
1693
1744
1692
1741
1692
1693
1747
1748
1753
1752
1760
1761
1766
1767
1779
1782
1696
1759
1695
1758
1694
1755
1694
1695
1696
1713
1697
1720
1719
1718
1716
1718
1713
1715
1727
1731
1726
1725
1727
1728
1731
1732
1777
1777
1816
2065
2062
1820
1823
1779
1786
1787
1792
1791
1801
1802
1805
1806
1939
1926
1929
1943
1940
1954
1955
1956
1798
1785
1784
1797
1959
2047
1778
1783
1778
1815
1816
1818
1819
1820
1823
1962
1959
1824
1961
1824
1826
1830
1827
1829
1834
1862
1835
1861
1838
1839
1840
1841
1841
1843
1842
1842
1843
1844
1851
1853
1855
1853
1852
1852
1856
1859
1859
1860
1860
1869
1870
1873
1873
1893
1883
1883
1884
1917
1884
1918
1885
1885
1886
1919
1886
1920
1887
1887
1888
1921
1888
1922
1889
1889
1890
1923
1890
1924
1891
1891
1892
1892
1893
1897
1900
1909
1908
1894
1903
1894
1895
1895
1906
1907
1907
1908
1909
1911
1910
1914
1915
1925
1926
1929
1930
1931
1932
1932
2024
1933
1933
2021
1944
1946
1947
1950
1945
1951
1952
1953
1957
2052
2053
2055
1958
2046
2055
1958
1960
1965
1965
1966
1966
1967
1968
1969
1979
1980
1983
1984
1995
2015
2000
1999
1998
2005
1997
2006
2011
1996
2012
2013
2014
2016
2022
2024
2023
2040
2041
2041
2043
2040
2044
2023
2027
2030
2035
2034
2033
2032
2084
2085
2031
2056
2057
2122
2122
2125
2139
2121
2074
2070
2069
2066
2159
2164
2169
2170
2078
2077
2076
2076
2158
2077
2165
2078
2189
2079
2192
2079
2194
2175
2174
2179
2178
2195
2183
2182
2187
2186
2303
2384
2389
2394
2309
2310
2313
2314
2318
2317
2322
2321
2415
2402
2399
2398
2395
2301
2302
2383
2390
2390
2392
2381
2383
2302
2325
2299
2301
2080
2089
2089
2356
2355
2337
2336
2093
2092
2091
2090
2090
2098
2091
2102
2097
2096
2092
2111
2093
2114
2095
2094
2094
2095
2096
2097
2106
2107
2117
2118
2445
2444
2443
2442
2427
2419
2420
2125
2127
2129
2127
2126
2126
2130
2140
2152
2144
2149
2147
2149
2144
2146
2150
2151
2193
2194
2195
2216
2196
2215
2196
2213
2201
2205
2200
2199
2208
2211
2198
2197
2201
2202
2205
2206
2207
2208
2211
2212
2213
2214
2222
2232
2227
2228
2236
2239
2281
2285
2250
2247
2246
2243
2242
2260
2224
2265
2223
2262
2224
2223
2225
2225
2259
2258
2273
2251
2252
2226
2232
2234
2233
2235
2236
2239
2240
2266
2267
2272
2267
2650
2274
2293
2297
2278
2279
2280
2291
2292
2668
2669
2660
2659
2277
2276
2716
2717
2275
2281
2282
2285
2286
2293
2294
2297
2298
2335
2335
2336
2340
2337
2339
2338
2338
2342
2347
2378
2703
2703
2706
2378
2380
2345
2347
2342
2344
2348
2349
2350
2692
2697
2377
2495
2494
2371
2370
2355
2359
2356
2358
2365
2366
2368
2487
2368
2367
2367
2488
2369
2369
2370
2374
2371
2373
2372
2372
2698
2713
2376
2403
2414
2437
2410
2409
2404
2437
2439
2410
2440
2407
2409
2404
2406
2418
2423
2420
2424
2419
2430
2425
2426
2456
2457
2427
2431
2432
2433
2462
2463
2464
2465
2466
2467
2472
2435
2436
2473
2478
2479
2434
2434
2435
2436
2442
2450
2509
2507
2443
2449
2444
2451
2445
2452
2479
2515
2514
2483
2480
2494
2498
2495
2497
2502
2503
2541
2565
2504
2504
2546
2505
2545
2505
2552
2507
2512
2509
2511
2523
2524
2529
2522
2531
2530
2535
2536
2579
2578
2583
2582
2508
2508
2518
2594
2595
2521
2520
2600
2605
2519
2541
2542
2542
2564
2543
2543
2544
2544
2552
2556
2553
2555
2553
2563
2571
2572
2574
2572
2584
2587
2586
2585
2596
2596
2597
2597
2599
2598
2598
2599
2606
2611
2612
2607
2615
2909
2908
2616
2616
2624
2617
2625
2617
2618
2618
2634
2619
2635
2619
2626
2627
2638
2639
2644
2643
2648
2647
2633
2628
2629
2631
2631
2630
2630
2937
2936
2935
2632
2632
2633
2943
2944
2952
2947
2948
2951
2978
2651
2652
2653
2652
2653
2658
2654
2657
2655
2654
2655
2656
2691
2723
2724
2690
2689
2827
2826
2688
2704
2704
2709
2710
2711
2712
2812
2811
2784
2785
2785
2787
2784
2788
2709
2789
2705
2728
2730
2730
2729
2729
2733
2734
2736
2736
2735
2735
2739
2744
2743
2752
2751
2756
2758
2758
2757
2757
2761
2762
2764
2764
2763
2763
2767
2772
2771
2780
2779
2790
2792
2792
2791
2798
2799
2799
2801
2796
2798
2791
2795
2805
2842
2804
2803
2845
2802
2805
2839
2806
2806
2835
2807
2836
2807
2808
2808
2858
2809
2859
2809
2824
2825
2864
2823
2822
2869
2893
2874
2810
2820
2821
2842
2843
2844
2845
2847
2865
2866
2868
2867
2875
2880
2879
2878
2877
2887
2888
2876
2894
3018
3019
3020
3023
3024
3026
3027
3031
3032
3035
3034
2898
3037
3044
2897
2896
3045
3056
3050
3051
3057
3058
2895
2898
3040
2899
2902
2903
2906
2923
2925
2907
2914
2919
2918
2917
2916
2964
2965
2915
2925
2928
2927
2926
2926
2927
2928
2929
2931
2932
2935
2972
2936
2955
2955
2958
2957
2956
2956
2957
2958
2960
2959
2970
2984
2985
2986
2998
2997
3002
3003
2979
2980
2971
2974
3010
3007
3008
3009
2992
2993
2995
3015
2995
2994
2996
3155
3155
3159
2996
3158
2994
3016
3150
3006
3005
3151
3154
3163
3036
3087
3088
3091
3092
3067
3066
3081
3082
3082
3084
3081
3085
3066
3070
3067
3069
3051
3053
3050
3054
3037
3041
3062
3075
3076
3065
3064
3077
3143
3063
3094
3096
3097
3102
3095
3103
3104
3116
3135
3108
3109
3114
3107
3106
3179
3178
3105
3115
3118
3123
3128
3133
3131
3133
3128
3130
3121
3123
3118
3120
3124
3125
3144
3165
3127
3166
3172
3126
3134
3134
3219
3214
3215
3224
3223
3177
3176
3175
3203
3189
3204
3186
3188
3138
3185
3137
3184
3136
3136
3135
3137
3138
3230
3229
3163
3228
3154
3160
3173
3174
3188
3209
3210
3191
3244
3190
3243
3190
3189
3191
3192
3193
3194
3195
3218
3219
3221
3227
3247
3250
3253
3254
3255
3285
3277
3272
3271
3276
3232
3279
3231
3270
3232
3231
3233
3233
3286
3291
3234
3235
3236
3237
3247
3248
3249
3250
3258
3260
3260
3259
3266
3267
3267
3269
3264
3266
3259
3263
3282
3283
3292
3283
3297
3298
3303
3302
3306
3307
3310
3311
3313
3314
3315
3296
3284
3316
3317
3319
3323
3318
3324
3319
3318
3320
3320
3332
3333
3321
3321
3349
3322
3338
3339
3340
3341
3346
3345
3348
3347
1
1
6
6
7
7
8
13
14
14
15
15
16
17
28
29
30
30
31
31
32
33
34
35
36
37
38
39
40
41
42
42
44
44
50
55
49
49
50
52
52
53
53
55
56
66
61
62
64
64
65
65
66
67
93
73
72
87
91
70
70
72
73
77
77
78
87
88
88
89
89
91
92
92
93
97
96
95
94
94
95
96
97
99
99
100
100
117
118
119
119
120
121
124
125
128
126
129
127
129
128
132
133
133
135
136
138
138
139
154
142
143
146
146
147
147
152
191
190
153
153
154
155
156
159
157
168
158
159
282
277
276
272
164
165
168
169
174
175
176
177
180
181
182
183
184
185
188
189
190
191
192
193
206
194
207
195
196
201
202
203
204
205
211
220
206
207
210
211
218
219
220
221
224
225
228
229
232
233
234
235
239
240
241
244
245
247
248
249
255
256
257
260
261
261
262
263
390
264
298
308
309
314
272
273
273
274
274
276
277
279
279
280
280
282
286
296
283
297
290
291
294
294
295
295
296
297
298
305
305
306
306
308
309
311
311
312
312
314
316
317
318
319
322
323
324
327
328
331
332
335
336
344
344
345
346
347
348
349
349
350
351
352
352
354
358
363
364
370
587
371
588
591
591
612
588
594
587
595
371
584
367
370
364
366
361
363
358
360
360
361
366
367
378
379
383
384
386
386
387
387
388
388
389
389
390
391
392
398
399
400
401
404
405
406
407
411
412
413
414
430
414
416
417
439
418
440
419
425
426
427
428
429
658
439
430
434
435
436
440
447
448
451
452
453
454
455
456
461
462
463
464
471
472
473
475
481
476
477
480
482
483
485
486
488
489
493
494
495
498
499
500
501
502
505
506
507
512
512
515
516
516
517
526
517
519
520
524
524
525
525
526
527
527
528
528
529
529
530
535
536
537
538
539
542
543
543
544
544
547
548
551
552
555
556
559
559
560
560
563
564
565
566
697
569
581
573
574
579
583
582
580
580
581
582
583
584
594
595
596
597
604
605
608
608
609
609
610
610
611
611
612
613
613
622
621
631
635
617
1081
621
622
623
623
624
631
632
632
633
633
635
636
962
636
638
983
982
983
985
980
982
638
965
646
647
648
649
650
651
652
653
654
658
659
660
663
670
664
671
665
678
666
667
722
668
729
669
670
671
674
675
678
753
748
679
682
683
684
687
688
689
690
691
692
696
697
698
698
699
704
705
706
709
710
713
714
715
716
717
720
721
722
725
726
729
730
731
765
732
766
733
734
735
770
736
1083
737
738
741
742
743
1092
1093
744
749
750
754
757
758
761
762
765
766
769
770
773
776
781
784
788
788
789
789
790
790
791
791
792
792
793
793
794
794
795
795
797
800
804
804
805
805
807
806
806
807
808
808
810
810
811
811
812
812
813
813
814
814
815
815
816
817
817
821
822
822
849
823
824
831
832
833
834
837
838
839
840
848
850
853
854
855
855
859
860
862
862
863
866
867
868
870
871
877
878
879
880
883
883
884
885
886
886
887
888
888
891
891
892
893
896
897
902
903
904
905
908
909
910
915
916
917
920
921
922
924
925
927
926
928
929
930
931
932
934
935
936
937
938
941
1409
1054
942
946
946
947
947
1033
1031
1032
948
948
952
953
992
995
996
1001
1203
1008
1000
965
962
966
967
968
969
979
980
985
986
992
993
993
994
994
995
996
1000
1001
1003
1003
1004
1004
1005
1005
1008
1217
1009
1009
1010
1010
1011
1011
1014
1014
1015
1015
1017
1017
1018
1018
1019
1035
1019
1023
1024
1027
1027
1028
1028
1029
1029
1030
1034
1035
1036
1036
1037
1037
1039
1042
1047
1051
1055
1055
1056
1056
1063
1064
1065
1066
1067
1070
1071
1077
1078
1079
1080
1081
1082
1082
1083
1087
1088
1089
1092
1093
1099
1123
1100
1128
1101
1172
1102
1102
1103
1103
1104
1104
1105
1105
1106
1109
1110
1113
1114
1117
1118
1122
1123
1124
1127
1128
1129
1171
1130
1132
1133
1136
1137
1138
1139
1140
1143
1144
1152
1152
1153
1153
1154
1166
1155
1159
1160
1163
1163
1164
1164
1165
1165
1166
1167
1168
1169
1248
1170
1170
1171
1172
1173
1176
1177
1182
1183
1184
1185
1192
1193
1194
1195
1196
1197
1198
1199
1200
1201
1202
1202
1203
1208
1211
1215
1216
1216
1217
1218
1218
1223
1227
1226
1225
1224
1224
1225
1226
1227
1228
1228
1242
1243
1246
1247
1247
1248
1249
1250
1251
1295
1252
1295
1253
1266
1267
1262
1261
1266
1281
1267
1280
1262
1270
1261
1270
1271
1272
1279
1280
1281
1284
1286
1286
1287
1287
1288
1288
1289
1289
1290
1291
1294
1292
1300
1293
1294
1296
1299
1300
1301
1305
1306
1307
1316
1315
1308
1309
1310
1314
1311
1312
1313
1313
1314
1315
1316
1317
1318
1319
1320
1321
1322
1323
1324
1325
1326
1329
1330
1331
1333
1334
1338
1339
1342
1343
1344
1345
1346
1347
1348
1702
1351
1350
1349
1349
1350
1351
1352
1702
1356
1356
1357
1357
1358
1358
1359
1359
1360
1360
1361
1361
1362
1362
1363
1363
1365
1366
1367
1370
1371
1376
1377
1378
1380
1381
1382
1383
1387
1388
1389
1391
1392
1393
1397
1398
1407
1407
1408
1410
1411
1411
1413
1414
1419
1420
1422
1422
1423
1424
1425
1425
1431
1432
1437
1438
1440
1443
1458
1457
1458
1460
1443
1447
1440
1446
1446
1447
1448
1449
1457
1460
1461
1461
1466
1467
1509
1469
1468
1468
1469
1470
1476
1477
1478
1484
1485
1486
1539
1487
1540
1493
1494
1497
1498
1499
1502
1503
1504
1507
1508
1509
1510
1510
1511
1517
1511
1522
1519
1514
1514
1517
1518
1518
1519
1525
1522
1525
1526
1526
1825
1828
1833
1532
1533
1534
1537
1538
1539
1540
1541
1546
1547
1548
1549
1554
1555
1556
1557
1558
1559
1580
1560
1595
1561
1562
1565
1566
1567
1599
1600
1568
1573
1574
1575
1576
1577
1604
1613
1578
1991
1579
1992
1580
1582
1583
1584
1585
1586
1591
1592
1595
1596
1599
1600
1603
1604
1611
1612
1613
1614
1615
1616
1619
1620
1624
1625
1626
1627
1632
1633
1634
1635
1636
1637
1638
1642
1642
1643
1643
1738
1644
1645
1646
1655
1656
1657
1658
1660
1661
1662
1664
1665
1666
1667
1668
1669
1672
1673
1675
1676
1678
1679
1681
1682
1684
1685
1686
1689
1689
1690
1690
1698
1698
1699
1699
1700
1700
1701
1701
1706
1705
1704
1703
1703
1704
1705
1706
1707
1709
1707
1709
1710
1710
1712
1712
1714
1717
1721
1721
1722
1722
1723
1723
1724
1724
1729
1730
1733
1733
1734
1734
1735
1735
1736
1736
1737
1739
1740
1741
1742
1743
1744
1745
1749
1749
1750
1751
1754
1754
1758
1755
1756
1757
1759
1763
1764
1768
1768
1769
1769
1770
1771
1772
1775
1772
1773
1773
1774
1774
1775
1776
1814
1780
1781
1782
1783
1788
1789
1790
1793
1794
1795
1795
1796
1796
1799
1800
1803
1804
1807
1809
1808
1810
1810
1811
1811
1812
1812
1813
1813
1814
1817
1821
1822
1825
1831
1828
1831
1832
1832
1833
1863
1836
1836
1837
1848
1845
1846
1847
1847
1848
1849
1849
1850
1866
1854
1857
1858
1863
1864
1864
1871
1874
1868
1867
1865
1865
1866
1867
1868
1872
1901
1896
1902
1874
1875
1876
1877
1878
1879
1880
1881
1882
2100
2101
2099
2113
2112
2113
2115
2110
2112
2101
2103
2099
2104
1905
2100
1902
1904
1899
1901
1896
1898
1898
1899
1904
1905
1912
1913
1916
2329
2328
2327
2326
1917
2002
1918
2003
1919
2008
1920
2009
1921
2308
1922
2315
1923
2316
1924
2323
1925
1927
1928
1930
1931
1934
1935
1936
1937
1938
1941
1942
1948
1949
1963
1964
1972
1973
1974
1977
1978
1979
1980
1981
1982
1983
1984
1985
1986
1990
1991
1992
1993
2001
2002
2003
2004
2007
2008
2009
2010
2018
2019
2020
2021
2022
2025
2026
2027
2028
2029
2036
2037
2038
2039
2042
2043
2044
2045
2046
2047
2048
2048
2049
2050
2051
2051
2053
2054
2058
2058
2059
2059
2060
2060
2061
2061
2063
2063
2064
2064
2067
2067
2068
2068
2071
2071
2072
2072
2073
2073
2075
2075
2080
2081
2235
2234
2233
2082
2083
2086
2087
2088
2103
2104
2105
2108
2109
2110
2115
2116
2119
2119
2120
2135
2120
2123
2124
2128
2131
2132
2132
2133
2133
2134
2134
2135
2136
2136
2137
2137
2138
2138
2141
2141
2142
2142
2143
2155
2143
2145
2148
2153
2153
2154
2154
2155
2156
2156
2157
2158
2160
2160
2161
2162
2163
2163
2165
2166
2167
2168
2168
2171
2171
2172
2173
2176
2176
2177
2177
2180
2181
2184
2184
2185
2185
2188
2189
2190
2191
2192
2193
2203
2204
2209
2210
2214
2215
2216
2217
2218
2219
2220
2221
2229
2230
2231
2237
2238
2240
2241
2241
2244
2245
2248
2249
2253
2254
2255
2256
2257
2261
2261
2265
2262
2263
2264
2266
2268
2269
2270
2270
2271
2271
2282
2283
2284
2286
2290
2287
2288
2289
2294
2295
2296
2298
2299
2300
2304
2305
2306
2307
2308
2311
2312
2315
2316
2319
2320
2323
2324
2325
2326
2327
2328
2329
2330
2330
2331
2331
2332
2332
2333
2333
2334
2484
2341
2341
2353
2354
2357
2343
2344
2345
2346
2351
2351
2352
2352
2353
2354
2357
2360
2360
2361
2361
2362
2363
2364
2375
2375
2492
2493
2496
2379
2380
2381
2382
2385
2386
2387
2388
2391
2392
2393
2396
2397
2400
2401
2405
2406
2407
2408
2411
2412
2413
2416
2417
2421
2422
2423
2453
2424
2454
2428
2429
2430
2459
2431
2460
2438
2439
2440
2441
2446
2447
2448
2449
2450
2525
2528
2451
2533
2452
2534
2534
2533
2528
2525
2460
2459
2454
2453
2455
2458
2461
2468
2469
2470
2471
2474
2475
2476
2477
2480
2481
2482
2483
2484
2485
2485
2486
2486
2489
2489
2490
2568
2491
2491
2492
2500
2493
2496
2499
2499
2500
2501
2547
2550
2551
2554
2506
2510
2511
2512
2577
2576
2513
2514
2515
2516
2517
2526
2527
2532
2537
2538
2538
2539
2540
2547
2548
2548
2549
2549
2550
2551
2554
2557
2557
2558
2558
2559
2560
2561
2562
2566
2566
2567
2567
2568
2569
2569
2570
2571
2573
2574
2590
2575
2575
2576
2577
2580
2581
2588
2589
2590
2912
2614
2613
2608
2603
2602
2591
2592
2593
2601
2604
2609
2610
2620
2621
2622
2623
2624
2636
2625
2641
2634
2645
2635
2646
2636
2637
2640
2641
2642
2645
2646
2649
2796
2795
2790
2787
2788
2789
2705
2706
2650
2651
2656
2657
2658
2661
2661
2662
2663
2664
2664
2665
2666
2667
2670
2671
2672
2673
2673
2674
2674
2675
2675
2676
2676
2677
2677
2678
2678
2679
2679
2680
2680
2681
2681
2682
2682
2683
2683
2685
2684
2684
2685
2686
2686
2687
2687
2693
2694
2695
2696
2699
2700
2701
2702
2707
2708
2714
2721
2719
2720
2715
2715
2718
2718
2722
2722
2725
2725
2726
2727
2727
2731
2732
2737
2738
2740
2740
2741
2741
2742
2742
2745
2745
2746
2746
2747
2747
2748
2748
2749
2749
2750
2750
2753
2753
2754
2754
2755
2755
2759
2760
2765
2766
2768
2768
2769
2769
2770
2770
2773
2773
2774
2774
2775
2775
2776
2776
2777
2777
2778
2778
2781
2781
2782
2782
2783
2786
2793
2794
2797
2800
2801
2813
2814
2815
2816
2817
2818
2819
2828
2828
2829
2830
2831
2831
2859
2858
2836
2835
2833
2832
2834
2837
2838
2838
2840
2841
2846
2848
2848
2849
2849
2850
2850
2852
2851
2851
2852
2853
2853
2854
2854
2855
2856
2855
2856
2857
2860
2861
2862
2862
2863
2863
2865
2866
2867
2868
2870
2870
2871
2872
2873
2881
2882
2883
2884
2885
2886
2889
2890
2891
2892
2892
2899
2900
2901
2902
2903
2904
2905
2906
2910
2911
2913
2920
2921
2922
2923
2924
2929
2930
2931
2932
2933
2934
2938
2938
2939
2939
2940
2940
2941
2941
2942
2943
2946
2944
2953
2945
2946
2949
2950
2953
2961
2954
2959
2960
2962
2963
2966
2967
2968
2969
2972
2973
2976
2974
2981
2975
2981
2976
2977
2982
2983
2987
2988
2989
2990
2991
2992
2993
2999
3000
3001
3004
3013
3014
3011
3012
3013
3014
3157
3015
3016
3029
3017
3021
3021
3022
3022
3023
3024
3025
3025
3028
3030
3033
3033
3035
3034
3036
3038
3039
3040
3041
3047
3042
3043
3046
3048
3049
3052
3053
3054
3055
3059
3060
3061
3068
3069
3070
3071
3072
3073
3074
3078
3079
3080
3083
3084
3085
3089
3086
3086
3090
3093
3093
3094
3098
3098
3099
3100
3101
3101
3103
3104
3110
3110
3111
3112
3113
3113
3115
3116
3117
3119
3120
3121
3122
3129
3130
3131
3132
3139
3140
3141
3142
3145
3146
3147
3148
3149
3152
3153
3156
3158
3159
3160
3161
3162
3164
3167
3168
3169
3170
3171
3180
3180
3181
3182
3183
3183
3185
3184
3186
3187
3196
3196
3197
3197
3198
3198
3199
3199
3200
3201
3201
3202
3202
3204
3205
3206
3207
3208
3208
3211
3211
3212
3213
3216
3217
3218
3220
3221
3225
3222
3226
3228
3229
3230
3241
3238
3238
3239
3239
3240
3240
3241
3242
3243
3244
3245
3246
3248
3249
3251
3252
3256
3257
3258
3261
3262
3263
3264
3265
3268
3269
3270
3274
3273
3274
3275
3275
3278
3279
3280
3281
3282
3287
3287
3288
3289
3290
3290
3292
3293
3294
3295
3299
3300
3301
3304
3305
3308
3309
3312
3322
3323
3324
3325
3326
3326
3327
3327
3328
3329
3330
3331
3331
3334
3334
3335
3336
3337
3337
3342
3342
3343
3343
3344
3344
3349
3350
3351
3351
3352
3352
3353
3353
3354
3354
2553
2554
2555
2558
2559
2630
2936
2937
2938
2974
2975
3005
3008
3009
3009
3010
3011
3014
3151
3152
3153
3162
3163
3229
3230
3230
3267
3268
3269
3309
3310
3311
3312
3313
3321
3333
3334
3335
3348
3349
3350
3354
0
43
46
45
69
74
81
83
82
84
105
106
266
267
268
269
299
300
301
302
355
356
357
369
372
373
589
590
615
616
627
628
637
639
961
960
959
958
957
956
999
998
1205
1204
1206
1263
1264
1265
1441
1442
1455
1456
1512
1513
1520
1521
1826
1827
1834
1835
1893
1892
1894
1895
2090
2091
2092
2093
2336
2337
2355
2356
2370
2371
2494
2495
2504
2505
2552
2553
2682
2745
2748
2749
2750
2773
2776
2777
2778
2852
2851
2855
2802
2809
2845
2846
2847
2847
2848
2855
2856
2860
2865
2866
2867
2868
3023
3024
3034
3035
3036
3094
3103
3104
3135
3117
3192
3199
3192
3193
3194
3195
3234
3235
3236
3237
3338
3339
3340
3341
3345
3346
3347
3348
6
512
517
524
790
789
788
795
804
805
1010
1009
1014
1015
1019
1037
1358
1357
1356
1363
1704
1703
1707
1712
1721
1724
1773
1772
2061
2060
2059
2071
2058
2075
2120
2138
2142
2141
2143
2153
2677
2678
2681
)


// ************************************************************************* //
