/*--------------------------------*- C++ -*----------------------------------*\
| =========                 |                                                 |
| \\      /  F ield         | OpenFOAM: The Open Source CFD Toolbox           |
|  \\    /   O peration     | Version:  2412                                  |
|   \\  /    A nd           | Website:  www.openfoam.com                      |
|    \\/     M anipulation  |                                                 |
\*---------------------------------------------------------------------------*/
FoamFile
{
    version     2.0;
    format      ascii;
    arch        "LSB;label=32;scalar=64";
    note        "nPoints:5005  nCells:3900  nFaces:12734  nInternalFaces:10666";
    class       labelList;
    location    "constant/fuelZone/polyMesh";
    object      neighbour;
}
// * * * * * * * * * * * * * * * * * * * * * * * * * * * * * * * * * * * * * //


10666
(
1
7
1570
2
6
1464
3
5
1463
4
1367
5
19
1370
6
18
1462
7
17
1469
8
16
1569
9
15
1574
10
14
1678
13
1681
12
28
1789
13
27
1788
14
26
1682
15
25
1677
16
24
1575
17
23
1568
18
22
1470
19
21
1461
20
1371
21
43
1374
22
42
1460
23
41
1475
24
40
1567
25
39
1580
26
38
1676
27
37
1687
28
36
1787
29
35
1794
30
34
1898
33
1901
32
56
2006
33
55
2005
34
54
1902
35
53
1897
36
52
1795
37
51
1786
38
50
1688
39
49
1675
40
48
1581
41
47
1566
42
46
1476
43
45
1459
44
1375
45
73
1378
46
72
1458
47
71
1481
48
70
1565
49
69
1586
50
68
1674
51
67
1693
52
66
1785
53
65
1800
54
64
1896
55
63
1907
56
62
2004
57
61
2011
60
2108
59
91
2205
60
90
2110
61
89
2107
62
88
2012
63
87
2003
64
86
1908
65
85
1895
66
84
1801
67
83
1784
68
82
1694
69
81
1673
70
80
1587
71
79
1564
72
78
1482
73
77
1457
74
76
1379
75
1366
76
111
1365
77
110
1384
78
109
1456
79
108
1487
80
107
1563
81
106
1592
82
105
1672
83
104
1699
84
103
1783
85
102
1806
86
101
1894
87
100
1913
88
99
2002
89
98
2017
90
97
2106
91
96
2115
92
95
2204
94
2209
94
130
2297
95
129
2210
96
128
2203
97
127
2116
98
126
2105
99
125
2018
100
124
2001
101
123
1914
102
122
1893
103
121
1807
104
120
1782
105
119
1700
106
118
1671
107
117
1593
108
116
1562
109
115
1488
110
114
1455
111
113
1385
112
1364
113
152
1363
114
151
1390
115
150
1454
116
149
1493
117
148
1561
118
147
1598
119
146
1670
120
145
1705
121
144
1781
122
143
1812
123
142
1892
124
141
1919
125
140
2000
126
139
2023
127
138
2104
128
137
2121
129
136
2202
130
135
2215
131
134
2296
133
2301
133
173
2381
134
172
2302
135
171
2295
136
170
2216
137
169
2201
138
168
2122
139
167
2103
140
166
2024
141
165
1999
142
164
1920
143
163
1891
144
162
1813
145
161
1780
146
160
1706
147
159
1669
148
158
1599
149
157
1560
150
156
1494
151
155
1453
152
154
1391
153
1362
154
197
1361
155
196
1396
156
195
1452
157
194
1499
158
193
1559
159
192
1604
160
191
1668
161
190
1711
162
189
1779
163
188
1818
164
187
1890
165
186
1925
166
185
1998
167
184
2029
168
183
2102
169
182
2127
170
181
2200
171
180
2221
172
179
2294
173
178
2307
174
177
2380
176
2385
176
221
2454
177
220
2386
178
219
2379
179
218
2308
180
217
2293
181
216
2222
182
215
2199
183
214
2128
184
213
2101
185
212
2030
186
211
1997
187
210
1926
188
209
1889
189
208
1819
190
207
1778
191
206
1712
192
205
1667
193
204
1605
194
203
1558
195
202
1500
196
201
1451
197
200
1397
199
1360
199
248
1318
200
247
1359
201
246
1402
202
245
1450
203
244
1505
204
243
1557
205
242
1610
206
241
1666
207
240
1717
208
239
1777
209
238
1824
210
237
1888
211
236
1931
212
235
1996
213
234
2035
214
233
2100
215
232
2133
216
231
2198
217
230
2227
218
229
2292
219
228
2313
220
227
2378
221
226
2391
222
225
2453
224
2458
224
274
2515
225
273
2459
226
272
2452
227
271
2392
228
270
2377
229
269
2314
230
268
2291
231
267
2228
232
266
2197
233
265
2134
234
264
2099
235
263
2036
236
262
1995
237
261
1932
238
260
1887
239
259
1825
240
258
1776
241
257
1718
242
256
1665
243
255
1611
244
254
1556
245
253
1506
246
252
1449
247
251
1403
248
250
1358
249
1319
250
301
1322
251
300
1357
252
299
1408
253
298
1448
254
297
1511
255
296
1555
256
295
1616
257
294
1664
258
293
1723
259
292
1775
260
291
1830
261
290
1886
262
289
1937
263
288
1994
264
287
2041
265
286
2098
266
285
2139
267
284
2196
268
283
2233
269
282
2290
270
281
2319
271
280
2376
272
279
2397
273
278
2451
274
277
2464
276
2514
276
328
2518
277
327
2513
278
326
2465
279
325
2450
280
324
2398
281
323
2375
282
322
2320
283
321
2289
284
320
2234
285
319
2195
286
318
2140
287
317
2097
288
316
2042
289
315
1993
290
314
1938
291
313
1885
292
312
1831
293
311
1774
294
310
1724
295
309
1663
296
308
1617
297
307
1554
298
306
1512
299
305
1447
300
304
1409
301
303
1356
302
1323
303
357
1326
304
356
1355
305
355
1414
306
354
1446
307
353
1517
308
352
1553
309
351
1622
310
350
1662
311
349
1729
312
348
1773
313
347
1836
314
346
1884
315
345
1943
316
344
1992
317
343
2047
318
342
2096
319
341
2145
320
340
2194
321
339
2239
322
338
2288
323
337
2325
324
336
2374
325
335
2403
326
334
2449
327
333
2470
328
332
2512
329
331
2523
330
2560
331
387
2559
332
386
2524
333
385
2511
334
384
2471
335
383
2448
336
382
2404
337
381
2373
338
380
2326
339
379
2287
340
378
2240
341
377
2193
342
376
2146
343
375
2095
344
374
2048
345
373
1991
346
372
1944
347
371
1883
348
370
1837
349
369
1772
350
368
1730
351
367
1661
352
366
1623
353
365
1552
354
364
1518
355
363
1445
356
362
1415
357
361
1354
358
360
1327
359
1316
360
418
1315
361
417
1332
362
416
1353
363
415
1420
364
414
1444
365
413
1523
366
412
1551
367
411
1628
368
410
1660
369
409
1735
370
408
1771
371
407
1842
372
406
1882
373
405
1949
374
404
1990
375
403
2053
376
402
2094
377
401
2151
378
400
2192
379
399
2245
380
398
2286
381
397
2331
382
396
2372
383
395
2409
384
394
2447
385
393
2476
386
392
2510
387
391
2529
388
390
2558
389
2565
390
448
2566
391
447
2557
392
446
2530
393
445
2509
394
444
2477
395
443
2446
396
442
2410
397
441
2371
398
440
2332
399
439
2285
400
438
2246
401
437
2191
402
436
2152
403
435
2093
404
434
2054
405
433
1989
406
432
1950
407
431
1881
408
430
1843
409
429
1770
410
428
1736
411
427
1659
412
426
1629
413
425
1550
414
424
1524
415
423
1443
416
422
1421
417
421
1352
418
420
1333
419
1314
420
480
1313
421
479
1338
422
478
1351
423
477
1426
424
476
1442
425
475
1529
426
474
1549
427
473
1634
428
472
1658
429
471
1741
430
470
1769
431
469
1848
432
468
1880
433
467
1955
434
466
1988
435
465
2059
436
464
2092
437
463
2157
438
462
2190
439
461
2251
440
460
2284
441
459
2337
442
458
2370
443
457
2415
444
456
2445
445
455
2482
446
454
2508
447
453
2535
448
452
2556
449
451
2571
450
2588
451
514
2587
452
513
2572
453
512
2555
454
511
2536
455
510
2507
456
509
2483
457
508
2444
458
507
2416
459
506
2369
460
505
2338
461
504
2283
462
503
2252
463
502
2189
464
501
2158
465
500
2091
466
499
2060
467
498
1987
468
497
1956
469
496
1879
470
495
1849
471
494
1768
472
493
1742
473
492
1657
474
491
1635
475
490
1548
476
489
1530
477
488
1441
478
487
1427
479
486
1350
480
485
1339
481
484
1312
483
1302
483
549
1301
484
548
1306
485
547
1311
486
546
1344
487
545
1349
488
544
1432
489
543
1440
490
542
1535
491
541
1547
492
540
1640
493
539
1656
494
538
1747
495
537
1767
496
536
1854
497
535
1878
498
534
1961
499
533
1986
500
532
2065
501
531
2090
502
530
2163
503
529
2188
504
528
2257
505
527
2282
506
526
2343
507
525
2368
508
524
2421
509
523
2443
510
522
2488
511
521
2506
512
520
2541
513
519
2554
514
518
2577
515
517
2586
516
2593
517
578
2594
518
577
2585
519
576
2578
520
575
2553
521
574
2542
522
573
2505
523
572
2489
524
571
2442
525
570
2422
526
569
2367
527
568
2344
528
567
2281
529
566
2258
530
565
2187
531
564
2164
532
563
2089
533
562
2066
534
561
1985
535
560
1962
536
559
1877
537
558
1855
538
557
1766
539
556
1748
540
555
1655
541
554
1641
542
553
1546
543
552
1536
544
551
1439
545
550
1433
546
1348
547
1345
548
1310
549
1307
1300
551
1437
552
1438
553
601
1541
554
600
1545
555
599
1646
556
598
1654
557
597
1753
558
596
1765
559
595
1860
560
594
1876
561
593
1967
562
592
1984
563
591
2071
564
590
2088
565
589
2169
566
588
2186
567
587
2263
568
586
2280
569
585
2349
570
584
2366
571
583
2427
572
582
2441
573
581
2494
574
580
2504
575
579
2547
576
2552
577
2583
578
2584
2599
580
2548
581
621
2503
582
620
2495
583
619
2440
584
618
2428
585
617
2365
586
616
2350
587
615
2279
588
614
2264
589
613
2185
590
612
2170
591
611
2087
592
610
2072
593
609
1983
594
608
1968
595
607
1875
596
606
1861
597
605
1764
598
604
1754
599
603
1653
600
602
1647
601
1544
1542
603
1651
604
1652
605
637
1759
606
636
1763
607
635
1866
608
634
1874
609
633
1973
610
632
1982
611
631
2077
612
630
2086
613
629
2175
614
628
2184
615
627
2269
616
626
2278
617
625
2355
618
624
2364
619
623
2433
620
622
2439
621
2500
2502
623
2438
624
2434
625
649
2363
626
648
2356
627
647
2277
628
646
2270
629
645
2183
630
644
2176
631
643
2085
632
642
2078
633
641
1981
634
640
1974
635
639
1873
636
638
1867
637
1762
1760
639
1871
640
1872
641
1979
642
1980
643
2083
644
2084
645
2181
646
2182
647
2275
648
2276
649
2361
2362
651
654
3542
653
3537
653
657
2915
654
656
3538
655
3539
656
673
3548
657
672
3547
658
671
2916
659
670
2924
660
669
2922
661
668
2923
667
2902
663
685
2768
664
684
2771
665
683
2906
666
682
2905
667
681
2907
668
680
2910
669
679
2911
670
678
2921
671
677
2925
672
676
2928
673
675
3546
674
3545
675
717
3554
676
716
3553
677
715
2929
678
714
2954
679
713
2953
680
712
2948
681
711
2947
682
710
2942
683
709
2941
684
708
2940
685
707
2772
686
706
2797
687
705
2796
688
704
2791
689
703
2790
690
702
2785
691
701
2784
692
700
2783
699
2600
694
744
2603
695
743
2604
696
742
2607
697
741
2608
698
740
2611
699
739
2612
700
738
2615
701
737
2782
702
736
2781
703
735
2786
704
734
2789
705
733
2792
706
732
2795
707
731
2798
708
730
2801
709
729
2939
710
728
2938
711
727
2943
712
726
2946
713
725
2949
714
724
2952
715
723
2955
716
722
2958
717
721
3552
718
720
3551
719
3555
720
770
3564
721
769
3563
722
768
3562
723
767
2959
724
766
2984
725
765
2983
726
764
2978
727
763
2977
728
762
2972
729
761
2971
730
760
2970
731
759
2802
732
758
2827
733
757
2826
734
756
2821
735
755
2820
736
754
2815
737
753
2814
738
752
2813
739
751
2616
740
750
2639
741
749
2638
742
748
2633
743
747
2632
744
746
2627
745
2626
746
798
2625
747
797
2628
748
796
2631
749
795
2634
750
794
2637
751
793
2640
752
792
2643
753
791
2812
754
790
2811
755
789
2816
756
788
2819
757
787
2822
758
786
2825
759
785
2828
760
784
2831
761
783
2969
762
782
2968
763
781
2973
764
780
2976
765
779
2979
766
778
2982
767
777
2985
768
776
2988
769
775
3561
770
774
3560
771
773
3565
772
3568
773
824
3582
774
823
3577
775
822
3576
776
821
3575
777
820
2989
778
819
3014
779
818
3013
780
817
3008
781
816
3007
782
815
3002
783
814
3001
784
813
3000
785
812
2832
786
811
2857
787
810
2856
788
809
2851
789
808
2850
790
807
2845
791
806
2844
792
805
2843
793
804
2644
794
803
2665
795
802
2664
796
801
2659
797
800
2658
798
799
2653
2652
800
852
2654
801
851
2657
802
850
2660
803
849
2663
804
848
2666
805
847
2669
806
846
2842
807
845
2841
808
844
2846
809
843
2849
810
842
2852
811
841
2855
812
840
2858
813
839
2861
814
838
2999
815
837
2998
816
836
3003
817
835
3006
818
834
3009
819
833
3012
820
832
3015
821
831
3018
822
830
3574
823
829
3573
824
828
3578
825
827
3581
826
3583
827
879
3600
828
878
3599
829
877
3594
830
876
3593
831
875
3592
832
874
3019
833
873
3043
834
872
3042
835
871
3037
836
870
3036
837
869
3031
838
868
3029
839
867
3030
840
866
2862
841
865
2887
842
864
2886
843
863
2881
844
862
2880
845
861
2875
846
860
2874
847
859
2873
848
858
2670
849
857
2689
850
856
2688
851
855
2683
852
854
2682
853
2677
854
2678
855
907
2681
856
906
2684
857
905
2687
858
904
2690
859
903
2693
860
902
2872
861
901
2871
862
900
2876
863
899
2879
864
898
2882
865
897
2885
866
896
2888
867
895
2891
868
894
2892
869
893
3028
870
892
3032
871
891
3035
872
890
3038
873
889
3041
874
888
3044
875
887
3047
876
886
3591
877
885
3590
878
884
3595
879
883
3598
880
882
3601
881
3604
882
934
3626
883
933
3621
884
932
3620
885
931
3615
886
930
3614
887
929
3613
888
928
3048
889
927
3105
890
926
3104
891
925
3099
892
924
3098
893
923
3093
894
922
3092
895
921
3087
896
920
3086
897
919
3081
898
918
3080
899
917
3075
900
916
3074
901
915
3069
902
914
3068
903
913
3067
904
912
2694
905
911
2709
906
910
2708
907
909
2703
908
2702
909
2701
910
962
2704
911
961
2707
912
960
2710
913
959
2713
914
958
3066
915
957
3065
916
956
3070
917
955
3073
918
954
3076
919
953
3079
920
952
3082
921
951
3085
922
950
3088
923
949
3091
924
948
3094
925
947
3097
926
946
3100
927
945
3103
928
944
3106
929
943
3109
930
942
3612
931
941
3611
932
940
3616
933
939
3619
934
938
3622
935
937
3625
936
3627
937
989
3652
938
988
3651
939
987
3646
940
986
3645
941
985
3640
942
984
3639
943
983
3638
944
982
3110
945
981
3167
946
980
3166
947
979
3161
948
978
3160
949
977
3155
950
976
3154
951
975
3149
952
974
3148
953
973
3143
954
972
3142
955
971
3137
956
970
3136
957
969
3131
958
968
3130
959
967
3129
960
966
2714
961
965
2725
962
964
2724
963
2719
964
2720
965
1015
2723
966
1014
2726
967
1013
2729
968
1012
3128
969
1011
3127
970
1010
3132
971
1009
3135
972
1008
3138
973
1007
3141
974
1006
3144
975
1005
3147
976
1004
3150
977
1003
3153
978
1002
3156
979
1001
3159
980
1000
3162
981
999
3165
982
998
3168
983
997
3171
984
996
3637
985
995
3636
986
994
3641
987
993
3644
988
992
3647
989
991
3650
990
3653
991
1041
3678
992
1040
3677
993
1039
3672
994
1038
3671
995
1037
3666
996
1036
3665
997
1035
3664
998
1034
3172
999
1033
3229
1000
1032
3228
1001
1031
3223
1002
1030
3222
1003
1029
3217
1004
1028
3216
1005
1027
3211
1006
1026
3210
1007
1025
3205
1008
1024
3204
1009
1023
3199
1010
1022
3198
1011
1021
3193
1012
1020
3192
1013
1019
3191
1014
1018
2730
1015
1017
2737
1016
2736
1017
2735
1018
1066
2738
1019
1065
2741
1020
1064
3190
1021
1063
3189
1022
1062
3194
1023
1061
3197
1024
1060
3200
1025
1059
3203
1026
1058
3206
1027
1057
3209
1028
1056
3212
1029
1055
3215
1030
1054
3218
1031
1053
3221
1032
1052
3224
1033
1051
3227
1034
1050
3230
1035
1049
3233
1036
1048
3663
1037
1047
3662
1038
1046
3667
1039
1045
3670
1040
1044
3673
1041
1043
3676
1042
3679
1043
1090
3704
1044
1089
3703
1045
1088
3698
1046
1087
3697
1047
1086
3692
1048
1085
3691
1049
1084
3690
1050
1083
3234
1051
1082
3291
1052
1081
3290
1053
1080
3285
1054
1079
3284
1055
1078
3279
1056
1077
3278
1057
1076
3273
1058
1075
3272
1059
1074
3267
1060
1073
3266
1061
1072
3261
1062
1071
3260
1063
1070
3255
1064
1069
3254
1065
1068
3253
1066
1067
2742
2745
1068
1114
2747
1069
1113
3252
1070
1112
3251
1071
1111
3256
1072
1110
3259
1073
1109
3262
1074
1108
3265
1075
1107
3268
1076
1106
3271
1077
1105
3274
1078
1104
3277
1079
1103
3280
1080
1102
3283
1081
1101
3286
1082
1100
3289
1083
1099
3292
1084
1098
3295
1085
1097
3689
1086
1096
3688
1087
1095
3693
1088
1094
3696
1089
1093
3699
1090
1092
3702
1091
3705
1092
1137
3730
1093
1136
3729
1094
1135
3724
1095
1134
3723
1096
1133
3718
1097
1132
3717
1098
1131
3716
1099
1130
3296
1100
1129
3353
1101
1128
3352
1102
1127
3347
1103
1126
3346
1104
1125
3341
1105
1124
3340
1106
1123
3335
1107
1122
3334
1108
1121
3329
1109
1120
3328
1110
1119
3323
1111
1118
3322
1112
1117
3317
1113
1116
3316
1114
1115
3315
2748
1116
3314
1117
1159
3313
1118
1158
3318
1119
1157
3321
1120
1156
3324
1121
1155
3327
1122
1154
3330
1123
1153
3333
1124
1152
3336
1125
1151
3339
1126
1150
3342
1127
1149
3345
1128
1148
3348
1129
1147
3351
1130
1146
3354
1131
1145
3357
1132
1144
3715
1133
1143
3714
1134
1142
3719
1135
1141
3722
1136
1140
3725
1137
1139
3728
1138
3731
1139
1180
3756
1140
1179
3755
1141
1178
3750
1142
1177
3749
1143
1176
3744
1144
1175
3743
1145
1174
3742
1146
1173
3358
1147
1172
3411
1148
1171
3410
1149
1170
3405
1150
1169
3404
1151
1168
3399
1152
1167
3398
1153
1166
3393
1154
1165
3392
1155
1164
3387
1156
1163
3386
1157
1162
3381
1158
1161
3380
1159
1160
3375
3374
1161
3376
1162
1200
3379
1163
1199
3382
1164
1198
3385
1165
1197
3388
1166
1196
3391
1167
1195
3394
1168
1194
3397
1169
1193
3400
1170
1192
3403
1171
1191
3406
1172
1190
3409
1173
1189
3412
1174
1188
3415
1175
1187
3741
1176
1186
3740
1177
1185
3745
1178
1184
3748
1179
1183
3751
1180
1182
3754
1181
3757
1182
3782
1183
1218
3781
1184
1217
3776
1185
1216
3775
1186
1215
3770
1187
1214
3769
1188
1213
3768
1189
1212
3416
1190
1211
3461
1191
1210
3460
1192
1209
3455
1193
1208
3454
1194
1207
3449
1195
1206
3448
1196
1205
3443
1197
1204
3442
1198
1203
3437
1199
1202
3436
1200
1201
3431
3430
1202
3432
1203
1235
3435
1204
1234
3438
1205
1233
3441
1206
1232
3444
1207
1231
3447
1208
1230
3450
1209
1229
3453
1210
1228
3456
1211
1227
3459
1212
1226
3462
1213
1225
3465
1214
1224
3767
1215
1223
3766
1216
1222
3771
1217
1221
3774
1218
1220
3777
1219
3780
1220
3801
1221
1250
3798
1222
1249
3797
1223
1248
3792
1224
1247
3790
1225
1246
3791
1226
1245
3466
1227
1244
3503
1228
1243
3502
1229
1242
3497
1230
1241
3496
1231
1240
3491
1232
1239
3490
1233
1238
3485
1234
1237
3484
1235
1236
3479
3478
1237
3480
1238
1264
3483
1239
1263
3486
1240
1262
3489
1241
1261
3492
1242
1260
3495
1243
1259
3498
1244
1258
3501
1245
1257
3504
1246
1256
3507
1247
1255
3508
1248
1254
3789
1249
1253
3793
1250
1252
3796
1251
3799
1252
3851
1253
1275
3850
1254
1274
3845
1255
1273
3844
1256
1272
3839
1257
1271
3838
1258
1270
3833
1259
1269
3832
1260
1268
3827
1261
1267
3826
1262
1266
3821
1263
1265
3820
1264
3817
3816
1266
3819
1267
1284
3822
1268
1283
3825
1269
1282
3828
1270
1281
3831
1271
1280
3834
1272
1279
3837
1273
1278
3840
1274
1277
3843
1275
1276
3846
3849
1277
1291
3881
1278
1290
3880
1279
1289
3875
1280
1288
3874
1281
1287
3869
1282
1286
3868
1283
1285
3863
1284
3862
3861
1286
3864
1287
3867
1288
1296
3870
1289
1295
3873
1290
1294
3876
1291
1293
3879
1292
3882
1293
1299
3897
1294
1298
3896
1295
1297
3891
1296
3890
3889
1298
3892
1299
3895
3898
1301
1307
1309
1304
1306
1303
1306
1312
1305
1341
2914
1305
1309
3536
1306
1308
1342
3535
1307
1311
1308
1310
1309
1347
3540
3541
1311
1345
1347
1312
1342
1344
1313
1339
1341
1314
1336
1338
1315
1333
1335
1316
1330
1332
1327
1329
1318
1320
1400
2769
1319
1359
1320
1322
1358
1321
1405
2770
1322
1324
1406
2901
1323
1357
1324
1326
1356
1325
1411
2904
1326
1328
1412
2908
1327
1355
1328
1332
1354
1329
1331
1417
2909
1330
2903
1331
1335
2913
1332
1334
1418
2912
1333
1353
1334
1338
1352
1335
1337
1423
2920
1336
2919
1337
1341
2918
1338
1340
1424
2926
1339
1351
1340
1344
1350
1341
1343
1429
2927
1342
2917
1343
1347
3534
1344
1346
1430
3533
1345
1349
1346
1348
1347
1435
3544
3543
1349
1433
1435
1350
1430
1432
1351
1427
1429
1352
1424
1426
1353
1421
1423
1354
1418
1420
1355
1415
1417
1356
1412
1414
1357
1409
1411
1358
1406
1408
1359
1403
1405
1360
1400
1402
1361
1397
1399
1362
1394
1396
1363
1391
1393
1364
1388
1390
1365
1385
1387
1366
1382
1384
1379
1381
1368
1370
1463
1369
1466
2602
1370
1372
1467
2605
1371
1462
1372
1374
1461
1373
1472
2606
1374
1376
1473
2609
1375
1460
1376
1378
1459
1377
1478
2610
1378
1380
1479
2613
1379
1458
1380
1384
1457
1381
1383
1484
2614
1382
2601
1383
1387
2767
1384
1386
1485
2766
1385
1456
1386
1390
1455
1387
1389
1490
2780
1388
2779
1389
1393
2778
1390
1392
1491
2787
1391
1454
1392
1396
1453
1393
1395
1496
2788
1394
2777
1395
1399
2776
1396
1398
1497
2793
1397
1452
1398
1402
1451
1399
1401
1502
2794
1400
2775
1401
1405
2774
1402
1404
1503
2799
1403
1450
1404
1408
1449
1405
1407
1508
2800
1406
2773
1407
1411
2900
1408
1410
1509
2899
1409
1448
1410
1414
1447
1411
1413
1514
2937
1412
2936
1413
1417
2935
1414
1416
1515
2944
1415
1446
1416
1420
1445
1417
1419
1520
2945
1418
2934
1419
1423
2933
1420
1422
1521
2950
1421
1444
1422
1426
1443
1423
1425
1526
2951
1424
2932
1425
1429
2931
1426
1428
1527
2956
1427
1442
1428
1432
1441
1429
1431
1532
2957
1430
2930
1431
1435
3532
1432
1434
1533
3531
1433
1440
1434
1437
1439
1435
1436
1538
3550
3549
1437
1539
3556
1438
1439
1539
1541
1440
1536
1538
1441
1533
1535
1442
1530
1532
1443
1527
1529
1444
1524
1526
1445
1521
1523
1446
1518
1520
1447
1515
1517
1448
1512
1514
1449
1509
1511
1450
1506
1508
1451
1503
1505
1452
1500
1502
1453
1497
1499
1454
1494
1496
1455
1491
1493
1456
1488
1490
1457
1485
1487
1458
1482
1484
1459
1479
1481
1460
1476
1478
1461
1473
1475
1462
1470
1472
1463
1467
1469
1464
1466
1465
1469
1570
1466
1468
1571
2624
1467
2623
1468
1472
2622
1469
1471
1572
2629
1470
1569
1471
1475
1568
1472
1474
1577
2630
1473
2621
1474
1478
2620
1475
1477
1578
2635
1476
1567
1477
1481
1566
1478
1480
1583
2636
1479
2619
1480
1484
2618
1481
1483
1584
2641
1482
1565
1483
1487
1564
1484
1486
1589
2642
1485
2617
1486
1490
2765
1487
1489
1590
2764
1488
1563
1489
1493
1562
1490
1492
1595
2810
1491
2809
1492
1496
2808
1493
1495
1596
2817
1494
1561
1495
1499
1560
1496
1498
1601
2818
1497
2807
1498
1502
2806
1499
1501
1602
2823
1500
1559
1501
1505
1558
1502
1504
1607
2824
1503
2805
1504
1508
2804
1505
1507
1608
2829
1506
1557
1507
1511
1556
1508
1510
1613
2830
1509
2803
1510
1514
2898
1511
1513
1614
2897
1512
1555
1513
1517
1554
1514
1516
1619
2967
1515
2966
1516
1520
2965
1517
1519
1620
2974
1518
1553
1519
1523
1552
1520
1522
1625
2975
1521
2964
1522
1526
2963
1523
1525
1626
2980
1524
1551
1525
1529
1550
1526
1528
1631
2981
1527
2962
1528
1532
2961
1529
1531
1632
2986
1530
1549
1531
1535
1548
1532
1534
1637
2987
1533
2960
1534
1538
3530
1535
1537
1638
3529
1536
1547
1537
1541
1546
1538
1540
1643
3559
1539
3558
1540
3557
1541
1543
1644
3566
1542
1545
1543
1544
1649
3567
1545
1647
1649
1546
1644
1646
1547
1641
1643
1548
1638
1640
1549
1635
1637
1550
1632
1634
1551
1629
1631
1552
1626
1628
1553
1623
1625
1554
1620
1622
1555
1617
1619
1556
1614
1616
1557
1611
1613
1558
1608
1610
1559
1605
1607
1560
1602
1604
1561
1599
1601
1562
1596
1598
1563
1593
1595
1564
1590
1592
1565
1587
1589
1566
1584
1586
1567
1581
1583
1568
1578
1580
1569
1575
1577
1570
1572
1574
1571
1572
2651
1573
1577
2650
1574
1576
1679
2655
1575
1678
1576
1580
1677
1577
1579
1684
2656
1578
2649
1579
1583
2648
1580
1582
1685
2661
1581
1676
1582
1586
1675
1583
1585
1690
2662
1584
2647
1585
1589
2646
1586
1588
1691
2667
1587
1674
1588
1592
1673
1589
1591
1696
2668
1590
2645
1591
1595
2763
1592
1594
1697
2762
1593
1672
1594
1598
1671
1595
1597
1702
2840
1596
2839
1597
1601
2838
1598
1600
1703
2847
1599
1670
1600
1604
1669
1601
1603
1708
2848
1602
2837
1603
1607
2836
1604
1606
1709
2853
1605
1668
1606
1610
1667
1607
1609
1714
2854
1608
2835
1609
1613
2834
1610
1612
1715
2859
1611
1666
1612
1616
1665
1613
1615
1720
2860
1614
2833
1615
1619
2896
1616
1618
1721
2895
1617
1664
1618
1622
1663
1619
1621
1726
2997
1620
2996
1621
1625
2995
1622
1624
1727
3004
1623
1662
1624
1628
1661
1625
1627
1732
3005
1626
2994
1627
1631
2993
1628
1630
1733
3010
1629
1660
1630
1634
1659
1631
1633
1738
3011
1632
2992
1633
1637
2991
1634
1636
1739
3016
1635
1658
1636
1640
1657
1637
1639
1744
3017
1638
2990
1639
1643
3528
1640
1642
1745
3527
1641
1656
1642
1646
1655
1643
1645
1750
3572
1644
3571
1645
1649
3570
1646
1648
1751
3579
1647
1654
1648
1651
1653
1649
1650
1756
3580
3569
1651
1757
3584
1652
1653
1757
1759
1654
1754
1756
1655
1751
1753
1656
1748
1750
1657
1745
1747
1658
1742
1744
1659
1739
1741
1660
1736
1738
1661
1733
1735
1662
1730
1732
1663
1727
1729
1664
1724
1726
1665
1721
1723
1666
1718
1720
1667
1715
1717
1668
1712
1714
1669
1709
1711
1670
1706
1708
1671
1703
1705
1672
1700
1702
1673
1697
1699
1674
1694
1696
1675
1691
1693
1676
1688
1690
1677
1685
1687
1678
1682
1684
1679
1681
1680
1684
2676
1681
1683
2679
1682
1683
1687
1788
1684
1686
1791
2680
1685
2675
1686
1690
2674
1687
1689
1792
2685
1688
1787
1689
1693
1786
1690
1692
1797
2686
1691
2673
1692
1696
2672
1693
1695
1798
2691
1694
1785
1695
1699
1784
1696
1698
1803
2692
1697
2671
1698
1702
2761
1699
1701
1804
2760
1700
1783
1701
1705
1782
1702
1704
1809
2870
1703
2869
1704
1708
2868
1705
1707
1810
2877
1706
1781
1707
1711
1780
1708
1710
1815
2878
1709
2867
1710
1714
2866
1711
1713
1816
2883
1712
1779
1713
1717
1778
1714
1716
1821
2884
1715
2865
1716
1720
2864
1717
1719
1822
2889
1718
1777
1719
1723
1776
1720
1722
1827
2890
1721
2863
1722
1726
2894
1723
1725
1828
2893
1724
1775
1725
1729
1774
1726
1728
1833
3027
1727
3026
1728
1732
3025
1729
1731
1834
3033
1730
1773
1731
1735
1772
1732
1734
1839
3034
1733
3024
1734
1738
3023
1735
1737
1840
3039
1736
1771
1737
1741
1770
1738
1740
1845
3040
1739
3022
1740
1744
3021
1741
1743
1846
3045
1742
1769
1743
1747
1768
1744
1746
1851
3046
1745
3020
1746
1750
3526
1747
1749
1852
3525
1748
1767
1749
1753
1766
1750
1752
1857
3589
1751
3588
1752
1756
3587
1753
1755
1858
3596
1754
1765
1755
1759
1764
1756
1758
1863
3597
1757
3586
1758
3585
1759
1761
1864
3602
1760
1763
1761
1762
1869
3603
1763
1867
1869
1764
1864
1866
1765
1861
1863
1766
1858
1860
1767
1855
1857
1768
1852
1854
1769
1849
1851
1770
1846
1848
1771
1843
1845
1772
1840
1842
1773
1837
1839
1774
1834
1836
1775
1831
1833
1776
1828
1830
1777
1825
1827
1778
1822
1824
1779
1819
1821
1780
1816
1818
1781
1813
1815
1782
1810
1812
1783
1807
1809
1784
1804
1806
1785
1801
1803
1786
1798
1800
1787
1795
1797
1788
1792
1794
1789
1791
1790
1794
1791
1793
2700
1792
2699
1793
1797
2698
1794
1796
1899
2705
1795
1898
1796
1800
1897
1797
1799
1904
2706
1798
2697
1799
1803
2696
1800
1802
1905
2711
1801
1896
1802
1806
1895
1803
1805
1910
2712
1804
2695
1805
1809
2759
1806
1808
1911
2758
1807
1894
1808
1812
1893
1809
1811
1916
3064
1810
3063
1811
1815
3062
1812
1814
1917
3071
1813
1892
1814
1818
1891
1815
1817
1922
3072
1816
3061
1817
1821
3060
1818
1820
1923
3077
1819
1890
1820
1824
1889
1821
1823
1928
3078
1822
3059
1823
1827
3058
1824
1826
1929
3083
1825
1888
1826
1830
1887
1827
1829
1934
3084
1828
3057
1829
1833
3056
1830
1832
1935
3089
1831
1886
1832
1836
1885
1833
1835
1940
3090
1834
3055
1835
1839
3054
1836
1838
1941
3095
1837
1884
1838
1842
1883
1839
1841
1946
3096
1840
3053
1841
1845
3052
1842
1844
1947
3101
1843
1882
1844
1848
1881
1845
1847
1952
3102
1846
3051
1847
1851
3050
1848
1850
1953
3107
1849
1880
1850
1854
1879
1851
1853
1958
3108
1852
3049
1853
1857
3524
1854
1856
1959
3523
1855
1878
1856
1860
1877
1857
1859
1964
3610
1858
3609
1859
1863
3608
1860
1862
1965
3617
1861
1876
1862
1866
1875
1863
1865
1970
3618
1864
3607
1865
1869
3606
1866
1868
1971
3623
1867
1874
1868
1871
1873
1869
1870
1976
3624
3605
1871
1977
3628
1872
1873
1977
1979
1874
1974
1976
1875
1971
1973
1876
1968
1970
1877
1965
1967
1878
1962
1964
1879
1959
1961
1880
1956
1958
1881
1953
1955
1882
1950
1952
1883
1947
1949
1884
1944
1946
1885
1941
1943
1886
1938
1940
1887
1935
1937
1888
1932
1934
1889
1929
1931
1890
1926
1928
1891
1923
1925
1892
1920
1922
1893
1917
1919
1894
1914
1916
1895
1911
1913
1896
1908
1910
1897
1905
1907
1898
1902
1904
1899
1901
1900
1904
2718
1901
1903
2721
1902
1903
1907
2005
1904
1906
2008
2722
1905
2717
1906
1910
2716
1907
1909
2009
2727
1908
2004
1909
1913
2003
1910
1912
2014
2728
1911
2715
1912
1916
2757
1913
1915
2015
2756
1914
2002
1915
1919
2001
1916
1918
2020
3126
1917
3125
1918
1922
3124
1919
1921
2021
3133
1920
2000
1921
1925
1999
1922
1924
2026
3134
1923
3123
1924
1928
3122
1925
1927
2027
3139
1926
1998
1927
1931
1997
1928
1930
2032
3140
1929
3121
1930
1934
3120
1931
1933
2033
3145
1932
1996
1933
1937
1995
1934
1936
2038
3146
1935
3119
1936
1940
3118
1937
1939
2039
3151
1938
1994
1939
1943
1993
1940
1942
2044
3152
1941
3117
1942
1946
3116
1943
1945
2045
3157
1944
1992
1945
1949
1991
1946
1948
2050
3158
1947
3115
1948
1952
3114
1949
1951
2051
3163
1950
1990
1951
1955
1989
1952
1954
2056
3164
1953
3113
1954
1958
3112
1955
1957
2057
3169
1956
1988
1957
1961
1987
1958
1960
2062
3170
1959
3111
1960
1964
3522
1961
1963
2063
3521
1962
1986
1963
1967
1985
1964
1966
2068
3635
1965
3634
1966
1970
3633
1967
1969
2069
3642
1968
1984
1969
1973
1983
1970
1972
2074
3643
1971
3632
1972
1976
3631
1973
1975
2075
3648
1974
1982
1975
1979
1981
1976
1978
2080
3649
1977
3630
1978
3629
1979
2081
3654
1980
1981
2081
2083
1982
2078
2080
1983
2075
2077
1984
2072
2074
1985
2069
2071
1986
2066
2068
1987
2063
2065
1988
2060
2062
1989
2057
2059
1990
2054
2056
1991
2051
2053
1992
2048
2050
1993
2045
2047
1994
2042
2044
1995
2039
2041
1996
2036
2038
1997
2033
2035
1998
2030
2032
1999
2027
2029
2000
2024
2026
2001
2021
2023
2002
2018
2020
2003
2015
2017
2004
2012
2014
2005
2009
2011
2006
2008
2007
2011
2008
2010
2734
2009
2733
2010
2014
2732
2011
2013
2109
2739
2012
2108
2013
2017
2107
2014
2016
2112
2740
2015
2731
2016
2020
2755
2017
2019
2113
2754
2018
2106
2019
2023
2105
2020
2022
2118
3188
2021
3187
2022
2026
3186
2023
2025
2119
3195
2024
2104
2025
2029
2103
2026
2028
2124
3196
2027
3185
2028
2032
3184
2029
2031
2125
3201
2030
2102
2031
2035
2101
2032
2034
2130
3202
2033
3183
2034
2038
3182
2035
2037
2131
3207
2036
2100
2037
2041
2099
2038
2040
2136
3208
2039
3181
2040
2044
3180
2041
2043
2137
3213
2042
2098
2043
2047
2097
2044
2046
2142
3214
2045
3179
2046
2050
3178
2047
2049
2143
3219
2048
2096
2049
2053
2095
2050
2052
2148
3220
2051
3177
2052
2056
3176
2053
2055
2149
3225
2054
2094
2055
2059
2093
2056
2058
2154
3226
2057
3175
2058
2062
3174
2059
2061
2155
3231
2060
2092
2061
2065
2091
2062
2064
2160
3232
2063
3173
2064
2068
3520
2065
2067
2161
3519
2066
2090
2067
2071
2089
2068
2070
2166
3661
2069
3660
2070
2074
3659
2071
2073
2167
3668
2072
2088
2073
2077
2087
2074
2076
2172
3669
2075
3658
2076
2080
3657
2077
2079
2173
3674
2078
2086
2079
2083
2085
2080
2082
2178
3675
2081
3656
2082
3655
2083
2179
3680
2084
2085
2179
2181
2086
2176
2178
2087
2173
2175
2088
2170
2172
2089
2167
2169
2090
2164
2166
2091
2161
2163
2092
2158
2160
2093
2155
2157
2094
2152
2154
2095
2149
2151
2096
2146
2148
2097
2143
2145
2098
2140
2142
2099
2137
2139
2100
2134
2136
2101
2131
2133
2102
2128
2130
2103
2125
2127
2104
2122
2124
2105
2119
2121
2106
2116
2118
2107
2113
2115
2108
2110
2112
2109
2112
2744
2111
2115
2205
2112
2114
2206
2746
2113
2743
2114
2118
2753
2115
2117
2207
2752
2116
2204
2117
2121
2203
2118
2120
2212
3250
2119
3249
2120
2124
3248
2121
2123
2213
3257
2122
2202
2123
2127
2201
2124
2126
2218
3258
2125
3247
2126
2130
3246
2127
2129
2219
3263
2128
2200
2129
2133
2199
2130
2132
2224
3264
2131
3245
2132
2136
3244
2133
2135
2225
3269
2134
2198
2135
2139
2197
2136
2138
2230
3270
2137
3243
2138
2142
3242
2139
2141
2231
3275
2140
2196
2141
2145
2195
2142
2144
2236
3276
2143
3241
2144
2148
3240
2145
2147
2237
3281
2146
2194
2147
2151
2193
2148
2150
2242
3282
2149
3239
2150
2154
3238
2151
2153
2243
3287
2152
2192
2153
2157
2191
2154
2156
2248
3288
2155
3237
2156
2160
3236
2157
2159
2249
3293
2158
2190
2159
2163
2189
2160
2162
2254
3294
2161
3235
2162
2166
3518
2163
2165
2255
3517
2164
2188
2165
2169
2187
2166
2168
2260
3687
2167
3686
2168
2172
3685
2169
2171
2261
3694
2170
2186
2171
2175
2185
2172
2174
2266
3695
2173
3684
2174
2178
3683
2175
2177
2267
3700
2176
2184
2177
2181
2183
2178
2180
2272
3701
2179
3682
2180
3681
2181
2273
3706
2182
2183
2273
2275
2184
2270
2272
2185
2267
2269
2186
2264
2266
2187
2261
2263
2188
2258
2260
2189
2255
2257
2190
2252
2254
2191
2249
2251
2192
2246
2248
2193
2243
2245
2194
2240
2242
2195
2237
2239
2196
2234
2236
2197
2231
2233
2198
2228
2230
2199
2225
2227
2200
2222
2224
2201
2219
2221
2202
2216
2218
2203
2213
2215
2204
2210
2212
2205
2207
2209
2206
2207
2749
2208
2212
2751
2209
2211
2750
2210
2211
2215
2297
2212
2214
2298
3312
2213
3311
2214
2218
3310
2215
2217
2299
3319
2216
2296
2217
2221
2295
2218
2220
2304
3320
2219
3309
2220
2224
3308
2221
2223
2305
3325
2222
2294
2223
2227
2293
2224
2226
2310
3326
2225
3307
2226
2230
3306
2227
2229
2311
3331
2228
2292
2229
2233
2291
2230
2232
2316
3332
2231
3305
2232
2236
3304
2233
2235
2317
3337
2234
2290
2235
2239
2289
2236
2238
2322
3338
2237
3303
2238
2242
3302
2239
2241
2323
3343
2240
2288
2241
2245
2287
2242
2244
2328
3344
2243
3301
2244
2248
3300
2245
2247
2329
3349
2246
2286
2247
2251
2285
2248
2250
2334
3350
2249
3299
2250
2254
3298
2251
2253
2335
3355
2252
2284
2253
2257
2283
2254
2256
2340
3356
2255
3297
2256
2260
3516
2257
2259
2341
3515
2258
2282
2259
2263
2281
2260
2262
2346
3713
2261
3712
2262
2266
3711
2263
2265
2347
3720
2264
2280
2265
2269
2279
2266
2268
2352
3721
2267
3710
2268
2272
3709
2269
2271
2353
3726
2270
2278
2271
2275
2277
2272
2274
2358
3727
2273
3708
2274
3707
2275
2359
3732
2276
2277
2359
2361
2278
2356
2358
2279
2353
2355
2280
2350
2352
2281
2347
2349
2282
2344
2346
2283
2341
2343
2284
2338
2340
2285
2335
2337
2286
2332
2334
2287
2329
2331
2288
2326
2328
2289
2323
2325
2290
2320
2322
2291
2317
2319
2292
2314
2316
2293
2311
2313
2294
2308
2310
2295
2305
2307
2296
2302
2304
2297
2299
2301
2298
2299
3373
2300
2304
3372
2301
2303
3377
2302
2303
2307
2381
2304
2306
2382
3378
2305
3371
2306
2310
3370
2307
2309
2383
3383
2308
2380
2309
2313
2379
2310
2312
2388
3384
2311
3369
2312
2316
3368
2313
2315
2389
3389
2314
2378
2315
2319
2377
2316
2318
2394
3390
2317
3367
2318
2322
3366
2319
2321
2395
3395
2320
2376
2321
2325
2375
2322
2324
2400
3396
2323
3365
2324
2328
3364
2325
2327
2401
3401
2326
2374
2327
2331
2373
2328
2330
2406
3402
2329
3363
2330
2334
3362
2331
2333
2407
3407
2332
2372
2333
2337
2371
2334
2336
2412
3408
2335
3361
2336
2340
3360
2337
2339
2413
3413
2338
2370
2339
2343
2369
2340
2342
2418
3414
2341
3359
2342
2346
3514
2343
2345
2419
3513
2344
2368
2345
2349
2367
2346
2348
2424
3739
2347
3738
2348
2352
3737
2349
2351
2425
3746
2350
2366
2351
2355
2365
2352
2354
2430
3747
2353
3736
2354
2358
3735
2355
2357
2431
3752
2356
2364
2357
2361
2363
2358
2360
2436
3753
2359
3734
2360
3733
2361
2437
3758
2362
2363
2437
2364
2434
2436
2365
2431
2433
2366
2428
2430
2367
2425
2427
2368
2422
2424
2369
2419
2421
2370
2416
2418
2371
2413
2415
2372
2410
2412
2373
2407
2409
2374
2404
2406
2375
2401
2403
2376
2398
2400
2377
2395
2397
2378
2392
2394
2379
2389
2391
2380
2386
2388
2381
2383
2385
2382
2383
3429
2384
2388
3428
2385
2387
3433
2386
2387
2391
2454
2388
2390
2455
3434
2389
3427
2390
2394
3426
2391
2393
2456
3439
2392
2453
2393
2397
2452
2394
2396
2461
3440
2395
3425
2396
2400
3424
2397
2399
2462
3445
2398
2451
2399
2403
2450
2400
2402
2467
3446
2401
3423
2402
2406
3422
2403
2405
2468
3451
2404
2449
2405
2409
2448
2406
2408
2473
3452
2407
3421
2408
2412
3420
2409
2411
2474
3457
2410
2447
2411
2415
2446
2412
2414
2479
3458
2413
3419
2414
2418
3418
2415
2417
2480
3463
2416
2445
2417
2421
2444
2418
2420
2485
3464
2419
3417
2420
2424
3512
2421
2423
2486
3511
2422
2443
2423
2427
2442
2424
2426
2491
3765
2425
3764
2426
2430
3763
2427
2429
2492
3772
2428
2441
2429
2433
2440
2430
2432
2497
3773
2431
3762
2432
2436
3761
2433
2435
2498
3778
2434
2439
2435
2438
2436
2501
3779
2437
3760
3759
2439
2501
2440
2498
2500
2441
2495
2497
2442
2492
2494
2443
2489
2491
2444
2486
2488
2445
2483
2485
2446
2480
2482
2447
2477
2479
2448
2474
2476
2449
2471
2473
2450
2468
2470
2451
2465
2467
2452
2462
2464
2453
2459
2461
2454
2456
2458
2455
2456
3477
2457
2461
3476
2458
2460
3481
2459
2460
2464
2515
2461
2463
2516
3482
2462
3475
2463
2467
3474
2464
2466
2517
3487
2465
2514
2466
2470
2513
2467
2469
2520
3488
2468
3473
2469
2473
3472
2470
2472
2521
3493
2471
2512
2472
2476
2511
2473
2475
2526
3494
2474
3471
2475
2479
3470
2476
2478
2527
3499
2477
2510
2478
2482
2509
2479
2481
2532
3500
2480
3469
2481
2485
3468
2482
2484
2533
3505
2483
2508
2484
2488
2507
2485
2487
2538
3506
2486
3467
2487
2491
3510
2488
2490
2539
3509
2489
2506
2490
2494
2505
2491
2493
2544
3788
2492
3787
2493
2497
3786
2494
2496
2545
3794
2495
2504
2496
2500
2503
2497
2499
2550
3795
2498
3785
2499
2501
3784
2500
2551
3800
2502
3783
2503
2551
2504
2548
2550
2505
2545
2547
2506
2542
2544
2507
2539
2541
2508
2536
2538
2509
2533
2535
2510
2530
2532
2511
2527
2529
2512
2524
2526
2513
2521
2523
2514
2518
2520
2515
2517
2516
2517
3815
2520
3814
2519
2523
2520
2522
3818
2521
3813
2522
2526
3812
2523
2525
2561
3823
2524
2560
2525
2529
2559
2526
2528
2562
3824
2527
3811
2528
2532
3810
2529
2531
2563
3829
2530
2558
2531
2535
2557
2532
2534
2568
3830
2533
3809
2534
2538
3808
2535
2537
2569
3835
2536
2556
2537
2541
2555
2538
2540
2574
3836
2539
3807
2540
2544
3806
2541
2543
2575
3841
2542
2554
2543
2547
2553
2544
2546
2580
3842
2545
3805
2546
2550
3804
2547
2549
2581
3847
2548
2552
2549
2550
3848
2551
3803
3802
2553
2581
2583
2554
2578
2580
2555
2575
2577
2556
2572
2574
2557
2569
2571
2558
2566
2568
2559
2563
2565
2560
2562
2561
2562
3860
2563
3859
2564
2568
3858
2565
2567
3865
2566
2567
2571
2568
2570
3866
2569
3857
2570
2574
3856
2571
2573
2589
3871
2572
2588
2573
2577
2587
2574
2576
2590
3872
2575
3855
2576
2580
3854
2577
2579
2591
3877
2578
2586
2579
2583
2585
2580
2582
2596
3878
2581
3853
2582
3852
2583
2597
3883
2584
2585
2597
2599
2586
2594
2596
2587
2591
2593
2588
2590
2589
2590
3888
2591
3887
2592
2596
3886
2593
2595
3893
2594
2595
2599
2596
2598
3894
2597
3885
2598
3884
2599
3899
2601
2615
2783
2614
2767
2603
2605
2623
2604
2626
2605
2607
2627
2606
2622
2607
2609
2621
2608
2632
2609
2611
2633
2610
2620
2611
2613
2619
2612
2638
2613
2615
2639
2614
2618
2615
2617
2766
2616
2782
2617
2639
2643
2813
2618
2642
2765
2619
2639
2641
2620
2636
2638
2621
2633
2635
2622
2630
2632
2623
2627
2629
2624
2626
2625
2629
2651
2626
2628
2652
2627
2628
2632
2629
2631
2653
2630
2650
2631
2635
2649
2632
2634
2658
2633
2634
2638
2635
2637
2659
2636
2648
2637
2641
2647
2638
2640
2664
2639
2640
2641
2643
2665
2642
2646
2643
2645
2764
2644
2812
2645
2665
2669
2843
2646
2668
2763
2647
2665
2667
2648
2662
2664
2649
2659
2661
2650
2656
2658
2651
2653
2655
2652
2653
2654
2658
2655
2657
2677
2656
2676
2657
2661
2675
2658
2660
2682
2659
2660
2664
2661
2663
2683
2662
2674
2663
2667
2673
2664
2666
2688
2665
2666
2667
2669
2689
2668
2672
2669
2671
2762
2670
2842
2671
2689
2693
2873
2672
2692
2761
2673
2689
2691
2674
2686
2688
2675
2683
2685
2676
2680
2682
2677
2679
2678
2682
2679
2681
2680
2681
2685
2699
2682
2684
2702
2683
2684
2688
2685
2687
2703
2686
2698
2687
2691
2697
2688
2690
2708
2689
2690
2691
2693
2709
2692
2696
2693
2695
2760
2694
2872
2695
2709
2713
3067
2696
2712
2759
2697
2709
2711
2698
2706
2708
2699
2703
2705
2700
2702
2701
2705
2702
2704
2703
2704
2708
2705
2707
2719
2706
2718
2707
2711
2717
2708
2710
2724
2709
2710
2711
2713
2725
2712
2716
2713
2715
2758
2714
3066
2715
2725
2729
3129
2716
2728
2757
2717
2725
2727
2718
2722
2724
2719
2721
2720
2724
2721
2723
2722
2723
2727
2733
2724
2726
2736
2725
2726
2727
2729
2737
2728
2732
2729
2731
2756
2730
3128
2731
2737
2741
3191
2732
2740
2755
2733
2737
2739
2734
2736
2735
2739
2736
2738
2737
2738
2739
2741
2745
2740
2744
2741
2743
2754
2742
3190
2743
2745
2747
3253
2744
2746
2753
2745
2747
2749
2752
2748
3252
2749
3315
2751
2751
3312
3314
2752
3311
3315
2753
3250
3252
2754
3249
3253
2755
3188
3190
2756
3187
3191
2757
3126
3128
2758
3125
3129
2759
3064
3066
2760
3063
3067
2761
2870
2872
2762
2869
2873
2763
2840
2842
2764
2839
2843
2765
2810
2812
2766
2809
2813
2767
2780
2782
2779
2783
2769
2771
2797
2770
2774
2771
2773
2901
2772
2906
2773
2797
2801
2940
2774
2800
2900
2775
2797
2799
2776
2794
2796
2777
2791
2793
2778
2788
2790
2779
2785
2787
2780
2784
2781
2787
2809
2782
2784
2786
2814
2783
2813
2784
2785
2786
2790
2787
2789
2815
2788
2808
2789
2793
2807
2790
2792
2820
2791
2792
2796
2793
2795
2821
2794
2806
2795
2799
2805
2796
2798
2826
2797
2798
2799
2801
2827
2800
2804
2801
2803
2899
2802
2939
2803
2827
2831
2970
2804
2830
2898
2805
2827
2829
2806
2824
2826
2807
2821
2823
2808
2818
2820
2809
2815
2817
2810
2814
2811
2817
2839
2812
2814
2816
2844
2813
2843
2814
2815
2816
2820
2817
2819
2845
2818
2838
2819
2823
2837
2820
2822
2850
2821
2822
2826
2823
2825
2851
2824
2836
2825
2829
2835
2826
2828
2856
2827
2828
2829
2831
2857
2830
2834
2831
2833
2897
2832
2969
2833
2857
2861
3000
2834
2860
2896
2835
2857
2859
2836
2854
2856
2837
2851
2853
2838
2848
2850
2839
2845
2847
2840
2844
2841
2847
2869
2842
2844
2846
2874
2843
2873
2844
2845
2846
2850
2847
2849
2875
2848
2868
2849
2853
2867
2850
2852
2880
2851
2852
2856
2853
2855
2881
2854
2866
2855
2859
2865
2856
2858
2886
2857
2858
2859
2861
2887
2860
2864
2861
2863
2895
2862
2999
2863
2887
2891
3030
2864
2890
2894
2865
2887
2889
2866
2884
2886
2867
2881
2883
2868
2878
2880
2869
2875
2877
2870
2874
2871
2877
3063
2872
2874
2876
3068
2873
3067
2874
2875
2876
2880
2877
2879
3069
2878
3062
2879
2883
3061
2880
2882
3074
2881
2882
2886
2883
2885
3075
2884
3060
2885
2889
3059
2886
2888
3080
2887
2888
2889
2891
3081
2890
3058
2891
2893
3057
2892
3086
2893
3028
3030
3087
2894
3027
3056
2895
3026
3030
2896
2997
2999
2897
2996
3000
2898
2967
2969
2899
2966
2970
2900
2937
2939
2901
2936
2940
2904
2906
2903
2910
2923
2909
2913
2905
2908
2936
2906
2907
2941
2940
2908
2910
2942
2909
2935
2910
2912
2934
2911
2947
2912
2921
2923
2948
2913
2920
2933
2919
2923
2915
2917
3535
2916
3538
2917
2924
2928
3547
2918
2927
3534
2919
2924
2926
2920
2922
2921
2926
2932
2922
2925
2953
2923
2924
2925
2926
2928
2954
2927
2931
2928
2930
3533
2929
3546
2930
2954
2958
3553
2931
2957
3532
2932
2954
2956
2933
2951
2953
2934
2948
2950
2935
2945
2947
2936
2942
2944
2937
2941
2938
2944
2966
2939
2941
2943
2971
2940
2970
2941
2942
2943
2947
2944
2946
2972
2945
2965
2946
2950
2964
2947
2949
2977
2948
2949
2953
2950
2952
2978
2951
2963
2952
2956
2962
2953
2955
2983
2954
2955
2956
2958
2984
2957
2961
2958
2960
3531
2959
3552
2960
2984
2988
3562
2961
2987
3530
2962
2984
2986
2963
2981
2983
2964
2978
2980
2965
2975
2977
2966
2972
2974
2967
2971
2968
2974
2996
2969
2971
2973
3001
2970
3000
2971
2972
2973
2977
2974
2976
3002
2975
2995
2976
2980
2994
2977
2979
3007
2978
2979
2983
2980
2982
3008
2981
2993
2982
2986
2992
2983
2985
3013
2984
2985
2986
2988
3014
2987
2991
2988
2990
3529
2989
3561
2990
3014
3018
3575
2991
3017
3528
2992
3014
3016
2993
3011
3013
2994
3008
3010
2995
3005
3007
2996
3002
3004
2997
3001
2998
3004
3026
2999
3001
3003
3029
3000
3030
3001
3002
3003
3007
3004
3006
3031
3005
3025
3006
3010
3024
3007
3009
3036
3008
3009
3013
3010
3012
3037
3011
3023
3012
3016
3022
3013
3015
3042
3014
3015
3016
3018
3043
3017
3021
3018
3020
3527
3019
3574
3020
3043
3047
3592
3021
3046
3526
3022
3043
3045
3023
3040
3042
3024
3037
3039
3025
3034
3036
3026
3031
3033
3027
3029
3028
3033
3055
3029
3032
3092
3030
3031
3032
3036
3033
3035
3093
3034
3054
3035
3039
3053
3036
3038
3098
3037
3038
3042
3039
3041
3099
3040
3052
3041
3045
3051
3042
3044
3104
3043
3044
3045
3047
3105
3046
3050
3047
3049
3525
3048
3591
3049
3105
3109
3613
3050
3108
3524
3051
3105
3107
3052
3102
3104
3053
3099
3101
3054
3096
3098
3055
3093
3095
3056
3090
3092
3057
3087
3089
3058
3084
3086
3059
3081
3083
3060
3078
3080
3061
3075
3077
3062
3072
3074
3063
3069
3071
3064
3068
3065
3071
3125
3066
3068
3070
3130
3067
3129
3068
3069
3070
3074
3071
3073
3131
3072
3124
3073
3077
3123
3074
3076
3136
3075
3076
3080
3077
3079
3137
3078
3122
3079
3083
3121
3080
3082
3142
3081
3082
3086
3083
3085
3143
3084
3120
3085
3089
3119
3086
3088
3148
3087
3088
3092
3089
3091
3149
3090
3118
3091
3095
3117
3092
3094
3154
3093
3094
3098
3095
3097
3155
3096
3116
3097
3101
3115
3098
3100
3160
3099
3100
3104
3101
3103
3161
3102
3114
3103
3107
3113
3104
3106
3166
3105
3106
3107
3109
3167
3108
3112
3109
3111
3523
3110
3612
3111
3167
3171
3638
3112
3170
3522
3113
3167
3169
3114
3164
3166
3115
3161
3163
3116
3158
3160
3117
3155
3157
3118
3152
3154
3119
3149
3151
3120
3146
3148
3121
3143
3145
3122
3140
3142
3123
3137
3139
3124
3134
3136
3125
3131
3133
3126
3130
3127
3133
3187
3128
3130
3132
3192
3129
3191
3130
3131
3132
3136
3133
3135
3193
3134
3186
3135
3139
3185
3136
3138
3198
3137
3138
3142
3139
3141
3199
3140
3184
3141
3145
3183
3142
3144
3204
3143
3144
3148
3145
3147
3205
3146
3182
3147
3151
3181
3148
3150
3210
3149
3150
3154
3151
3153
3211
3152
3180
3153
3157
3179
3154
3156
3216
3155
3156
3160
3157
3159
3217
3158
3178
3159
3163
3177
3160
3162
3222
3161
3162
3166
3163
3165
3223
3164
3176
3165
3169
3175
3166
3168
3228
3167
3168
3169
3171
3229
3170
3174
3171
3173
3521
3172
3637
3173
3229
3233
3664
3174
3232
3520
3175
3229
3231
3176
3226
3228
3177
3223
3225
3178
3220
3222
3179
3217
3219
3180
3214
3216
3181
3211
3213
3182
3208
3210
3183
3205
3207
3184
3202
3204
3185
3199
3201
3186
3196
3198
3187
3193
3195
3188
3192
3189
3195
3249
3190
3192
3194
3254
3191
3253
3192
3193
3194
3198
3195
3197
3255
3196
3248
3197
3201
3247
3198
3200
3260
3199
3200
3204
3201
3203
3261
3202
3246
3203
3207
3245
3204
3206
3266
3205
3206
3210
3207
3209
3267
3208
3244
3209
3213
3243
3210
3212
3272
3211
3212
3216
3213
3215
3273
3214
3242
3215
3219
3241
3216
3218
3278
3217
3218
3222
3219
3221
3279
3220
3240
3221
3225
3239
3222
3224
3284
3223
3224
3228
3225
3227
3285
3226
3238
3227
3231
3237
3228
3230
3290
3229
3230
3231
3233
3291
3232
3236
3233
3235
3519
3234
3663
3235
3291
3295
3690
3236
3294
3518
3237
3291
3293
3238
3288
3290
3239
3285
3287
3240
3282
3284
3241
3279
3281
3242
3276
3278
3243
3273
3275
3244
3270
3272
3245
3267
3269
3246
3264
3266
3247
3261
3263
3248
3258
3260
3249
3255
3257
3250
3254
3251
3257
3311
3252
3254
3256
3316
3253
3315
3254
3255
3256
3260
3257
3259
3317
3258
3310
3259
3263
3309
3260
3262
3322
3261
3262
3266
3263
3265
3323
3264
3308
3265
3269
3307
3266
3268
3328
3267
3268
3272
3269
3271
3329
3270
3306
3271
3275
3305
3272
3274
3334
3273
3274
3278
3275
3277
3335
3276
3304
3277
3281
3303
3278
3280
3340
3279
3280
3284
3281
3283
3341
3282
3302
3283
3287
3301
3284
3286
3346
3285
3286
3290
3287
3289
3347
3288
3300
3289
3293
3299
3290
3292
3352
3291
3292
3293
3295
3353
3294
3298
3295
3297
3517
3296
3689
3297
3353
3357
3716
3298
3356
3516
3299
3353
3355
3300
3350
3352
3301
3347
3349
3302
3344
3346
3303
3341
3343
3304
3338
3340
3305
3335
3337
3306
3332
3334
3307
3329
3331
3308
3326
3328
3309
3323
3325
3310
3320
3322
3311
3317
3319
3312
3316
3313
3319
3373
3314
3316
3318
3374
3315
3316
3317
3318
3322
3319
3321
3375
3320
3372
3321
3325
3371
3322
3324
3380
3323
3324
3328
3325
3327
3381
3326
3370
3327
3331
3369
3328
3330
3386
3329
3330
3334
3331
3333
3387
3332
3368
3333
3337
3367
3334
3336
3392
3335
3336
3340
3337
3339
3393
3338
3366
3339
3343
3365
3340
3342
3398
3341
3342
3346
3343
3345
3399
3344
3364
3345
3349
3363
3346
3348
3404
3347
3348
3352
3349
3351
3405
3350
3362
3351
3355
3361
3352
3354
3410
3353
3354
3355
3357
3411
3356
3360
3357
3359
3515
3358
3715
3359
3411
3415
3742
3360
3414
3514
3361
3411
3413
3362
3408
3410
3363
3405
3407
3364
3402
3404
3365
3399
3401
3366
3396
3398
3367
3393
3395
3368
3390
3392
3369
3387
3389
3370
3384
3386
3371
3381
3383
3372
3378
3380
3373
3375
3377
3374
3375
3376
3380
3377
3379
3378
3379
3383
3429
3380
3382
3430
3381
3382
3386
3383
3385
3431
3384
3428
3385
3389
3427
3386
3388
3436
3387
3388
3392
3389
3391
3437
3390
3426
3391
3395
3425
3392
3394
3442
3393
3394
3398
3395
3397
3443
3396
3424
3397
3401
3423
3398
3400
3448
3399
3400
3404
3401
3403
3449
3402
3422
3403
3407
3421
3404
3406
3454
3405
3406
3410
3407
3409
3455
3408
3420
3409
3413
3419
3410
3412
3460
3411
3412
3413
3415
3461
3414
3418
3415
3417
3513
3416
3741
3417
3461
3465
3768
3418
3464
3512
3419
3461
3463
3420
3458
3460
3421
3455
3457
3422
3452
3454
3423
3449
3451
3424
3446
3448
3425
3443
3445
3426
3440
3442
3427
3437
3439
3428
3434
3436
3429
3431
3433
3430
3431
3432
3436
3433
3435
3434
3435
3439
3477
3436
3438
3478
3437
3438
3442
3439
3441
3479
3440
3476
3441
3445
3475
3442
3444
3484
3443
3444
3448
3445
3447
3485
3446
3474
3447
3451
3473
3448
3450
3490
3449
3450
3454
3451
3453
3491
3452
3472
3453
3457
3471
3454
3456
3496
3455
3456
3460
3457
3459
3497
3458
3470
3459
3463
3469
3460
3462
3502
3461
3462
3463
3465
3503
3464
3468
3465
3467
3511
3466
3767
3467
3503
3507
3791
3468
3506
3510
3469
3503
3505
3470
3500
3502
3471
3497
3499
3472
3494
3496
3473
3491
3493
3474
3488
3490
3475
3485
3487
3476
3482
3484
3477
3479
3481
3478
3479
3480
3484
3481
3483
3482
3483
3487
3815
3484
3486
3816
3485
3486
3490
3487
3489
3817
3488
3814
3489
3493
3813
3490
3492
3820
3491
3492
3496
3493
3495
3821
3494
3812
3495
3499
3811
3496
3498
3826
3497
3498
3502
3499
3501
3827
3500
3810
3501
3505
3809
3502
3504
3832
3503
3504
3505
3507
3833
3506
3808
3507
3509
3807
3508
3838
3509
3789
3791
3839
3510
3788
3806
3511
3787
3791
3512
3765
3767
3513
3764
3768
3514
3739
3741
3515
3738
3742
3516
3713
3715
3517
3712
3716
3518
3687
3689
3519
3686
3690
3520
3661
3663
3521
3660
3664
3522
3635
3637
3523
3634
3638
3524
3610
3612
3525
3609
3613
3526
3589
3591
3527
3588
3592
3528
3572
3574
3529
3571
3575
3530
3559
3561
3531
3558
3562
3532
3550
3552
3533
3549
3553
3534
3544
3546
3535
3543
3547
3536
3538
3540
3537
3541
3538
3542
3539
3547
3540
3542
3548
3541
3543
3542
3544
3548
3545
3549
3546
3548
3554
3547
3553
3548
3550
3554
3551
3556
3558
3552
3554
3555
3563
3553
3562
3554
3556
3564
3557
3558
3564
3566
3559
3563
3560
3566
3571
3561
3563
3565
3576
3562
3575
3563
3564
3565
3566
3568
3577
3567
3570
3568
3569
3582
3570
3580
3582
3571
3577
3579
3572
3576
3573
3579
3588
3574
3576
3578
3593
3575
3592
3576
3577
3578
3582
3579
3581
3594
3580
3587
3581
3584
3586
3582
3583
3599
3584
3600
3585
3586
3600
3602
3587
3597
3599
3588
3594
3596
3589
3593
3590
3596
3609
3591
3593
3595
3614
3592
3613
3593
3594
3595
3599
3596
3598
3615
3597
3608
3598
3602
3607
3599
3601
3620
3600
3601
3602
3604
3621
3603
3606
3604
3605
3626
3606
3624
3626
3607
3621
3623
3608
3618
3620
3609
3615
3617
3610
3614
3611
3617
3634
3612
3614
3616
3639
3613
3638
3614
3615
3616
3620
3617
3619
3640
3618
3633
3619
3623
3632
3620
3622
3645
3621
3622
3626
3623
3625
3646
3624
3631
3625
3628
3630
3626
3627
3651
3628
3652
3629
3630
3652
3654
3631
3649
3651
3632
3646
3648
3633
3643
3645
3634
3640
3642
3635
3639
3636
3642
3660
3637
3639
3641
3665
3638
3664
3639
3640
3641
3645
3642
3644
3666
3643
3659
3644
3648
3658
3645
3647
3671
3646
3647
3651
3648
3650
3672
3649
3657
3650
3654
3656
3651
3653
3677
3652
3653
3654
3678
3655
3656
3678
3680
3657
3675
3677
3658
3672
3674
3659
3669
3671
3660
3666
3668
3661
3665
3662
3668
3686
3663
3665
3667
3691
3664
3690
3665
3666
3667
3671
3668
3670
3692
3669
3685
3670
3674
3684
3671
3673
3697
3672
3673
3677
3674
3676
3698
3675
3683
3676
3680
3682
3677
3679
3703
3678
3679
3680
3704
3681
3682
3704
3706
3683
3701
3703
3684
3698
3700
3685
3695
3697
3686
3692
3694
3687
3691
3688
3694
3712
3689
3691
3693
3717
3690
3716
3691
3692
3693
3697
3694
3696
3718
3695
3711
3696
3700
3710
3697
3699
3723
3698
3699
3703
3700
3702
3724
3701
3709
3702
3706
3708
3703
3705
3729
3704
3705
3706
3730
3707
3708
3730
3732
3709
3727
3729
3710
3724
3726
3711
3721
3723
3712
3718
3720
3713
3717
3714
3720
3738
3715
3717
3719
3743
3716
3742
3717
3718
3719
3723
3720
3722
3744
3721
3737
3722
3726
3736
3723
3725
3749
3724
3725
3729
3726
3728
3750
3727
3735
3728
3732
3734
3729
3731
3755
3730
3731
3732
3756
3733
3734
3756
3758
3735
3753
3755
3736
3750
3752
3737
3747
3749
3738
3744
3746
3739
3743
3740
3746
3764
3741
3743
3745
3769
3742
3768
3743
3744
3745
3749
3746
3748
3770
3747
3763
3748
3752
3762
3749
3751
3775
3750
3751
3755
3752
3754
3776
3753
3761
3754
3758
3760
3755
3757
3781
3756
3757
3758
3782
3759
3760
3782
3761
3779
3781
3762
3776
3778
3763
3773
3775
3764
3770
3772
3765
3769
3766
3772
3787
3767
3769
3771
3790
3768
3791
3769
3770
3771
3775
3772
3774
3792
3773
3786
3774
3778
3785
3775
3777
3797
3776
3777
3781
3778
3780
3798
3779
3784
3780
3783
3781
3801
3782
3784
3801
3785
3798
3800
3786
3795
3797
3787
3792
3794
3788
3790
3789
3794
3805
3790
3793
3844
3791
3792
3793
3797
3794
3796
3845
3795
3804
3796
3800
3803
3797
3799
3850
3798
3799
3801
3800
3851
3802
3803
3851
3804
3848
3850
3805
3845
3847
3806
3842
3844
3807
3839
3841
3808
3836
3838
3809
3833
3835
3810
3830
3832
3811
3827
3829
3812
3824
3826
3813
3821
3823
3814
3818
3820
3815
3817
3816
3817
3820
3819
3823
3820
3822
3821
3822
3826
3823
3825
3861
3824
3860
3825
3829
3859
3826
3828
3862
3827
3828
3832
3829
3831
3863
3830
3858
3831
3835
3857
3832
3834
3868
3833
3834
3838
3835
3837
3869
3836
3856
3837
3841
3855
3838
3840
3874
3839
3840
3844
3841
3843
3875
3842
3854
3843
3847
3853
3844
3846
3880
3845
3846
3850
3847
3849
3881
3848
3852
3849
3850
3851
3853
3881
3883
3854
3878
3880
3855
3875
3877
3856
3872
3874
3857
3869
3871
3858
3866
3868
3859
3863
3865
3860
3862
3861
3862
3863
3864
3868
3865
3867
3866
3867
3871
3868
3870
3869
3870
3874
3871
3873
3889
3872
3888
3873
3877
3887
3874
3876
3890
3875
3876
3880
3877
3879
3891
3878
3886
3879
3883
3885
3880
3882
3896
3881
3882
3883
3897
3884
3885
3897
3899
3886
3894
3896
3887
3891
3893
3888
3890
3889
3890
3891
3892
3896
3893
3895
3894
3895
3899
3896
3898
3897
3898
3899
)


// ************************************************************************* //
