/*--------------------------------*- C++ -*----------------------------------*\
| =========                 |                                                 |
| \\      /  F ield         | OpenFOAM: The Open Source CFD Toolbox           |
|  \\    /   O peration     | Version:  2412                                  |
|   \\  /    A nd           | Website:  www.openfoam.com                      |
|    \\/     M anipulation  |                                                 |
\*---------------------------------------------------------------------------*/
FoamFile
{
    version     2.0;
    format      ascii;
    arch        "LSB;label=32;scalar=64";
    note        "nPoints:6051  nCells:3368  nFaces:12649  nInternalFaces:7559";
    class       labelList;
    location    "constant/claddingZone/polyMesh";
    object      neighbour;
}
// * * * * * * * * * * * * * * * * * * * * * * * * * * * * * * * * * * * * * //


7559
(
1
13
2
16
3
12
17
4
11
41
5
10
40
6
9
55
8
56
8
58
9
57
10
54
11
43
12
42
18
14
16
15
19
20
26
17
19
18
22
41
23
42
20
22
21
67
22
24
47
70
23
48
24
49
50
71
26
28
68
67
28
29
74
73
30
79
31
206
32
208
33
207
34
233
36
232
36
140
230
231
38
109
111
113
106
108
126
140
142
144
41
43
45
55
42
48
43
49
44
54
45
49
51
53
46
48
60
47
51
59
86
48
50
85
49
50
51
88
52
87
53
59
63
243
54
60
62
55
57
56
60
57
61
58
62
66
60
64
101
61
62
64
63
66
64
65
244
245
66
268
68
70
69
73
70
72
76
84
71
85
72
88
77
89
74
76
75
79
76
78
82
211
77
83
78
94
95
212
206
211
81
210
214
218
224
82
211
215
217
83
95
97
84
92
94
85
89
91
86
88
87
91
101
88
90
243
89
90
94
91
93
248
92
100
93
97
99
94
96
249
95
96
215
97
216
254
98
217
99
252
254
256
100
249
251
101
246
248
243
245
103
106
104
111
105
112
119
120
107
111
108
110
124
109
125
110
116
130
111
117
131
112
113
117
119
114
116
115
119
153
116
118
134
154
117
133
118
132
119
139
155
156
121
156
122
157
123
164
167
168
125
127
131
126
130
127
129
128
144
129
131
137
143
130
136
142
131
133
132
133
137
139
134
136
135
139
173
136
138
145
176
137
146
138
148
139
149
177
172
141
323
142
147
322
143
146
144
148
146
149
150
340
147
148
150
337
149
341
151
336
339
340
342
153
157
159
163
154
156
155
159
173
156
158
172
157
158
164
159
165
179
160
174
161
163
165
181
162
166
182
192
163
167
191
164
165
167
166
180
167
187
193
194
169
194
170
195
171
202
205
368
173
177
179
174
176
175
179
181
176
178
184
346
177
340
178
341
179
185
347
180
181
185
187
182
184
183
187
189
184
186
350
354
185
345
186
348
187
349
355
188
189
193
355
357
192
352
354
191
195
197
201
192
194
193
197
194
196
195
196
202
197
203
357
198
352
199
201
203
359
200
204
360
378
201
205
371
202
203
205
204
358
205
365
379
380
208
210
208
228
233
209
210
224
226
228
211
213
212
213
215
214
226
215
219
225
216
217
219
255
218
256
219
221
260
220
276
221
225
241
275
222
224
259
223
239
241
258
224
228
238
242
225
226
242
227
228
234
242
229
233
234
236
238
231
308
323
232
305
233
236
235
282
236
281
306
237
305
238
279
281
304
239
282
240
279
286
241
280
282
285
242
284
282
244
248
245
247
268
246
247
251
248
250
267
249
250
254
251
253
266
252
253
257
254
263
265
255
256
263
276
257
260
261
263
259
272
284
286
260
273
275
261
276
262
273
263
269
274
276
264
265
269
266
267
268
270
271
274
283
388
273
283
289
274
275
283
276
284
278
295
301
309
314
279
294
302
304
280
287
281
292
302
282
303
284
290
285
286
290
292
287
289
288
292
294
289
291
297
290
291
388
292
298
389
293
294
298
300
302
295
297
296
300
436
297
299
439
298
299
390
300
391
440
301
435
302
310
317
303
304
306
310
305
309
306
308
307
308
310
311
309
312
310
315
316
312
316
324
315
321
323
314
318
320
328
437
315
317
436
316
320
317
319
318
435
319
331
442
320
324
330
321
329
322
324
326
323
337
325
326
330
338
329
335
337
328
332
334
411
445
329
331
444
330
334
331
333
332
443
333
412
450
334
338
409
335
410
336
338
404
337
339
403
404
406
341
346
347
344
346
406
344
350
392
422
345
418
346
348
350
347
348
349
350
393
351
354
392
393
395
353
357
359
354
356
362
395
355
356
393
357
363
394
358
359
363
365
360
362
361
365
367
362
364
399
512
363
400
364
401
365
402
513
366
367
379
513
517
378
512
516
369
380
372
381
371
375
377
381
378
380
373
384
385
535
375
385
387
538
376
384
377
383
387
519
378
382
516
379
380
382
381
382
384
383
517
384
386
518
385
386
539
387
525
540
520
537
389
390
391
473
396
423
394
395
401
396
400
397
424
398
400
429
399
430
510
400
402
511
401
402
526
404
407
409
405
410
406
407
415
417
418
408
419
409
413
415
456
410
412
411
415
412
414
462
413
461
414
451
460
415
452
463
416
417
452
454
456
418
419
421
422
420
456
421
427
455
422
426
454
423
424
426
425
429
426
428
432
500
427
501
428
504
433
505
430
432
431
652
432
434
620
653
433
619
434
618
648
654
436
440
442
437
439
438
442
444
439
441
447
440
441
473
442
448
472
443
444
448
450
445
447
446
450
462
447
449
465
448
449
471
450
466
470
461
452
456
457
459
453
485
454
457
484
502
455
501
456
457
504
458
503
459
484
488
498
460
485
487
461
463
467
462
466
463
465
464
485
465
467
486
466
467
469
468
487
469
491
494
470
483
471
477
472
474
473
475
477
479
476
480
477
481
482
478
483
479
481
622
480
481
624
483
492
624
491
622
485
489
499
486
487
489
488
494
489
495
633
632
491
493
494
496
627
492
623
493
625
497
626
495
496
677
497
628
631
629
630
499
503
633
637
502
632
636
501
505
507
619
502
504
503
507
504
506
505
506
618
507
637
647
508
636
619
621
639
647
510
528
532
651
511
652
512
526
528
513
515
514
526
515
517
523
527
516
522
528
517
519
518
519
523
525
520
522
521
525
558
522
524
530
581
523
529
524
533
525
534
580
579
527
528
533
529
530
532
533
531
534
596
532
595
665
666
534
597
539
544
537
541
543
549
557
538
540
558
539
543
540
542
541
579
542
550
584
543
544
551
548
545
546
551
552
562
548
552
554
561
549
551
550
554
556
551
553
585
552
553
566
554
567
590
555
560
556
588
590
592
557
585
587
558
582
584
579
581
560
564
568
570
608
561
567
592
564
566
563
566
565
571
565
574
566
568
578
567
568
591
569
695
570
576
578
696
574
575
607
572
578
577
722
574
575
577
727
578
576
606
730
577
701
731
578
726
580
584
581
583
597
582
596
583
587
599
584
586
598
585
586
590
587
589
605
588
600
589
593
603
590
604
611
591
592
611
695
593
608
609
611
613
595
599
601
937
596
936
597
599
598
599
605
600
601
603
605
602
942
603
614
943
604
613
605
612
607
699
701
746
608
696
698
609
695
610
616
698
611
617
695
697
612
613
617
614
616
615
948
616
744
949
617
756
757
619
647
648
620
621
648
650
644
646
659
623
624
625
627
625
626
627
629
628
629
703
702
631
694
702
677
679
703
633
635
634
677
635
637
641
678
636
640
637
639
638
639
641
645
647
640
644
641
643
642
681
643
645
682
686
644
685
645
684
646
687
647
648
660
649
650
654
660
662
653
657
659
652
656
666
653
654
656
655
656
662
668
657
667
658
662
664
659
661
673
683
660
684
661
687
662
674
688
663
664
668
674
676
667
671
673
666
670
936
667
668
670
669
670
676
940
671
939
672
676
976
673
675
969
975
674
964
675
965
676
970
978
977
678
679
681
680
694
704
681
691
693
705
682
691
960
684
688
690
964
685
687
686
690
687
689
960
688
689
965
690
961
966
963
692
706
959
693
707
1032
694
708
709
696
697
701
698
700
757
699
756
700
747
755
701
748
758
749
703
709
704
705
709
706
708
707
998
708
714
1040
709
713
710
711
713
721
712
718
713
715
717
714
720
715
719
1041
716
1042
717
719
1046
718
720
721
720
1047
721
723
726
724
733
725
734
741
777
727
731
733
728
730
729
733
735
730
732
738
745
731
746
732
749
733
739
750
734
735
739
741
736
738
737
741
743
738
740
760
793
739
761
740
764
741
765
794
742
743
777
794
796
776
793
756
759
954
746
750
752
761
747
749
748
752
754
749
751
772
750
751
764
752
763
773
753
762
754
769
770
773
755
771
772
756
758
759
757
758
772
771
1019
761
765
767
806
762
764
763
767
769
764
766
803
765
766
805
767
804
812
768
811
769
775
804
822
774
803
771
774
1025
1020
773
803
775
1026
823
1031
782
792
796
778
779
796
780
797
784
800
782
788
790
800
791
797
785
801
802
786
855
786
854
861
862
867
788
858
860
867
789
855
790
856
858
893
791
799
807
792
798
808
793
795
809
794
806
795
805
796
798
814
797
798
800
799
815
800
820
856
855
835
837
861
837
854
804
821
806
812
814
809
811
808
818
820
893
809
815
817
810
814
811
813
817
828
812
822
813
821
814
816
829
815
816
820
817
819
830
818
827
819
832
894
820
831
895
896
822
829
823
828
824
1247
826
828
1246
826
832
902
1268
827
1264
828
830
832
829
830
831
832
903
833
894
900
902
903
835
839
841
873
836
864
837
841
865
866
839
851
930
934
840
874
841
851
928
927
843
849
851
852
844
848
845
847
852
846
847
1060
848
853
1061
849
1059
850
853
1058
851
934
1057
1102
929
853
1065
866
856
867
857
896
858
867
869
897
859
892
860
869
871
891
868
878
862
864
866
863
868
864
872
879
865
873
866
927
868
869
879
870
911
871
879
881
912
878
882
890
873
875
880
874
927
875
928
930
885
931
877
883
885
887
878
880
882
879
880
881
885
882
884
917
883
889
884
888
1104
885
918
1103
886
887
931
1103
1107
1104
1106
889
918
920
1111
890
915
917
891
912
914
892
909
911
893
897
899
894
896
895
899
896
898
903
897
898
911
899
904
910
900
909
901
904
908
902
905
1274
1275
904
926
906
908
1331
907
924
1330
908
914
922
925
909
926
910
914
911
913
926
912
913
917
914
916
925
915
916
920
922
917
919
1120
918
919
1110
920
1115
1119
921
1114
922
923
1119
1283
924
1120
924
1282
1328
1329
926
1120
928
929
930
1102
931
933
932
933
1107
1123
934
1102
1124
935
1050
1057
1124
937
939
938
942
939
941
945
981
940
976
941
977
946
980
943
945
944
948
945
947
951
987
946
982
947
985
952
986
949
951
950
954
951
953
955
1175
952
1018
953
1017
956
1176
955
1019
956
958
1180
957
1181
958
1022
1182
1019
1021
1183
960
962
998
1032
961
962
1000
997
999
1033
964
966
968
965
969
966
970
967
1000
968
970
994
1001
969
995
970
972
971
972
978
992
994
973
975
995
974
992
996
1008
975
979
981
983
976
978
977
981
978
980
979
980
984
992
981
985
982
983
985
987
984
988
1008
985
989
991
986
987
989
1017
988
1018
989
1009
1173
990
1172
991
1009
1011
1186
992
1008
1012
993
994
996
1005
1012
995
1004
996
1007
998
1045
1151
1040
1000
1002
1034
1151
1001
1002
1004
1003
1035
1152
1004
1006
1036
1153
1005
1006
1013
1014
1037
1154
1008
1010
1012
1009
1010
1185
1011
1184
1012
1016
1187
1013
1014
1016
1015
1038
1155
1016
1039
1156
1219
1218
1018
1172
1176
1173
1175
1020
1021
1025
1022
1024
1203
1023
1202
1024
1028
1209
1025
1027
1204
1026
1027
1031
1028
1030
1211
1029
1210
1030
1217
1249
1031
1212
1248
1247
1033
1040
1034
1045
1035
1162
1036
1161
1037
1160
1038
1159
1039
1158
1157
1371
1041
1045
1042
1044
1047
1043
1046
1044
1049
1163
1045
1048
1150
1162
1047
1049
1048
1049
1149
1170
1051
1056
1125
1053
1055
1136
1053
1085
1090
1308
1054
1137
1055
1083
1085
1148
1056
1068
1147
1057
1067
1146
1058
1145
1059
1065
1067
1061
1063
1061
1064
1062
1065
1063
1064
1066
1071
1067
1069
1070
1066
1067
1081
1068
1069
1081
1083
1071
1073
1071
1074
1072
1081
1073
1074
1077
1082
1076
1083
1075
1077
1080
1077
1079
1084
1078
1086
1079
1080
1087
1098
1088
1096
1097
1082
1083
1086
1084
1085
1086
1088
1089
1487
1087
1088
1482
1089
1095
1090
1094
1488
1091
1309
1092
1094
1314
1093
1315
1470
1094
1478
1480
1534
1095
1535
1096
1480
1482
1098
1100
1098
1101
1099
1482
1100
1101
1481
1536
1480
1537
1541
1145
1104
1108
1110
1105
1111
1106
1108
1112
1129
1107
1122
1108
1121
1109
1130
1110
1112
1116
1290
1111
1115
1112
1114
1113
1289
1114
1116
1284
1288
1115
1283
1116
1118
1117
1291
1118
1284
1306
1119
1283
1120
1122
1123
1130
1132
1127
1129
1124
1126
1125
1145
1126
1136
1146
1132
1135
1128
1132
1134
1129
1131
1141
1294
1130
1289
1131
1290
1132
1142
1293
1133
1134
1135
1142
1144
1139
1141
1136
1138
1137
1147
1138
1148
1308
1144
1307
1140
1144
1312
1141
1143
1296
1491
1142
1295
1143
1300
1144
1301
1490
1489
1146
1147
1148
1487
1150
1166
1170
1162
1163
1165
1152
1162
1153
1161
1154
1160
1155
1159
1156
1158
1157
1380
1158
1387
1159
1160
1161
1168
1162
1165
1164
1170
1165
1169
1171
1166
1168
1167
1171
1168
1379
1169
1379
1171
1379
1173
1177
1186
1174
1185
1175
1177
1179
1190
1176
1180
1177
1181
1178
1191
1179
1181
1192
1200
1180
1193
1199
1181
1183
1182
1183
1200
1202
1199
1203
1185
1187
1189
1186
1190
1187
1191
1188
1218
1189
1191
1195
1221
1190
1194
1191
1193
1192
1193
1195
1201
1194
1198
1195
1197
1196
1222
1197
1201
1225
1226
1198
1227
1199
1201
1231
1200
1206
1201
1207
1232
1203
1207
1209
1204
1206
1205
1209
1211
1206
1208
1214
1230
1207
1231
1208
1232
1209
1215
1233
1210
1211
1215
1217
1212
1214
1213
1217
1253
1214
1216
1228
1254
1215
1229
1216
1242
1217
1243
1255
1256
1219
1221
1220
1371
1380
1221
1223
1370
1381
1222
1223
1225
1224
1369
1382
1225
1236
1368
1383
1237
1227
1232
1234
1237
1231
1235
1229
1243
1245
1339
1230
1240
1242
1231
1233
1235
1232
1233
1234
1242
1235
1238
1241
1240
1237
1239
1367
1388
1238
1239
1375
1372
1374
1389
1241
1245
1242
1244
1375
1243
1244
1340
1245
1341
1376
1338
1247
1251
1264
1248
1249
1251
1253
1250
1256
1251
1257
1265
1252
1263
1253
1257
1259
1262
1254
1256
1255
1259
1339
1256
1258
1340
1257
1258
1270
1259
1269
1345
1261
1344
1261
1272
1352
1354
1357
1262
1269
1347
1263
1270
1272
1264
1265
1267
1268
1266
1270
1267
1271
1277
1268
1272
1276
1275
1270
1346
1354
1271
1272
1354
1355
1273
1276
1280
1355
1357
1275
1279
1331
1276
1277
1279
1278
1355
1279
1333
1360
1280
1332
1337
1358
1360
1282
1284
1324
1326
1283
1327
1284
1285
1286
1288
1306
1324
1287
1305
1323
1512
1288
1292
1294
1298
1289
1291
1290
1294
1291
1293
1292
1306
1293
1299
1305
1294
1300
1295
1296
1298
1300
1297
1301
1502
1298
1302
1503
1511
1299
1512
1300
1302
1304
1301
1302
1505
1303
1504
1304
1511
1513
1305
1512
1306
1308
1310
1489
1309
1487
1310
1314
1488
1313
1494
1312
1318
1492
1494
1489
1491
1314
1316
1495
1315
1535
1316
1520
1534
1521
1555
1318
1498
1519
1555
1495
1497
1320
1509
1566
1769
1321
1510
1770
1322
1511
1736
1323
1512
1733
1324
1486
1325
1326
1484
1486
1327
1412
1328
1409
1329
1408
1330
1405
1331
1335
1332
1333
1335
1337
1334
1361
1335
1366
1406
1336
1405
1337
1364
1366
1404
1361
1363
1339
1341
1343
1340
1344
1341
1345
1342
1397
1343
1345
1349
1396
1344
1348
1345
1347
1346
1347
1349
1353
1348
1352
1349
1351
1350
1401
1351
1353
1402
1436
1352
1435
1353
1434
1354
1437
1356
1356
1360
1357
1359
1437
1358
1434
1359
1363
1433
1360
1362
1438
1361
1362
1366
1363
1365
1453
1364
1432
1365
1417
1431
1366
1418
1454
1419
1368
1372
1395
1369
1384
1370
1385
1371
1386
1387
1373
1394
1374
1378
1393
1375
1377
1390
1376
1377
1397
1378
1391
1398
1392
1446
1381
1387
1382
1386
1383
1385
1384
1388
1385
1395
1386
1387
1389
1395
1390
1394
1391
1393
1392
1462
1393
1469
1394
1395
1397
1399
1401
1398
1399
1446
1462
1400
1445
1463
1401
1442
1444
1464
1402
1442
1447
1404
1408
1414
1416
1420
1405
1417
1419
1406
1408
1407
1419
1408
1410
1420
1409
1410
1412
1414
1411
1423
1412
1424
1483
1413
1484
1414
1424
1426
1721
1415
1423
1416
1422
1426
1428
1417
1421
1429
1418
1430
1419
1421
1741
1420
1421
1423
1422
1746
1423
1425
1747
1424
1425
1724
1426
1723
1752
1427
1722
1428
1750
1752
1754
1429
1747
1749
1430
1744
1746
1431
1741
1743
1432
1454
1456
1433
1451
1453
1434
1438
1440
1435
1437
1436
1440
1437
1439
1447
1438
1439
1453
1440
1448
1452
1451
1442
1447
1449
1460
1718
1443
1465
1444
1460
1466
1445
1467
1446
1468
1469
1448
1449
1459
1450
1461
1719
1457
1459
1720
1783
1452
1456
1453
1455
1459
1454
1455
1741
1456
1458
1742
1743
1458
1765
1784
1827
1459
1764
1461
1717
1783
1816
1463
1469
1464
1468
1465
1467
1466
1718
1467
1713
1717
1468
1710
1469
1471
1478
1520
1472
1477
1523
1474
1476
1524
1474
1528
1609
1611
1475
1529
1476
1530
1552
1611
1477
1531
1545
1478
1532
1544
1479
1533
1480
1537
1542
1544
1481
1482
1542
1484
1724
1735
1485
1721
1486
1726
1732
1735
1733
1488
1535
1490
1494
1491
1493
1505
1492
1502
1493
1497
1501
1494
1496
1506
1495
1496
1555
1497
1556
1558
1498
1500
1499
1518
1556
1500
1557
1561
1584
1501
1558
1560
1502
1506
1508
1503
1505
1504
1508
1510
1505
1507
1513
1506
1507
1558
1508
1514
1559
1509
1560
1510
1514
1516
1511
1513
1512
1514
1515
1516
1559
1563
1560
1564
1566
1518
1569
1571
1575
1589
1519
1568
1584
1567
1571
1521
1523
1533
1522
1567
1523
1525
1570
1524
1532
1525
1529
1531
1526
1577
1527
1529
1578
1528
1605
1607
1529
1646
1648
1530
1531
1646
1532
1533
1534
1535
1537
1539
1541
1542
1538
1539
1544
1546
1540
1543
1547
1541
1548
1543
1544
1554
1545
1546
1552
1554
1547
1551
1548
1550
1554
1549
1550
1622
1551
1553
1623
1552
1613
1553
1612
1554
1626
1556
1567
1557
1568
1558
1562
1583
1559
1560
1562
1561
1562
1564
1585
1563
1586
1564
1599
1565
1600
1566
1627
1838
1839
1568
1570
1569
1583
1570
1576
1582
1571
1577
1572
1573
1575
1577
1574
1578
1602
1575
1579
1591
1603
1576
1590
1577
1579
1581
1578
1579
1605
1580
1604
1581
1591
1595
1699
1582
1590
1594
1583
1587
1589
1584
1586
1585
1589
1586
1588
1600
1587
1599
1588
1594
1598
1589
1593
1629
1590
1591
1593
1592
1696
1593
1595
1697
1706
1594
1630
1595
1597
1596
1698
1597
1706
1708
1598
1630
1599
1629
1600
1627
1629
1602
1606
1653
1655
1603
1605
1604
1655
1696
1605
1656
1699
1606
1607
1652
1656
1648
1651
1609
1615
1617
1649
1610
1648
1611
1617
1619
1647
1612
1646
1613
1619
1626
1620
1623
1615
1638
1640
1665
1616
1664
1617
1640
1642
1663
1618
1662
1619
1632
1634
1642
1620
1625
1624
1634
1622
1624
1635
1623
1624
1626
1625
1633
1626
1632
1628
1870
1629
1631
1873
1630
1631
1706
1705
1874
1633
1645
1634
1635
1644
1643
1636
1644
1680
1638
1669
1673
1675
1639
1668
1640
1675
1677
2099
1641
2098
1642
1677
1679
1684
1643
1645
1644
1679
1645
1681
1684
1647
1648
1662
1649
1651
1662
1664
1651
1661
1664
1666
1652
1653
1657
1661
1654
1660
1655
1657
1659
1929
1656
1701
1657
1700
1658
1930
1659
1661
1931
1944
1660
1932
1941
1661
1942
1943
1663
1664
2098
1665
1666
1668
2098
1667
1943
1668
1670
1946
1669
2099
1670
1672
2100
1671
1953
1672
1954
2034
1673
2035
2101
1674
1693
1675
2058
2060
2101
1676
2100
1677
1687
2060
2062
1678
1685
1679
1682
1687
1681
1681
1683
1682
1684
1683
1685
1688
1686
1685
2062
1688
1691
1688
1690
1689
2062
1690
1691
2061
2064
2060
2065
1692
2064
2067
1694
2035
2058
1695
2036
2057
2050
2054
2056
1697
1699
1701
1698
1702
1707
1699
1708
1922
1700
1701
1922
1930
1702
1929
1922
1924
1928
1704
1924
1926
1980
1705
1707
1977
1706
1875
1707
1708
1924
1923
1710
1714
1715
1711
1713
1712
1715
1713
1716
1819
1714
1818
1716
2011
1716
2010
1718
1816
1818
1719
1720
1816
1815
1827
1722
1724
1726
1723
1727
1754
1724
1728
1753
1725
1726
1728
1735
1740
1727
1731
1728
1730
1756
1729
1782
1730
1740
1779
1781
1731
1778
1792
1732
1740
1777
1733
1734
1737
1736
1735
1738
1740
1737
1770
1738
1771
1777
1739
1772
1740
1777
1779
1833
1742
1746
1743
1745
1764
1744
1745
1749
1746
1748
1763
1747
1748
1752
1749
1751
1762
1750
1751
1755
1752
1759
1761
1753
1754
1759
1782
1755
1756
1757
1759
1757
1782
1792
1758
1791
1759
1782
1790
1797
1760
1761
1795
1797
1762
1768
1763
1767
1764
1766
1765
1766
1785
1828
1767
1786
1915
1768
1787
1914
1788
1795
1916
1770
1774
1839
1771
1772
1774
1776
1773
1833
1774
1834
1841
1775
1840
1776
1834
1836
1845
1777
1831
1833
1778
1779
1793
1831
1780
1832
1781
1789
1793
1852
1782
1790
1792
1784
1815
1785
1814
1786
1813
1787
1812
1788
1811
1802
1810
1790
1794
1801
1851
1791
1798
1792
1794
1793
1794
1830
1850
1796
1802
1917
1797
1799
1803
1918
1798
1799
1801
1800
1804
1919
1801
1805
1900
1920
1901
1803
1809
1804
1808
1805
1807
1806
1911
1807
1920
2270
2272
1808
1919
2269
1809
1918
2008
1810
1917
2007
1811
1916
2004
1812
1914
2003
1813
1913
1915
1814
1826
1828
1815
1823
1827
1816
1822
1817
1818
1820
1822
2014
1819
2011
1820
2010
1821
2015
1822
1824
2021
1823
2020
1824
1826
2023
1825
2022
1826
1912
2026
1913
2027
1828
1915
1830
1836
1853
1855
1857
1831
1850
1852
1832
1836
1833
1835
1852
1834
1835
1846
1836
1847
1853
1837
1845
1847
1849
1857
1839
1843
1870
1840
1841
1843
1845
1842
1846
1843
1864
1871
1844
1869
1845
1849
1864
1866
1846
1847
1864
1848
1858
1849
1863
1864
1884
1862
1885
1851
1855
1852
1854
1901
1853
1854
1858
1855
1859
1902
1856
1857
1859
1861
1858
1862
1859
1863
1860
1905
1861
1863
1895
1906
1862
1894
1863
1893
1896
1865
1866
1871
1882
1884
1867
1869
1885
1868
1882
1886
1890
1869
1872
1873
1877
1870
1871
1873
1872
1878
1882
1874
1875
1877
1876
1977
1877
1879
1889
1976
1878
1890
1879
1881
1880
1978
1881
1889
1990
1992
1882
1890
1993
1883
1884
1886
1897
1993
1885
1896
1886
1893
1887
1892
1888
1890
1993
1995
1889
1992
2000
2235
1890
1891
1974
1976
1990
2235
1893
1897
1899
1995
1894
1896
1895
1899
1896
1898
2259
1897
1898
1994
1899
1997
2258
1996
1901
1903
1911
1921
1902
1903
1905
1904
1910
2274
1905
1907
1909
2460
1906
1907
2259
1908
2260
2461
1909
2267
2462
1910
2463
1911
2310
2272
1913
2002
2031
2003
2030
1915
1916
1917
1918
1919
1920
1921
2272
2274
1923
1927
1924
1936
1925
1926
1928
1936
1938
1937
1981
1928
1930
1934
1936
1929
1933
1930
1932
1931
1932
1934
1959
1933
1960
1934
1938
1965
1935
1966
1936
1938
1969
1938
1970
1982
1939
1965
1969
1970
1972
1941
1945
1947
1951
1963
1942
1944
1960
1943
1947
1944
1946
1945
1959
1946
1952
1958
1947
1953
1948
1949
1951
1953
1950
1954
2039
1951
1955
1961
2042
1952
1962
1953
1955
1957
1954
1955
2044
1956
2043
1957
1961
2133
2141
1958
1962
2132
1959
1963
1967
1960
1966
1963
1965
1962
2041
2130
1963
2131
1964
1965
1967
1972
2131
1966
1967
1969
1968
2132
1969
1972
2135
1971
2218
1972
2124
2219
1973
2124
2129
2131
2135
1975
1989
2228
2234
1976
1979
1980
1984
1977
1978
1980
1979
1990
1985
1989
1981
1982
1984
1983
2218
1984
1986
2221
2227
1985
2228
1986
1988
1987
2222
1988
2225
2227
2245
1989
2228
2244
1990
2243
1991
1992
2235
2241
2243
1993
2001
1994
1995
1997
2001
1996
2000
1997
1999
1998
2257
1999
2001
2240
2256
2000
2239
2001
2236
2241
2003
2005
2284
2004
2283
2005
2007
2286
2006
2285
2007
2009
2292
2008
2291
2009
2269
2295
2268
2296
2011
2012
2015
2014
2013
2017
2015
2016
2019
2015
2020
2021
2017
2018
2275
2276
2019
2025
2278
2021
2024
2021
2023
2022
2023
2024
2026
2027
2025
2028
2033
2277
2027
2028
2031
2030
2029
2033
2031
2032
2282
2031
2283
2284
2033
2279
2281
2280
2035
2037
2044
2036
2102
2037
2050
2103
2045
2051
2039
2045
2047
2049
2042
2044
2041
2047
2138
2140
2143
2042
2137
2141
2043
2047
2044
2046
2141
2045
2046
2104
2047
2105
2140
2048
2049
2105
2107
2143
2104
2108
2051
2053
2110
2052
2104
2053
2109
2114
2054
2111
2113
2055
2089
2056
2086
2088
2111
2057
2071
2110
2058
2070
2103
2059
2102
2060
2063
2065
2070
2061
2062
2063
2064
2069
2065
2068
2066
2068
2070
2072
2068
2073
2069
2074
2070
2084
2071
2072
2084
2086
2074
2076
2074
2077
2075
2084
2076
2077
2080
2085
2079
2086
2078
2080
2083
2080
2082
2087
2081
2096
2082
2083
2097
2155
2094
2156
2157
2085
2086
2096
2087
2088
2094
2096
2089
2095
2112
2090
2113
2091
2095
2116
2092
2117
2153
2120
2144
2152
2094
2153
2154
2156
2162
2095
2097
2123
2153
2097
2154
2099
2100
2101
2102
2103
2110
2105
2109
2106
2142
2107
2109
2175
2205
2108
2174
2200
2109
2171
2170
2111
2112
2113
2123
2114
2116
2115
2170
2116
2118
2177
2117
2123
2118
2120
2122
2119
2178
2120
2184
2187
2121
2188
2122
2152
2331
2123
2153
2125
2380
2127
2129
2381
2127
2213
2215
2401
2128
2398
2129
2137
2215
2217
2130
2134
2131
2133
2137
2132
2133
2135
2134
2136
2135
2217
2137
2139
2141
2217
2138
2139
2202
2215
2140
2203
2216
2141
2142
2143
2203
2205
2200
2202
2145
2151
2188
2146
2150
2189
2147
2149
2435
2148
2430
2436
2149
2344
2526
2532
2150
2335
2531
2151
2334
2421
2152
2163
2331
2153
2162
2155
2161
2156
2157
2160
2159
2158
2160
2165
2160
2162
2164
2161
2166
2162
2332
2163
2164
2332
2334
2166
2168
2166
2169
2167
2332
2168
2169
2333
2338
2334
2336
2337
2171
2175
2177
2172
2174
2173
2177
2179
2174
2176
2181
2321
2175
2207
2176
2206
2177
2182
2322
2178
2179
2182
2184
2181
2185
2181
2183
2185
2193
2329
2182
2324
2183
2323
2184
2194
2330
2185
2195
2186
2191
2193
2195
2188
2190
2195
2189
2331
2190
2421
2435
2196
2434
2192
2196
2439
2193
2197
2199
2446
2194
2445
2195
2197
2444
2196
2197
2443
2198
2451
2199
2441
2443
2452
2439
2440
2453
2201
2205
2207
2202
2204
2315
2317
2203
2214
2204
2313
2205
2314
2318
2206
2207
2318
2322
2317
2321
2209
2428
2540
2563
2210
2425
2562
2211
2424
2561
2212
2316
2556
2213
2315
2420
2214
2416
2215
2313
2315
2216
2217
2313
2219
2221
2220
2380
2221
2223
2229
2379
2222
2226
2223
2225
2224
2384
2225
2229
2375
2385
2226
2374
2227
2229
2231
2228
2232
2233
2230
2378
2231
2356
2375
2377
2232
2357
2374
2233
2245
2249
2234
2244
2248
2235
2237
2243
2236
2237
2239
2241
2238
2242
2248
2239
2251
2253
2240
2241
2253
2255
2242
2243
2247
2253
2244
2245
2247
2246
2374
2247
2249
2360
2373
2248
2252
2249
2251
2250
2357
2251
2358
2360
2252
2253
2360
2362
2254
2255
2362
2364
2256
2363
2257
2263
2258
2262
2259
2261
2260
2261
2267
2480
2262
2266
2481
2263
2265
2482
2264
2363
2483
2265
2490
2616
2266
2612
2267
2517
2513
2269
2271
2302
2270
2301
2271
2273
2304
2303
2307
2273
2310
2307
2309
2471
2310
2460
2276
2278
2278
2280
2280
2289
2282
2288
2289
2284
2287
2284
2286
2285
2286
2287
2292
2291
2288
2293
2290
2297
2290
2311
2292
2295
2293
2296
2294
2297
2296
2298
2300
2296
2301
2302
2298
2311
2299
2312
2300
2306
2352
2302
2305
2302
2304
2303
2304
2305
2473
2471
2306
2472
2353
2485
2308
2473
2309
2465
2474
2310
2464
2470
2463
2312
2352
2314
2315
2422
2316
2317
2422
2424
2318
2320
2319
2422
2320
2322
2326
2423
2321
2325
2424
2322
2324
2323
2324
2326
2330
2325
2329
2326
2328
2425
2327
2426
2328
2330
2427
2449
2329
2428
2448
2330
2445
2444
2421
2333
2334
2342
2335
2336
2342
2344
2338
2340
2338
2341
2339
2342
2340
2341
2343
2348
2344
2346
2347
2343
2344
2530
2345
2346
2526
2528
2530
2348
2350
2348
2351
2349
2530
2350
2351
2529
2570
2528
2569
2568
2353
2484
2355
2388
2390
2394
2500
2356
2377
2391
2393
2357
2370
2372
2358
2373
2359
2370
2360
2368
2371
2373
2361
2362
2366
2368
2365
2364
2490
2507
2365
2491
2508
2366
2492
2509
2367
2493
2510
2368
2494
2496
2760
2369
2371
2397
2496
2371
2393
2372
2392
2373
2375
2391
2374
2375
2376
2377
2385
2389
2391
2378
2388
2379
2385
2387
2380
2382
2384
2381
2382
2398
2383
2387
2399
2384
2386
2400
2385
2386
2387
2389
2405
2388
2406
2389
2408
2390
2409
2391
2395
2503
2392
2393
2395
2397
2394
2395
2501
2396
2502
2397
2498
2775
2497
2399
2401
2400
2402
2406
2403
2405
2402
2416
2403
2414
2415
2404
2417
2405
2410
2414
2555
2406
2409
2408
2414
2408
2410
2412
2414
2499
2409
2500
2410
2503
2411
2504
2412
2553
2555
2780
2413
2552
2779
2414
2415
2551
2555
2416
2417
2419
2420
2418
2555
2419
2554
2558
2420
2551
2557
2556
2531
2423
2424
2426
2425
2426
2428
2427
2428
2541
2429
2448
2538
2540
2541
2431
2526
2534
2432
2527
2673
2433
2576
2674
2536
2577
2677
2435
2437
2443
2436
2531
2437
2532
2534
2442
2535
2439
2440
2442
2666
2443
2441
2454
2665
2442
2459
2668
2443
2667
2445
2449
2451
2446
2448
2447
2451
2453
2448
2450
2456
2538
2449
2450
2541
2451
2457
2542
2452
2453
2457
2459
2454
2456
2455
2459
2664
2456
2458
2547
2663
2457
2544
2458
2545
2459
2546
2725
2726
2461
2463
2462
2480
2463
2467
2513
2464
2465
2467
2469
2466
2477
2467
2478
2514
2468
2512
2469
2478
2511
2470
2477
2471
2474
2473
2473
2475
2485
2474
2475
2477
2476
2486
2477
2479
2489
2478
2479
2520
2518
2519
2481
2513
2482
2517
2483
2612
2507
2616
2485
2487
2486
2487
2489
2488
2489
2606
2518
2491
2628
2492
2632
2493
2643
2494
2647
2495
2767
2496
2656
2766
2497
2761
2498
2656
2762
2657
2763
2774
2500
2504
2506
2779
2501
2503
2502
2506
2503
2505
2775
2504
2505
2780
2506
2776
2781
2778
2508
2628
2509
2632
2510
2643
2647
2760
2512
2520
2522
2513
2514
2516
2517
2515
2520
2516
2521
2613
2517
2522
2611
2612
2525
2606
2520
2523
2525
2521
2522
2523
2617
2610
2524
2609
2525
2608
2622
2607
2527
2533
2528
2576
2680
2529
2575
2530
2574
2532
2533
2534
2680
2535
2673
2667
2672
2537
2598
2691
2595
2597
2692
2539
2542
2544
2540
2543
2820
2821
2542
2545
2544
2548
2835
2545
2547
2546
2547
2724
2548
2659
2658
2834
2550
2560
2798
2800
2804
2551
2557
2801
2803
2552
2554
2553
2784
2801
2554
2785
2802
2555
2803
2557
2561
2558
2560
2559
2803
2560
2566
2804
2561
2565
2562
2563
2565
2564
2821
2565
2567
2797
2822
2566
2798
2567
2807
2808
2823
2570
2573
2570
2572
2575
2571
2574
2572
2573
2579
2584
2578
2582
2583
2575
2579
2576
2578
2577
2679
2578
2598
2678
2579
2581
2580
2581
2584
2599
2582
2598
2600
2584
2586
2584
2587
2585
2586
2587
2590
2599
2589
2600
2588
2590
2593
2590
2592
2601
2591
2602
2592
2593
2605
2709
2604
2707
2708
2595
2603
2704
2719
2596
2720
2597
2601
2603
2721
2598
2600
2722
2723
2600
2602
2601
2602
2604
2605
2604
2713
2751
2605
2712
2711
2607
2608
2623
2617
2620
2622
2611
2617
2619
2612
2613
2615
2616
2614
2617
2615
2618
2629
2616
2619
2627
2628
2618
2619
2620
2633
2626
2621
2625
2622
2624
2638
2623
2624
2653
2633
2636
2638
2627
2633
2635
2628
2629
2631
2632
2630
2633
2631
2634
2644
2632
2635
2642
2643
2634
2635
2636
2648
2641
2637
2640
2638
2639
2654
2653
2640
2652
2655
2648
2651
2642
2648
2650
2643
2644
2646
2647
2645
2648
2646
2649
2769
2647
2650
2768
2767
2649
2650
2651
2758
2759
2652
2933
2932
2945
2654
2655
2932
2657
2765
2764
2786
2659
2660
2870
2661
2663
2724
2661
2736
2869
2662
2735
2739
2663
2728
2732
2734
2664
2725
2665
2726
2728
2666
2668
2670
2667
2671
2668
2681
2669
2726
2670
2681
2687
2727
2671
2686
2728
2681
2683
2673
2675
2681
2674
2680
2675
2677
2679
2676
2682
2677
2689
2690
2678
2691
2679
2723
2680
2682
2683
2687
2689
2684
2686
2685
2689
2697
2686
2688
2698
2730
2687
2729
2688
2744
2689
2699
2743
2696
2691
2694
2696
2692
2723
2694
2720
2722
2694
2718
2720
2750
2695
2696
2700
2702
2750
2697
2699
2698
2702
2699
2701
2878
2700
2881
2701
2745
2882
2702
2746
2877
2703
2717
2746
2750
2705
2713
2753
2714
2756
2707
2710
2715
2709
2712
2709
2710
2711
2716
2712
2716
2713
2715
2714
2752
2715
2757
2716
2747
2749
2905
2719
2749
2754
2720
2751
2753
2721
2722
2751
2723
2725
2735
2726
2734
2727
2728
2734
2744
2729
2730
2732
2744
2731
2743
2878
2732
2738
2742
2879
2733
2739
2734
2740
2742
2744
2735
2740
2737
2739
2969
2738
2890
2974
2739
2741
2886
2740
2741
2742
2891
2743
2880
2744
2881
2746
2748
2750
2897
2747
2896
2748
2901
2904
2749
2902
2907
2750
2906
2752
2753
2757
2754
2756
2755
2906
2756
2909
2757
2759
2769
2933
2944
2768
2772
2761
2767
2762
2766
2763
2765
2764
2773
2765
2939
2957
2766
2936
2767
2771
2768
2769
2771
2770
2771
2937
2944
2772
2936
2935
2944
2774
2951
2957
2775
2777
2786
2776
2777
2790
2787
2789
2951
2779
2781
2783
2780
2784
2781
2785
2782
2790
2783
2785
2791
2794
2784
2795
2785
2796
2817
2787
2957
2788
2956
2789
2793
2955
2790
2792
2952
2791
2792
2849
2793
2850
2953
2954
2967
2795
2815
2817
2849
2796
2814
2801
2813
2817
2798
2808
2810
2819
2799
2807
2800
2806
2810
2812
2801
2805
2813
2802
2803
2805
2817
2804
2805
2807
2806
2816
2807
2809
2846
2808
2809
2818
2810
2829
2858
2811
2828
2812
2856
2858
2860
2813
2846
2848
2814
2816
2815
2848
2816
2847
2852
2817
2846
2819
2823
2829
2831
2822
2826
2828
2821
2825
2835
2822
2823
2825
2824
2825
2831
2837
2826
2836
2827
2831
2833
2828
2830
2842
2861
2829
2860
2830
2859
2831
2843
2866
2832
2833
2837
2843
2845
2836
2840
2842
2835
2839
2870
2836
2837
2839
2838
2839
2845
2872
2840
2871
2841
2845
2876
2842
2844
2989
2992
2843
2868
2844
2867
2845
2993
3021
2994
2847
2858
2848
2854
2857
2856
2850
2852
2851
2967
3045
2852
2853
2968
3046
2854
2854
2977
2979
3047
2855
2857
2979
2981
2857
2863
2858
2864
2859
2860
2864
2866
2861
2863
2862
2866
2868
2863
2865
2987
2864
2865
2981
2866
2982
2986
2867
2868
2986
3021
2987
2989
2870
2874
2969
2871
2872
2874
2876
2873
2994
2874
2971
2995
2875
2970
2876
2995
2997
2999
2992
2994
2878
2882
2884
2896
2879
2881
2880
2884
2886
2881
2883
2891
2882
2883
2897
2884
2892
2898
2885
2895
2886
2889
2892
2894
2890
2891
2888
2922
2929
3103
2889
2894
3099
2890
3004
3005
2892
2893
2894
2898
2921
2895
2922
2896
2898
2900
2897
2901
2898
2902
2899
2900
2902
2917
2921
2901
2916
2922
2902
2913
2912
2904
2908
2910
2914
2905
2907
2913
2906
2910
2907
2909
2908
2912
2909
2911
2910
2912
2914
2918
2913
2917
2914
2916
2915
2916
2918
2924
2927
2917
2923
2918
2920
2919
2925
2920
2927
3041
2921
2923
2922
2923
2927
2929
2925
2926
3041
2927
2931
3041
2928
2929
2931
3206
3201
2931
3040
3212
3207
2976
2934
2945
2942
2944
2946
2936
2940
2943
2937
2939
2938
2943
2939
2948
2959
2940
2958
2948
2950
2942
2948
3042
3057
2943
2947
2944
2948
2946
2976
2947
2975
3042
3044
2949
2950
2959
3057
3059
2958
2962
2952
2956
2953
2955
2954
3045
2955
3052
3054
2956
2965
2957
2961
2958
2959
2961
2960
2961
2966
3059
2962
2965
2964
3059
2964
3054
3063
3068
2965
3060
2966
3054
3055
3060
2968
3052
2977
3051
2970
2974
2971
2973
2999
2972
3000
2973
3007
3019
2974
3006
3012
3005
2976
3044
2978
3050
2979
3049
3077
2980
3048
2981
2983
3069
3077
2982
2983
2985
2984
3070
3078
2985
3024
3071
3080
2986
3023
2987
3022
2988
2989
3022
3025
2991
3021
2991
2997
3028
3030
3032
2992
3020
3025
2993
2997
2994
2996
3020
2995
2996
3000
2997
3001
3032
2998
2999
3001
3003
3030
3000
3012
3001
3019
3002
3031
3003
3017
3019
3037
3012
3016
3036
3005
3009
3099
3006
3007
3009
3011
3008
3018
3009
3095
3100
3010
3098
3011
3015
3095
3097
3012
3016
3018
3019
3014
3105
3107
3219
3239
3015
3097
3104
3238
3016
3088
3094
3017
3039
3018
3038
3094
3019
3095
3021
3026
3032
3022
3023
3026
3024
3081
3072
3079
3082
3026
3028
3027
3081
3028
3032
3033
3084
3029
3030
3033
3035
3031
3036
3032
3033
3037
3034
3085
3035
3037
3091
3109
3036
3090
3037
3039
3038
3039
3091
3093
3088
3090
3213
3043
3056
3044
3116
3046
3052
3047
3051
3048
3050
3049
3069
3050
3076
3128
3051
3127
3052
3066
3053
3054
3064
3066
3068
3055
3063
3064
3057
3113
3116
3058
3059
3061
3113
3060
3061
3063
3062
3114
3063
3117
3120
3121
3065
3121
3066
3122
3126
3067
3127
3068
3122
3153
3121
3070
3076
3071
3075
3072
3074
3073
3139
3074
3079
3136
3138
3075
3080
3135
3076
3078
3132
3077
3131
3078
3080
3080
3110
3082
3084
3083
3110
3139
3084
3086
3111
3140
3085
3086
3109
3087
3112
3141
3109
3142
3195
3197
3089
3093
3238
3090
3092
3241
3091
3092
3200
3093
3199
3242
3094
3237
3095
3104
3096
3097
3100
3104
3106
3098
3107
3099
3100
3102
3103
3101
3102
3106
3203
3103
3107
3202
3201
3105
3237
3106
3218
3236
3107
3217
3108
3202
3217
3219
3221
3200
3111
3138
3112
3145
3144
3195
3114
3115
3117
3119
3116
3119
3118
3125
3119
3150
3121
3123
3125
3122
3123
3154
3124
3152
3125
3151
3159
3150
3127
3129
3154
3128
3153
3129
3131
3156
3130
3155
3131
3133
3160
3132
3161
3133
3135
3164
3134
3165
3135
3137
3171
3136
3170
3137
3147
3173
3148
3172
3139
3145
3147
3140
3141
3145
3142
3144
3143
3246
3144
3195
3286
3294
3145
3193
3146
3147
3149
3186
3193
3148
3183
3149
3184
3185
3194
3151
3176
3154
3157
3159
3154
3156
3155
3156
3157
3160
3161
3158
3162
3159
3167
3177
3176
3161
3162
3165
3164
3163
3167
3165
3166
3169
3165
3170
3171
3167
3168
3179
3178
3169
3175
3181
3171
3174
3171
3173
3172
3173
3174
3184
3183
3175
3182
3180
3189
3177
3178
3179
3181
3181
3283
3184
3187
3189
3184
3186
3185
3186
3187
3289
3192
3188
3191
3189
3190
3282
3283
3191
3290
3291
3284
3289
3193
3285
3289
3194
3286
3287
3289
3196
3197
3216
3294
3198
3200
3246
3199
3216
3247
3248
3200
3245
3202
3206
3203
3205
3204
3217
3205
3209
3222
3206
3208
3221
3207
3208
3212
3209
3211
3228
3210
3229
3211
3215
3230
3212
3214
3227
3213
3214
3215
3271
3272
3251
3298
3218
3222
3219
3223
3235
3220
3257
3221
3223
3225
3258
3222
3228
3223
3229
3224
3234
3225
3229
3231
3233
3226
3228
3259
3227
3231
3260
3270
3228
3230
3271
3229
3230
3231
3272
3232
3273
3233
3260
3277
3278
3234
3259
3263
3235
3258
3264
3236
3257
3265
3237
3239
3243
3238
3242
3239
3241
3240
3257
3241
3243
3256
3242
3243
3245
3244
3265
3245
3249
3252
3248
3247
3294
3298
3305
3249
3251
3305
3250
3253
3306
3251
3266
3307
3304
3253
3265
3268
3254
3266
3313
3267
3268
3274
3314
3256
3258
3262
3264
3257
3265
3258
3259
3260
3262
3261
3279
3262
3277
3280
3263
3264
3269
3277
3265
3268
3267
3312
3299
3319
3269
3274
3276
3271
3273
3279
3272
3273
3278
3275
3299
3315
3276
3300
3302
3316
3277
3301
3281
3279
3281
3280
3281
3301
3283
3291
3288
3290
3333
3286
3288
3292
3287
3293
3288
3295
3289
3334
3336
3362
3362
3293
3331
3334
3294
3295
3297
3298
3296
3334
3297
3310
3335
3298
3309
3331
3304
3300
3318
3303
3317
3302
3303
3329
3328
3305
3307
3309
3306
3307
3313
3308
3312
3309
3311
3321
3340
3310
3330
3311
3342
3322
3341
3313
3319
3321
3314
3315
3319
3316
3318
3317
3329
3318
3326
3328
3319
3325
3320
3321
3323
3325
3348
3322
3345
3323
3351
3324
3352
3325
3327
3355
3326
3347
3327
3346
3359
3356
3360
3329
3359
3331
3340
3342
3335
3333
3335
3337
3339
3334
3336
3335
3342
3337
3361
3338
3363
3339
3343
3364
3342
3344
3341
3345
3342
3344
3351
3344
3353
3365
3350
3348
3351
3347
3356
3358
3348
3355
3352
3350
3352
3354
3351
3353
3352
3355
3354
3366
3367
3356
3357
3358
3360
3359
3360
3362
3363
3364
3365
3366
3367
)


// ************************************************************************* //
