/*--------------------------------*- C++ -*----------------------------------*\
| =========                 |                                                 |
| \\      /  F ield         | OpenFOAM: The Open Source CFD Toolbox           |
|  \\    /   O peration     | Version:  2412                                  |
|   \\  /    A nd           | Website:  www.openfoam.com                      |
|    \\/     M anipulation  |                                                 |
\*---------------------------------------------------------------------------*/
FoamFile
{
    version     2.0;
    format      ascii;
    arch        "LSB;label=32;scalar=64";
    class       faceList;
    location    "constant/claddingZone/polyMesh";
    object      faces;
}
// * * * * * * * * * * * * * * * * * * * * * * * * * * * * * * * * * * * * * //


3200
(
4(137 1059 1061 139)
4(142 1062 1059 137)
4(137 139 143 142)
4(136 1058 1060 138)
4(137 1059 1058 136)
4(136 138 139 137)
4(136 1058 1049 84)
4(84 85 138 136)
4(67 79 1047 1041)
4(67 1041 1040 66)
4(66 78 79 67)
4(74 83 1048 1044)
4(74 1044 1041 67)
4(67 79 83 74)
4(75 84 1049 1045)
4(75 1045 1044 74)
4(74 83 84 75)
4(92 136 1058 1053)
4(92 1053 1045 75)
4(75 84 136 92)
4(93 137 1059 1054)
4(93 1054 1053 92)
4(92 136 137 93)
4(131 1057 1054 93)
4(93 137 142 131)
4(91 1052 1054 93)
4(130 1056 1052 91)
4(91 93 131 130)
4(90 1051 1053 92)
4(91 1052 1051 90)
4(90 92 93 91)
4(73 1043 1045 75)
4(90 1051 1043 73)
4(73 75 92 90)
4(72 1042 1044 74)
4(73 1043 1042 72)
4(72 74 75 73)
4(65 1039 1041 67)
4(72 1042 1039 65)
4(65 67 74 72)
4(64 1038 1040 66)
4(65 1039 1038 64)
4(64 66 67 65)
4(494 1114 1116 496)
4(64 1038 1114 494)
4(494 496 66 64)
4(493 1113 1115 495)
4(494 1114 1113 493)
4(493 495 496 494)
4(493 1113 1111 487)
4(487 488 495 493)
4(1015 486 1110 1224)
4(1015 1224 1213 992)
4(992 370 486 1015)
4(1016 487 1111 1225)
4(1016 1225 1224 1015)
4(1015 486 487 1016)
4(1023 493 1113 1228)
4(1023 1228 1225 1016)
4(1016 487 493 1023)
4(1024 494 1114 1229)
4(1024 1229 1228 1023)
4(1023 493 494 1024)
4(750 64 1038 1163)
4(750 1163 1229 1024)
4(1024 494 64 750)
4(751 65 1039 1164)
4(751 1164 1163 750)
4(750 64 65 751)
4(758 72 1042 1167)
4(758 1167 1164 751)
4(751 65 72 758)
4(759 73 1043 1168)
4(759 1168 1167 758)
4(758 72 73 759)
4(766 90 1051 1171)
4(766 1171 1168 759)
4(759 73 90 766)
4(767 91 1052 1172)
4(767 1172 1171 766)
4(766 90 91 767)
4(771 1174 1172 767)
4(767 91 130 771)
4(765 1170 1172 767)
4(765 767 771 770)
4(764 1169 1171 766)
4(764 766 767 765)
4(757 1166 1168 759)
4(757 759 766 764)
4(756 1165 1167 758)
4(756 758 759 757)
4(749 1162 1164 751)
4(756 1165 1162 749)
4(749 751 758 756)
4(748 1161 1163 750)
4(749 1162 1161 748)
4(748 750 751 749)
4(1022 1227 1229 1024)
4(748 1161 1227 1022)
4(1022 1024 750 748)
4(1021 1226 1228 1023)
4(1022 1227 1226 1021)
4(1021 1023 1024 1022)
4(1014 1223 1225 1016)
4(1021 1226 1223 1014)
4(1014 1016 1023 1021)
4(1013 1222 1224 1015)
4(1014 1223 1222 1013)
4(1013 1015 1016 1014)
4(990 1211 1213 992)
4(1013 1222 1211 990)
4(990 992 1015 1013)
4(989 1210 1212 991)
4(990 1211 1210 989)
4(989 991 992 990)
4(989 1210 1208 983)
4(983 984 991 989)
4(881 983 1208 1191)
4(881 1191 1190 880)
4(880 982 983 881)
4(888 989 1210 1194)
4(888 1194 1191 881)
4(881 983 989 888)
4(889 990 1211 1195)
4(889 1195 1194 888)
4(888 989 990 889)
4(999 1013 1222 1216)
4(999 1216 1195 889)
4(889 990 1013 999)
4(1000 1014 1223 1217)
4(1000 1217 1216 999)
4(999 1013 1014 1000)
4(1007 1021 1226 1220)
4(1007 1220 1217 1000)
4(1000 1014 1021 1007)
4(1008 1022 1227 1221)
4(1008 1221 1220 1007)
4(1007 1021 1022 1008)
4(690 748 1161 1153)
4(1008 1022 748 690)
4(691 749 1162 1154)
4(690 748 749 691)
4(691 749 756 693)
4(1005 1218 1220 1007)
4(1005 1007 1008 1006)
4(998 1215 1217 1000)
4(998 1000 1007 1005)
4(997 1214 1216 999)
4(998 1215 1214 997)
4(997 999 1000 998)
4(887 1193 1195 889)
4(997 1214 1193 887)
4(887 889 999 997)
4(886 1192 1194 888)
4(887 1193 1192 886)
4(886 888 889 887)
4(879 1189 1191 881)
4(886 1192 1189 879)
4(879 881 888 886)
4(878 1188 1190 880)
4(879 1189 1188 878)
4(878 880 881 879)
4(745 1158 1160 747)
4(878 1188 1158 745)
4(745 747 880 878)
4(745 1158 1157 744)
4(744 746 747 745)
4(686 744 1157 1151)
4(686 1151 1148 679)
4(679 739 744 686)
4(687 745 1158 1152)
4(687 1152 1151 686)
4(686 744 745 687)
4(814 878 1188 1180)
4(814 1180 1152 687)
4(687 745 878 814)
4(815 879 1189 1181)
4(815 1181 1180 814)
4(814 878 879 815)
4(822 886 1192 1184)
4(822 1184 1181 815)
4(815 879 886 822)
4(823 887 1193 1185)
4(823 1185 1184 822)
4(822 886 887 823)
4(872 997 1214 1186)
4(823 887 997 872)
4(872 997 998 873)
4(820 1182 1184 822)
4(820 822 823 821)
4(813 1179 1181 815)
4(813 815 822 820)
4(812 1178 1180 814)
4(813 1179 1178 812)
4(812 814 815 813)
4(685 1150 1152 687)
4(812 1178 1150 685)
4(685 687 814 812)
4(684 1149 1151 686)
4(685 1150 1149 684)
4(684 686 687 685)
4(677 1146 1148 679)
4(684 1149 1146 677)
4(677 679 686 684)
4(676 1145 1147 678)
4(677 1146 1145 676)
4(676 678 679 677)
4(676 1145 1135 602)
4(602 603 678 676)
4(597 602 1135 1133)
4(597 1133 1132 596)
4(596 601 602 597)
4(662 676 1145 1139)
4(662 1139 1133 597)
4(597 602 676 662)
4(663 677 1146 1140)
4(663 1140 1139 662)
4(662 676 677 663)
4(670 684 1149 1143)
4(670 1143 1140 663)
4(663 677 684 670)
4(671 685 1150 1144)
4(671 1144 1143 670)
4(670 684 685 671)
4(806 812 1178 1176)
4(806 1176 1144 671)
4(671 685 812 806)
4(806 812 813 807)
4(669 1142 1144 671)
4(669 671 806 805)
4(668 1141 1143 670)
4(668 670 671 669)
4(661 1138 1140 663)
4(668 1141 1138 661)
4(661 663 670 668)
4(660 1137 1139 662)
4(661 1138 1137 660)
4(660 662 663 661)
4(595 1131 1133 597)
4(660 1137 1131 595)
4(595 597 662 660)
4(594 1130 1132 596)
4(595 1131 1130 594)
4(594 596 597 595)
4(594 1130 1128 588)
4(588 589 596 594)
4(235 588 1128 1075)
4(234 235 1075 1074)
4(234 587 588 235)
4(242 594 1130 1078)
4(235 242 1078 1075)
4(235 588 594 242)
4(243 595 1131 1079)
4(242 243 1079 1078)
4(242 594 595 243)
4(252 660 1137 1083)
4(243 252 1083 1079)
4(243 595 660 252)
4(253 661 1138 1084)
4(252 253 1084 1083)
4(252 660 661 253)
4(253 661 668 255)
4(250 1081 1083 252)
4(250 252 253 251)
4(241 1077 1079 243)
4(250 1081 1077 241)
4(241 243 252 250)
4(240 1076 1078 242)
4(241 1077 1076 240)
4(240 242 243 241)
4(233 1073 1075 235)
4(240 1076 1073 233)
4(233 235 242 240)
4(232 1072 1074 234)
4(233 1073 1072 232)
4(232 234 235 233)
4(232 1072 1125 582)
4(582 583 234 232)
4(554 582 1125 1123)
4(554 1123 1122 553)
4(553 581 582 554)
4(218 232 1072 1066)
4(218 1066 1123 554)
4(554 582 232 218)
4(219 233 1073 1067)
4(219 1067 1066 218)
4(218 232 233 219)
4(226 240 1076 1070)
4(226 1070 1067 219)
4(219 233 240 226)
4(227 241 1077 1071)
4(227 1071 1070 226)
4(226 240 241 227)
4(227 241 250 245)
4(224 1068 1070 226)
4(224 226 227 225)
4(217 1065 1067 219)
4(224 1068 1065 217)
4(217 219 226 224)
4(216 1064 1066 218)
4(217 1065 1064 216)
4(216 218 219 217)
4(552 1121 1123 554)
4(216 1064 1121 552)
4(552 554 218 216)
4(551 1120 1122 553)
4(552 1121 1120 551)
4(551 553 554 552)
4(551 1120 1118 545)
4(545 546 553 551)
4(477 545 1118 1105)
4(477 1105 1104 476)
4(476 544 545 477)
4(484 551 1120 1108)
4(484 1108 1105 477)
4(477 545 551 484)
4(485 552 1121 1109)
4(485 1109 1108 484)
4(484 551 552 485)
4(58 216 1064 1036)
4(58 1036 1109 485)
4(485 552 216 58)
4(59 217 1065 1037)
4(59 1037 1036 58)
4(58 216 217 59)
4(59 217 224 127)
4(56 1034 1036 58)
4(56 58 59 57)
4(483 1107 1109 485)
4(56 1034 1107 483)
4(483 485 58 56)
4(482 1106 1108 484)
4(483 1107 1106 482)
4(482 484 485 483)
4(475 1103 1105 477)
4(482 1106 1103 475)
4(475 477 484 482)
4(474 1102 1104 476)
4(475 1103 1102 474)
4(474 476 477 475)
4(474 1102 1092 452)
4(452 453 476 474)
4(460 474 1102 1096)
4(460 1096 1090 368)
4(368 452 474 460)
4(461 475 1103 1097)
4(461 1097 1096 460)
4(460 474 475 461)
4(468 482 1106 1100)
4(468 1100 1097 461)
4(461 475 482 468)
4(469 483 1107 1101)
4(469 1101 1100 468)
4(468 482 483 469)
4(469 483 56 51)
4(466 1098 1100 468)
4(466 468 469 467)
4(459 1095 1097 461)
4(466 1098 1095 459)
4(459 461 468 466)
4(458 1094 1096 460)
4(459 1095 1094 458)
4(458 460 461 459)
4(366 1088 1090 368)
4(458 1094 1088 366)
4(366 368 460 458)
4(366 1088 1087 365)
4(365 367 368 366)
4(975 365 1087 1205)
4(975 1205 1202 968)
4(968 360 365 975)
4(976 366 1088 1206)
4(976 1206 1205 975)
4(975 365 366 976)
4(44 458 1094 1029)
4(44 1029 1206 976)
4(976 366 458 44)
4(45 459 1095 1030)
4(45 1030 1029 44)
4(44 458 459 45)
4(49 1032 1030 45)
4(45 459 466 49)
4(43 1028 1030 45)
4(43 45 49 48)
4(42 1027 1029 44)
4(43 1028 1027 42)
4(42 44 45 43)
4(974 1204 1206 976)
4(42 1027 1204 974)
4(974 976 44 42)
4(973 1203 1205 975)
4(974 1204 1203 973)
4(973 975 976 974)
4(973 1203 1201 967)
4(967 968 975 973)
4(958 967 1201 1197)
4(957 966 967 958)
4(961 973 1203 1198)
4(958 967 973 961)
4(962 974 1204 1199)
4(961 973 974 962)
4(36 42 1027 1025)
4(962 974 42 36)
4(36 42 43 37)
4(421 1330 1333 424)
4(423 1332 1330 421)
4(421 424 425 423)
4(417 1326 1328 419)
4(421 1330 1326 417)
4(417 419 424 421)
4(415 1324 1327 418)
4(417 1326 1324 415)
4(415 418 419 417)
4(21 1241 1243 23)
4(415 1324 1241 21)
4(21 23 418 415)
4(21 1241 1239 19)
4(19 22 23 21)
4(20 21 1241 1240)
4(20 1240 1238 18)
4(18 19 21 20)
4(414 415 1324 1323)
4(414 1323 1240 20)
4(20 21 415 414)
4(416 417 1326 1325)
4(416 1325 1323 414)
4(414 415 417 416)
4(420 421 1330 1329)
4(420 1329 1325 416)
4(416 417 421 420)
4(422 1331 1329 420)
4(420 421 423 422)
4(353 1315 1329 420)
4(353 420 422 354)
4(349 1311 1325 416)
4(353 1315 1311 349)
4(349 416 420 353)
4(347 1309 1323 414)
4(349 1311 1309 347)
4(347 414 416 349)
4(932 1434 1240 20)
4(347 1309 1434 932)
4(932 20 414 347)
4(932 1434 1432 930)
4(930 18 20 932)
4(931 932 1434 1433)
4(931 1433 1431 929)
4(929 930 932 931)
4(346 347 1309 1308)
4(346 1308 1433 931)
4(931 932 347 346)
4(348 349 1311 1310)
4(348 1310 1308 346)
4(346 347 349 348)
4(352 1314 1310 348)
4(348 349 353 352)
4(345 1307 1310 348)
4(351 1313 1307 345)
4(345 348 352 351)
4(343 1305 1308 346)
4(345 1307 1305 343)
4(343 346 348 345)
4(928 1430 1433 931)
4(343 1305 1430 928)
4(928 931 346 343)
4(926 1428 1431 929)
4(928 1430 1428 926)
4(926 929 931 928)
4(926 1428 1425 923)
4(923 924 929 926)
4(925 926 1428 1427)
4(925 1427 1424 922)
4(922 923 926 925)
4(927 928 1430 1429)
4(927 1429 1427 925)
4(925 926 928 927)
4(342 343 1305 1304)
4(342 1304 1429 927)
4(927 928 343 342)
4(344 345 1307 1306)
4(344 1306 1304 342)
4(342 343 345 344)
4(344 345 351 350)
4(639 1377 1304 342)
4(641 1379 1377 639)
4(639 342 344 641)
4(309 1303 1429 927)
4(639 1377 1303 309)
4(309 927 342 639)
4(307 1301 1427 925)
4(309 1303 1301 307)
4(307 925 927 309)
4(307 1301 1287 211)
4(211 922 925 307)
4(210 211 1287 1286)
4(210 1286 1284 208)
4(208 209 211 210)
4(306 307 1301 1300)
4(306 1300 1286 210)
4(210 211 307 306)
4(308 309 1303 1302)
4(308 1302 1300 306)
4(306 307 309 308)
4(638 639 1377 1376)
4(638 1376 1302 308)
4(308 309 639 638)
4(640 1378 1376 638)
4(638 639 641 640)
4(636 1374 1376 638)
4(636 638 640 637)
4(305 1299 1302 308)
4(636 1374 1299 305)
4(305 308 638 636)
4(303 1297 1300 306)
4(305 1299 1297 303)
4(303 306 308 305)
4(207 1283 1286 210)
4(303 1297 1283 207)
4(207 210 306 303)
4(207 1283 1281 205)
4(205 208 210 207)
4(204 205 1281 1280)
4(204 1280 1252 124)
4(124 125 205 204)
4(206 207 1283 1282)
4(206 1282 1280 204)
4(204 205 207 206)
4(302 303 1297 1296)
4(302 1296 1282 206)
4(206 207 303 302)
4(304 305 1299 1298)
4(304 1298 1296 302)
4(302 303 305 304)
4(635 1373 1298 304)
4(304 305 636 635)
4(173 1279 1298 304)
4(173 304 635 580)
4(171 1277 1296 302)
4(173 1279 1277 171)
4(171 302 304 173)
4(166 1272 1282 206)
4(171 1277 1272 166)
4(166 206 302 171)
4(164 1270 1280 204)
4(166 1272 1270 164)
4(164 204 206 166)
4(164 1270 1251 101)
4(101 124 204 164)
4(100 101 1251 1250)
4(100 1250 1248 98)
4(98 99 101 100)
4(163 164 1270 1269)
4(163 1269 1250 100)
4(100 101 164 163)
4(165 166 1272 1271)
4(165 1271 1269 163)
4(163 164 166 165)
4(170 171 1277 1276)
4(170 1276 1271 165)
4(165 166 171 170)
4(172 1278 1276 170)
4(170 171 173 172)
4(168 1274 1276 170)
4(168 170 172 169)
4(162 1268 1271 165)
4(168 1274 1268 162)
4(162 165 170 168)
4(160 1266 1269 163)
4(162 1268 1266 160)
4(160 163 165 162)
4(97 1247 1250 100)
4(160 1266 1247 97)
4(97 100 163 160)
4(97 1247 1245 95)
4(95 98 100 97)
4(94 95 1245 1244)
4(94 1244 1236 16)
4(16 17 95 94)
4(96 97 1247 1246)
4(96 1246 1244 94)
4(94 95 97 96)
4(159 160 1266 1265)
4(159 1265 1246 96)
4(96 97 160 159)
4(161 162 1268 1267)
4(161 1267 1265 159)
4(159 160 162 161)
4(161 162 168 167)
4(2 1232 1265 159)
4(4 1234 1232 2)
4(2 159 161 4)
4(869 1423 1246 96)
4(2 1232 1423 869)
4(869 96 159 2)
4(867 1421 1244 94)
4(869 1423 1421 867)
4(867 94 96 869)
4(861 1415 1236 16)
4(867 1421 1415 861)
4(861 16 94 867)
4(861 1415 1413 859)
4(859 15 16 861)
4(860 861 1415 1414)
4(860 1414 1412 858)
4(858 859 861 860)
4(866 867 1421 1420)
4(866 1420 1414 860)
4(860 861 867 866)
4(868 869 1423 1422)
4(868 1422 1420 866)
4(866 867 869 868)
4(1 2 1232 1231)
4(1 1231 1422 868)
4(868 869 2 1)
4(1 2 4 3)
4(865 1419 1422 868)
4(865 868 1 0)
4(863 1417 1420 866)
4(865 1419 1417 863)
4(863 866 868 865)
4(857 1411 1414 860)
4(863 1417 1411 857)
4(857 860 866 863)
4(855 1409 1412 858)
4(857 1411 1409 855)
4(855 858 860 857)
4(855 1409 1355 566)
4(566 567 858 855)
4(565 566 1355 1354)
4(565 1354 1352 563)
4(563 564 566 565)
4(854 855 1409 1408)
4(854 1408 1354 565)
4(565 566 855 854)
4(856 857 1411 1410)
4(856 1410 1408 854)
4(854 855 857 856)
4(862 863 1417 1416)
4(862 1416 1410 856)
4(856 857 863 862)
4(864 1418 1416 862)
4(862 863 865 864)
4(832 1406 1416 862)
4(832 862 864 833)
4(830 1404 1410 856)
4(832 1406 1404 830)
4(830 856 862 832)
4(828 1402 1408 854)
4(830 1404 1402 828)
4(828 854 856 830)
4(512 1350 1354 565)
4(828 1402 1350 512)
4(512 565 854 828)
4(510 1348 1352 563)
4(512 1350 1348 510)
4(510 563 565 512)
4(510 1348 1342 504)
4(504 562 563 510)
4(503 504 1342 1341)
4(503 1341 1339 501)
4(501 502 504 503)
4(509 510 1348 1347)
4(509 1347 1341 503)
4(503 504 510 509)
4(511 512 1350 1349)
4(511 1349 1347 509)
4(509 510 512 511)
4(827 828 1402 1401)
4(827 1401 1349 511)
4(511 512 828 827)
4(829 830 1404 1403)
4(829 1403 1401 827)
4(827 828 830 829)
4(829 830 832 831)
4(825 1399 1401 827)
4(825 827 829 826)
4(508 1346 1349 511)
4(825 1399 1346 508)
4(508 511 827 825)
4(506 1344 1347 509)
4(508 1346 1344 506)
4(506 509 511 508)
4(500 1338 1341 503)
4(506 1344 1338 500)
4(500 503 509 506)
4(498 1336 1339 501)
4(500 1338 1336 498)
4(498 501 503 500)
4(498 1336 1321 378)
4(378 379 501 498)
4(377 378 1321 1320)
4(377 1320 1318 375)
4(375 376 378 377)
4(497 498 1336 1335)
4(497 1335 1320 377)
4(377 378 498 497)
4(499 500 1338 1337)
4(499 1337 1335 497)
4(497 498 500 499)
4(505 506 1344 1343)
4(505 1343 1337 499)
4(499 500 506 505)
4(507 508 1346 1345)
4(507 1345 1343 505)
4(505 506 508 507)
4(507 508 825 824)
4(780 1396 1343 505)
4(780 505 507 781)
4(778 1394 1337 499)
4(780 1396 1394 778)
4(778 499 505 780)
4(776 1392 1335 497)
4(778 1394 1392 776)
4(776 497 499 778)
4(705 1387 1320 377)
4(776 1392 1387 705)
4(705 377 497 776)
4(703 1385 1318 375)
4(705 1387 1385 703)
4(703 375 377 705)
4(703 1385 1372 632)
4(632 374 375 703)
4(631 632 1372 1371)
4(631 1371 1369 629)
4(629 630 632 631)
4(702 703 1385 1384)
4(702 1384 1371 631)
4(631 632 703 702)
4(704 705 1387 1386)
4(704 1386 1384 702)
4(702 703 705 704)
4(775 776 1392 1391)
4(775 1391 1386 704)
4(704 705 776 775)
4(777 778 1394 1393)
4(777 1393 1391 775)
4(775 776 778 777)
4(777 778 780 779)
4(773 1389 1391 775)
4(773 775 777 774)
4(701 1383 1386 704)
4(773 1389 1383 701)
4(701 704 775 773)
4(699 1381 1384 702)
4(701 1383 1381 699)
4(699 702 704 701)
4(628 1368 1371 631)
4(699 1381 1368 628)
4(628 631 702 699)
4(626 1366 1369 629)
4(628 1368 1366 626)
4(626 629 631 628)
4(283 1293 1295 285)
4(626 1366 1293 283)
4(283 285 629 626)
4(283 1293 1291 281)
4(281 284 285 283)
4(280 281 1291 1290)
4(280 1290 1288 278)
4(278 279 281 280)
4(282 283 1293 1292)
4(282 1292 1290 280)
4(280 281 283 282)
4(625 626 1366 1365)
4(625 1365 1292 282)
4(282 283 626 625)
4(627 628 1368 1367)
4(627 1367 1365 625)
4(625 626 628 627)
4(698 699 1381 1380)
4(698 1380 1367 627)
4(627 628 699 698)
4(700 701 1383 1382)
4(700 1382 1380 698)
4(698 699 701 700)
4(700 701 773 772)
4(609 1363 1380 698)
4(609 698 700 610)
4(608 1362 1367 627)
4(608 627 698 609)
4(606 1360 1365 625)
4(608 1362 1360 606)
4(606 625 627 608)
4(154 1264 1292 282)
4(606 1360 1264 154)
4(154 282 625 606)
4(152 1262 1290 280)
4(154 1264 1262 152)
4(152 280 282 154)
4(152 1262 1257 147)
4(147 278 280 152)
4(151 152 1262 1261)
4(151 1261 1256 146)
4(146 147 152 151)
4(153 154 1264 1263)
4(153 1263 1261 151)
4(151 152 154 153)
4(605 606 1360 1359)
4(605 1359 1263 153)
4(153 154 606 605)
4(605 606 608 607)
4(150 1260 1263 153)
4(150 153 605 604)
4(149 1259 1261 151)
4(149 151 153 150)
4(149 1259 1255 145)
4(145 146 151 149)
4(144 145 149 148)
4(133 140 141 135)
4(443 448 140 133)
4(443 133 135 445)
4(443 445 449 448)
4(133 140 142 137)
4(133 137 139 135)
4(89 133 140 129)
4(89 129 131 93)
4(89 93 137 133)
4(433 437 129 89)
4(433 89 133 443)
4(433 443 448 437)
4(87 128 129 89)
4(431 436 128 87)
4(431 87 89 433)
4(431 433 437 436)
4(87 128 130 91)
4(87 91 93 89)
4(763 87 128 769)
4(763 769 771 767)
4(763 767 91 87)
4(31 35 769 763)
4(31 763 87 431)
4(31 431 436 35)
4(761 768 769 763)
4(29 761 763 31)
4(29 31 35 34)
4(761 765 767 763)
4(762 766 767 763)
4(760 762 763 761)
4(760 764 766 762)
4(86 90 91 87)
4(762 766 90 86)
4(762 86 87 763)
4(88 92 93 89)
4(86 88 89 87)
4(86 90 92 88)
4(132 136 137 133)
4(88 92 136 132)
4(88 132 133 89)
4(132 134 135 133)
4(132 136 138 134)
4(442 132 134 444)
4(442 443 133 132)
4(442 444 445 443)
4(81 132 134 82)
4(412 442 132 81)
4(412 413 444 442)
4(81 132 136 84)
4(71 81 132 88)
4(71 88 92 75)
4(71 75 84 81)
4(432 442 132 88)
4(403 432 88 71)
4(403 71 81 412)
4(403 412 442 432)
4(432 433 89 88)
4(432 442 443 433)
4(430 86 88 432)
4(430 431 87 86)
4(430 432 433 431)
4(69 86 88 71)
4(401 430 86 69)
4(401 69 71 403)
4(401 403 432 430)
4(69 86 90 73)
4(69 73 75 71)
4(755 69 86 762)
4(755 762 766 759)
4(755 759 73 69)
4(30 430 86 762)
4(954 30 762 755)
4(954 755 69 401)
4(954 401 430 30)
4(30 31 763 762)
4(30 430 431 31)
4(28 760 762 30)
4(28 30 31 29)
4(753 760 762 755)
4(952 753 755 954)
4(952 954 30 28)
4(753 757 759 755)
4(754 758 759 755)
4(752 754 755 753)
4(752 756 758 754)
4(68 72 73 69)
4(754 758 72 68)
4(754 68 69 755)
4(70 74 75 71)
4(68 70 71 69)
4(68 72 74 70)
4(70 74 83 80)
4(70 80 81 71)
4(63 77 80 70)
4(63 70 74 67)
4(63 67 79 77)
4(402 411 80 70)
4(395 402 70 63)
4(395 63 77 407)
4(395 407 411 402)
4(402 403 71 70)
4(402 411 412 403)
4(400 68 70 402)
4(400 401 69 68)
4(400 402 403 401)
4(61 68 70 63)
4(393 400 68 61)
4(393 61 63 395)
4(393 395 402 400)
4(61 68 72 65)
4(61 65 67 63)
4(697 61 68 754)
4(697 754 758 751)
4(697 751 65 61)
4(953 400 68 754)
4(946 953 754 697)
4(946 697 61 393)
4(946 393 400 953)
4(953 954 755 754)
4(953 400 401 954)
4(951 752 754 953)
4(951 953 954 952)
4(695 752 754 697)
4(944 951 752 695)
4(944 695 697 946)
4(944 946 953 951)
4(695 752 756 749)
4(695 749 751 697)
4(689 695 752 692)
4(689 691 749 695)
4(936 689 695 944)
4(936 944 951 938)
4(694 748 749 695)
4(688 690 748 694)
4(688 694 695 689)
4(696 750 751 697)
4(694 696 697 695)
4(694 748 750 696)
4(60 64 65 61)
4(696 750 64 60)
4(696 60 61 697)
4(62 66 67 63)
4(60 62 63 61)
4(60 64 66 62)
4(62 76 77 63)
4(394 395 63 62)
4(394 406 407 395)
4(392 60 62 394)
4(392 393 61 60)
4(392 394 395 393)
4(490 60 62 492)
4(653 392 60 490)
4(653 490 492 655)
4(653 655 394 392)
4(490 60 64 494)
4(490 494 496 492)
4(1020 490 60 696)
4(1020 696 750 1024)
4(1020 1024 494 490)
4(945 392 60 696)
4(341 945 696 1020)
4(341 1020 490 653)
4(341 653 392 945)
4(945 946 697 696)
4(945 392 393 946)
4(943 694 696 945)
4(943 944 695 694)
4(943 945 946 944)
4(1018 694 696 1020)
4(339 943 694 1018)
4(339 1018 1020 341)
4(339 341 945 943)
4(1018 694 748 1022)
4(1018 1022 1024 1020)
4(1004 1018 694 688)
4(1004 1008 1022 1018)
4(935 943 694 688)
4(325 1004 1018 339)
4(325 339 943 935)
4(935 943 944 936)
4(1003 1007 1008 1004)
4(1001 1003 1004 1002)
4(1001 1005 1007 1003)
4(1017 1021 1022 1018)
4(1003 1007 1021 1017)
4(1003 1017 1018 1004)
4(1019 1023 1024 1020)
4(1017 1019 1020 1018)
4(1017 1021 1023 1019)
4(489 493 494 490)
4(1019 1023 493 489)
4(1019 489 490 1020)
4(489 491 492 490)
4(489 493 495 491)
4(652 489 491 654)
4(652 653 490 489)
4(652 654 655 653)
4(372 489 491 373)
4(646 652 489 372)
4(646 647 654 652)
4(372 489 493 487)
4(1012 372 489 1019)
4(1012 1019 1023 1016)
4(1012 1016 487 372)
4(340 652 489 1019)
4(333 340 1019 1012)
4(333 1012 372 646)
4(333 646 652 340)
4(340 341 1020 1019)
4(340 652 653 341)
4(338 1017 1019 340)
4(338 339 1018 1017)
4(338 340 341 339)
4(1010 1017 1019 1012)
4(331 338 1017 1010)
4(331 1010 1012 333)
4(331 333 340 338)
4(1010 1017 1021 1014)
4(1010 1014 1016 1012)
4(996 1010 1017 1003)
4(996 1003 1007 1000)
4(996 1000 1014 1010)
4(324 338 1017 1003)
4(317 324 1003 996)
4(317 996 1010 331)
4(317 331 338 324)
4(324 325 1004 1003)
4(324 338 339 325)
4(322 1001 1003 324)
4(322 324 325 323)
4(994 1001 1003 996)
4(315 994 996 317)
4(315 317 324 322)
4(994 998 1000 996)
4(993 997 998 994)
4(870 872 997 993)
4(870 993 994 871)
4(995 999 1000 996)
4(993 995 996 994)
4(993 997 999 995)
4(1009 1013 1014 1010)
4(995 999 1013 1009)
4(995 1009 1010 996)
4(1011 1015 1016 1012)
4(1009 1011 1012 1010)
4(1009 1013 1015 1011)
4(1011 1015 486 371)
4(1011 371 372 1012)
4(988 369 371 1011)
4(988 1011 1015 992)
4(332 645 371 1011)
4(203 332 1011 988)
4(203 634 645 332)
4(332 333 1012 1011)
4(332 645 646 333)
4(330 1009 1011 332)
4(330 331 1010 1009)
4(330 332 333 331)
4(986 1009 1011 988)
4(201 330 1009 986)
4(201 986 988 203)
4(201 203 332 330)
4(986 1009 1013 990)
4(986 990 992 988)
4(885 986 1009 995)
4(885 995 999 889)
4(885 889 990 986)
4(316 330 1009 995)
4(189 316 995 885)
4(189 885 986 201)
4(189 201 330 316)
4(316 317 996 995)
4(316 330 331 317)
4(314 993 995 316)
4(314 315 994 993)
4(314 316 317 315)
4(883 993 995 885)
4(187 314 993 883)
4(187 883 885 189)
4(187 189 316 314)
4(883 993 997 887)
4(883 887 889 885)
4(819 883 993 870)
4(819 823 887 883)
4(157 314 993 870)
4(123 819 883 187)
4(123 187 314 157)
4(157 314 315 158)
4(818 822 823 819)
4(816 818 819 817)
4(816 820 822 818)
4(882 886 887 883)
4(818 822 886 882)
4(818 882 883 819)
4(884 888 889 885)
4(882 884 885 883)
4(882 886 888 884)
4(985 989 990 986)
4(884 888 989 985)
4(884 985 986 885)
4(985 987 988 986)
4(985 989 991 987)
4(200 985 987 202)
4(200 201 986 985)
4(200 202 203 201)
4(980 985 987 981)
4(194 200 985 980)
4(194 195 202 200)
4(980 985 989 983)
4(877 980 985 884)
4(877 884 888 881)
4(877 881 983 980)
4(188 200 985 884)
4(181 188 884 877)
4(181 877 980 194)
4(181 194 200 188)
4(188 189 885 884)
4(188 200 201 189)
4(186 882 884 188)
4(186 187 883 882)
4(186 188 189 187)
4(875 882 884 877)
4(179 186 882 875)
4(179 875 877 181)
4(179 181 188 186)
4(875 882 886 879)
4(875 879 881 877)
4(811 875 882 818)
4(811 818 822 815)
4(811 815 879 875)
4(122 186 882 818)
4(115 122 818 811)
4(115 811 875 179)
4(115 179 186 122)
4(122 123 819 818)
4(122 186 187 123)
4(120 816 818 122)
4(120 122 123 121)
4(809 816 818 811)
4(113 809 811 115)
4(113 115 122 120)
4(809 813 815 811)
4(808 812 813 809)
4(803 806 812 808)
4(803 808 809 804)
4(810 814 815 811)
4(808 810 811 809)
4(808 812 814 810)
4(874 878 879 875)
4(810 814 878 874)
4(810 874 875 811)
4(876 880 881 877)
4(874 876 877 875)
4(874 878 880 876)
4(876 979 980 877)
4(180 181 877 876)
4(180 193 194 181)
4(178 874 876 180)
4(178 179 875 874)
4(178 180 181 179)
4(741 874 876 743)
4(12 178 874 741)
4(12 741 743 14)
4(12 14 180 178)
4(741 874 878 745)
4(741 745 747 743)
4(683 741 874 810)
4(683 810 814 687)
4(683 687 745 741)
4(114 178 874 810)
4(921 114 810 683)
4(921 683 741 12)
4(921 12 178 114)
4(114 115 811 810)
4(114 178 179 115)
4(112 808 810 114)
4(112 113 809 808)
4(112 114 115 113)
4(681 808 810 683)
4(919 112 808 681)
4(919 681 683 921)
4(919 921 114 112)
4(681 808 812 685)
4(681 685 687 683)
4(667 681 808 803)
4(667 803 806 671)
4(667 671 685 681)
4(106 112 808 803)
4(905 106 803 667)
4(905 667 681 919)
4(905 919 112 106)
4(106 112 113 107)
4(665 802 803 667)
4(903 665 667 905)
4(903 905 106 105)
4(665 669 671 667)
4(666 670 671 667)
4(664 666 667 665)
4(664 668 670 666)
4(680 684 685 681)
4(666 670 684 680)
4(666 680 681 667)
4(682 686 687 683)
4(680 682 683 681)
4(680 684 686 682)
4(740 744 745 741)
4(682 686 744 740)
4(682 740 741 683)
4(740 742 743 741)
4(11 12 741 740)
4(11 13 14 12)
4(675 738 740 682)
4(675 682 686 679)
4(920 11 740 682)
4(913 920 682 675)
4(913 6 11 920)
4(920 921 683 682)
4(920 11 12 921)
4(918 680 682 920)
4(918 919 681 680)
4(918 920 921 919)
4(673 680 682 675)
4(911 918 680 673)
4(911 673 675 913)
4(911 913 920 918)
4(673 680 684 677)
4(673 677 679 675)
4(659 673 680 666)
4(659 666 670 663)
4(659 663 677 673)
4(904 918 680 666)
4(897 904 666 659)
4(897 659 673 911)
4(897 911 918 904)
4(904 905 667 666)
4(904 918 919 905)
4(902 664 666 904)
4(902 904 905 903)
4(657 664 666 659)
4(895 902 664 657)
4(895 657 659 897)
4(895 897 904 902)
4(657 664 668 661)
4(657 661 663 659)
4(249 657 664 254)
4(249 253 661 657)
4(577 249 657 895)
4(577 895 902 579)
4(248 252 253 249)
4(246 248 249 247)
4(246 250 252 248)
4(656 660 661 657)
4(248 252 660 656)
4(248 656 657 249)
4(658 662 663 659)
4(656 658 659 657)
4(656 660 662 658)
4(672 676 677 673)
4(658 662 676 672)
4(658 672 673 659)
4(672 674 675 673)
4(672 676 678 674)
4(910 672 674 912)
4(910 911 673 672)
4(910 912 913 911)
4(599 672 674 600)
4(852 910 672 599)
4(852 853 912 910)
4(599 672 676 602)
4(593 599 672 658)
4(593 658 662 597)
4(593 597 602 599)
4(896 910 672 658)
4(847 896 658 593)
4(847 593 599 852)
4(847 852 910 896)
4(896 897 659 658)
4(896 910 911 897)
4(894 656 658 896)
4(894 895 657 656)
4(894 896 897 895)
4(591 656 658 593)
4(845 894 656 591)
4(845 591 593 847)
4(845 847 896 894)
4(591 656 660 595)
4(591 595 597 593)
4(239 591 656 248)
4(239 248 252 243)
4(239 243 595 591)
4(576 894 656 248)
4(561 576 248 239)
4(561 239 591 845)
4(561 845 894 576)
4(576 577 249 248)
4(576 894 895 577)
4(574 246 248 576)
4(574 576 577 575)
4(237 246 248 239)
4(559 574 246 237)
4(559 237 239 561)
4(559 561 576 574)
4(237 246 250 241)
4(237 241 243 239)
4(223 237 246 244)
4(223 227 241 237)
4(528 223 237 559)
4(528 559 574 569)
4(222 226 227 223)
4(220 222 223 221)
4(220 224 226 222)
4(236 240 241 237)
4(222 226 240 236)
4(222 236 237 223)
4(238 242 243 239)
4(236 238 239 237)
4(236 240 242 238)
4(590 594 595 591)
4(238 242 594 590)
4(238 590 591 239)
4(592 596 597 593)
4(590 592 593 591)
4(590 594 596 592)
4(592 598 599 593)
4(846 847 593 592)
4(846 851 852 847)
4(844 590 592 846)
4(844 845 591 590)
4(844 846 847 845)
4(585 590 592 586)
4(838 844 590 585)
4(838 839 846 844)
4(585 590 594 588)
4(231 585 590 238)
4(231 238 242 235)
4(231 235 588 585)
4(560 844 590 238)
4(536 560 238 231)
4(536 231 585 838)
4(536 838 844 560)
4(560 561 239 238)
4(560 844 845 561)
4(558 236 238 560)
4(558 559 237 236)
4(558 560 561 559)
4(229 236 238 231)
4(534 558 236 229)
4(534 229 231 536)
4(534 536 560 558)
4(229 236 240 233)
4(229 233 235 231)
4(215 229 236 222)
4(215 222 226 219)
4(215 219 233 229)
4(527 558 236 222)
4(520 527 222 215)
4(520 215 229 534)
4(520 534 558 527)
4(527 528 223 222)
4(527 558 559 528)
4(525 220 222 527)
4(525 527 528 526)
4(213 220 222 215)
4(518 525 220 213)
4(518 213 215 520)
4(518 520 527 525)
4(213 220 224 217)
4(213 217 219 215)
4(55 213 220 126)
4(55 59 217 213)
4(389 55 213 518)
4(389 518 525 391)
4(54 58 59 55)
4(52 54 55 53)
4(52 56 58 54)
4(212 216 217 213)
4(54 58 216 212)
4(54 212 213 55)
4(214 218 219 215)
4(212 214 215 213)
4(212 216 218 214)
4(228 232 233 229)
4(214 218 232 228)
4(214 228 229 215)
4(230 234 235 231)
4(228 230 231 229)
4(228 232 234 230)
4(230 584 585 231)
4(535 536 231 230)
4(535 837 838 536)
4(533 228 230 535)
4(533 534 229 228)
4(533 535 536 534)
4(556 228 230 557)
4(800 533 228 556)
4(800 801 535 533)
4(556 228 232 582)
4(550 556 228 214)
4(550 214 218 554)
4(550 554 582 556)
4(519 533 228 214)
4(795 519 214 550)
4(795 550 556 800)
4(795 800 533 519)
4(519 520 215 214)
4(519 533 534 520)
4(517 212 214 519)
4(517 518 213 212)
4(517 519 520 518)
4(548 212 214 550)
4(793 517 212 548)
4(793 548 550 795)
4(793 795 519 517)
4(548 212 216 552)
4(548 552 554 550)
4(481 548 212 54)
4(481 54 58 485)
4(481 485 552 548)
4(388 517 212 54)
4(737 388 54 481)
4(737 481 548 793)
4(737 793 517 388)
4(388 389 55 54)
4(388 517 518 389)
4(386 52 54 388)
4(386 388 389 387)
4(479 52 54 481)
4(735 386 52 479)
4(735 479 481 737)
4(735 737 388 386)
4(479 52 56 483)
4(479 483 485 481)
4(465 479 52 50)
4(465 469 483 479)
4(721 465 479 735)
4(721 735 386 381)
4(464 468 469 465)
4(462 464 465 463)
4(462 466 468 464)
4(478 482 483 479)
4(464 468 482 478)
4(464 478 479 465)
4(480 484 485 481)
4(478 480 481 479)
4(478 482 484 480)
4(547 551 552 548)
4(480 484 551 547)
4(480 547 548 481)
4(549 553 554 550)
4(547 549 550 548)
4(547 551 553 549)
4(549 555 556 550)
4(794 795 550 549)
4(794 799 800 795)
4(792 547 549 794)
4(792 793 548 547)
4(792 794 795 793)
4(542 547 549 543)
4(786 792 547 542)
4(786 787 794 792)
4(542 547 551 545)
4(473 542 547 480)
4(473 480 484 477)
4(473 477 545 542)
4(736 792 547 480)
4(729 736 480 473)
4(729 473 542 786)
4(729 786 792 736)
4(736 737 481 480)
4(736 792 793 737)
4(734 478 480 736)
4(734 735 479 478)
4(734 736 737 735)
4(471 478 480 473)
4(727 734 478 471)
4(727 471 473 729)
4(727 729 736 734)
4(471 478 482 475)
4(471 475 477 473)
4(457 471 478 464)
4(457 464 468 461)
4(457 461 475 471)
4(720 734 478 464)
4(713 720 464 457)
4(713 457 471 727)
4(713 727 734 720)
4(720 721 465 464)
4(720 734 735 721)
4(718 462 464 720)
4(718 720 721 719)
4(455 462 464 457)
4(711 718 462 455)
4(711 455 457 713)
4(711 713 720 718)
4(455 462 466 459)
4(455 459 461 457)
4(41 455 462 47)
4(41 47 49 45)
4(41 45 459 455)
4(297 301 47 41)
4(297 41 455 711)
4(297 711 718 301)
4(39 46 47 41)
4(295 39 41 297)
4(295 297 301 300)
4(39 43 45 41)
4(38 42 43 39)
4(977 36 42 38)
4(977 38 39 978)
4(40 44 45 41)
4(38 40 41 39)
4(38 42 44 40)
4(454 458 459 455)
4(40 44 458 454)
4(40 454 455 41)
4(456 460 461 457)
4(454 456 457 455)
4(454 458 460 456)
4(470 474 475 471)
4(456 460 474 470)
4(456 470 471 457)
4(472 476 477 473)
4(470 472 473 471)
4(470 474 476 472)
4(472 541 542 473)
4(728 729 473 472)
4(728 785 786 729)
4(726 470 472 728)
4(726 727 471 470)
4(726 728 729 727)
4(450 470 472 451)
4(623 726 470 450)
4(623 624 728 726)
4(450 470 474 452)
4(364 450 470 456)
4(364 456 460 368)
4(712 726 470 456)
4(620 712 456 364)
4(620 623 726 712)
4(712 713 457 456)
4(712 726 727 713)
4(710 454 456 712)
4(710 711 455 454)
4(710 712 713 711)
4(362 454 456 364)
4(618 710 454 362)
4(618 362 364 620)
4(618 620 712 710)
4(362 454 458 366)
4(362 366 368 364)
4(972 362 454 40)
4(972 40 44 976)
4(972 976 366 362)
4(296 710 454 40)
4(277 296 40 972)
4(277 972 362 618)
4(277 618 710 296)
4(296 297 41 40)
4(296 710 711 297)
4(294 38 40 296)
4(294 295 39 38)
4(294 296 297 295)
4(970 38 40 972)
4(275 294 38 970)
4(275 970 972 277)
4(275 277 296 294)
4(970 38 42 974)
4(970 974 976 972)
4(960 970 38 977)
4(960 962 974 970)
4(288 294 38 977)
4(263 960 970 275)
4(263 275 294 288)
4(288 294 295 289)
4(969 973 974 970)
4(959 961 973 969)
4(959 969 970 960)
4(971 975 976 972)
4(969 971 972 970)
4(969 973 975 971)
4(361 365 366 362)
4(971 975 365 361)
4(971 361 362 972)
4(361 363 364 362)
4(617 618 362 361)
4(617 619 620 618)
4(965 359 361 971)
4(965 971 975 968)
4(276 617 361 971)
4(269 276 971 965)
4(269 612 617 276)
4(276 277 972 971)
4(276 617 618 277)
4(274 969 971 276)
4(274 275 970 969)
4(274 276 277 275)
4(964 969 971 965)
4(268 274 969 964)
4(268 269 276 274)
4(964 969 973 967)
4(956 964 969 959)
4(956 958 967 964)
4(262 274 969 959)
4(259 956 964 268)
4(259 268 274 262)
4(262 274 275 263)
4(955 963 964 956)
4(258 267 268 259)
4(439 446 447 441)
4(421 424 446 439)
4(421 439 441 423)
4(439 446 448 443)
4(439 443 445 441)
4(429 439 446 435)
4(429 435 437 433)
4(429 433 443 439)
4(417 419 435 429)
4(417 429 439 421)
4(427 434 435 429)
4(415 418 434 427)
4(415 427 429 417)
4(427 434 436 431)
4(427 431 433 429)
4(27 427 434 33)
4(27 31 431 427)
4(27 33 35 31)
4(21 27 427 415)
4(21 23 33 27)
4(26 27 427 426)
4(414 426 427 415)
4(20 26 426 414)
4(20 21 27 26)
4(426 430 431 427)
4(26 30 430 426)
4(26 27 31 30)
4(428 432 433 429)
4(426 428 429 427)
4(426 430 432 428)
4(438 442 443 439)
4(428 432 442 438)
4(428 438 439 429)
4(438 440 441 439)
4(438 442 444 440)
4(420 438 440 422)
4(420 421 439 438)
4(409 438 440 410)
4(353 420 438 409)
4(409 438 442 412)
4(399 409 438 428)
4(399 428 432 403)
4(399 403 412 409)
4(416 420 438 428)
4(349 416 428 399)
4(349 399 409 353)
4(416 417 429 428)
4(414 426 428 416)
4(397 426 428 399)
4(347 414 426 397)
4(347 397 399 349)
4(397 426 430 401)
4(397 401 403 399)
4(950 397 426 26)
4(950 954 401 397)
4(950 26 30 954)
4(932 950 397 347)
4(932 20 26 950)
4(949 950 397 396)
4(346 396 397 347)
4(931 949 396 346)
4(931 932 950 949)
4(396 400 401 397)
4(949 953 400 396)
4(949 950 954 953)
4(398 402 403 399)
4(396 398 399 397)
4(396 400 402 398)
4(398 402 411 408)
4(398 408 409 399)
4(358 405 408 398)
4(358 398 402 395)
4(358 395 407 405)
4(348 352 408 398)
4(345 348 398 358)
4(345 358 405 351)
4(348 349 399 398)
4(346 396 398 348)
4(356 396 398 358)
4(343 346 396 356)
4(343 356 358 345)
4(356 396 400 393)
4(356 393 395 358)
4(942 356 396 949)
4(942 946 393 356)
4(942 949 953 946)
4(928 942 356 343)
4(928 931 949 942)
4(941 942 356 355)
4(342 355 356 343)
4(927 941 355 342)
4(927 928 942 941)
4(355 392 393 356)
4(941 945 392 355)
4(941 942 946 945)
4(357 394 395 358)
4(355 357 358 356)
4(355 392 394 357)
4(357 404 405 358)
4(344 345 358 357)
4(342 355 357 344)
4(649 355 357 651)
4(639 342 355 649)
4(639 649 651 641)
4(649 355 392 653)
4(649 653 655 651)
4(337 649 355 941)
4(337 941 945 341)
4(337 341 653 649)
4(309 927 941 337)
4(309 337 649 639)
4(335 939 941 337)
4(307 925 939 335)
4(925 927 941 939)
4(307 335 337 309)
4(939 941 945 943)
4(335 939 943 339)
4(335 339 341 337)
4(940 942 946 944)
4(939 940 944 943)
4(939 941 942 940)
4(947 949 953 951)
4(940 947 951 944)
4(940 942 949 947)
4(948 950 954 952)
4(947 949 950 948)
4(24 26 30 28)
4(948 950 26 24)
4(25 27 31 29)
4(24 26 27 25)
4(25 27 33 32)
4(19 25 27 21)
4(18 20 26 24)
4(930 948 950 932)
4(934 940 947 937)
4(934 936 944 940)
4(926 940 947 929)
4(923 934 940 926)
4(929 931 949 947)
4(926 940 942 928)
4(933 935 943 939)
4(933 939 940 934)
4(321 335 939 933)
4(321 325 339 335)
4(922 925 939 933)
4(211 321 335 307)
4(925 939 940 926)
4(320 324 325 321)
4(318 320 321 319)
4(318 322 324 320)
4(334 338 339 335)
4(320 324 338 334)
4(320 334 335 321)
4(336 340 341 337)
4(334 336 337 335)
4(334 338 340 336)
4(648 652 653 649)
4(336 340 652 648)
4(336 648 649 337)
4(648 650 651 649)
4(648 652 654 650)
4(638 648 650 640)
4(638 639 649 648)
4(643 648 650 644)
4(636 638 648 643)
4(643 648 652 646)
4(329 643 648 336)
4(329 336 340 333)
4(329 333 646 643)
4(308 638 648 336)
4(305 308 336 329)
4(305 329 643 636)
4(308 309 337 336)
4(306 334 336 308)
4(306 307 335 334)
4(327 334 336 329)
4(303 306 334 327)
4(303 327 329 305)
4(327 334 338 331)
4(327 331 333 329)
4(313 327 334 320)
4(313 320 324 317)
4(313 317 331 327)
4(210 306 334 320)
4(207 210 320 313)
4(207 313 327 303)
4(210 211 321 320)
4(208 318 320 210)
4(311 318 320 313)
4(205 311 313 207)
4(311 315 317 313)
4(310 314 315 311)
4(155 157 314 310)
4(155 310 311 156)
4(312 316 317 313)
4(310 312 313 311)
4(310 314 316 312)
4(326 330 331 327)
4(312 316 330 326)
4(312 326 327 313)
4(328 332 333 329)
4(326 328 329 327)
4(326 330 332 328)
4(328 332 645 642)
4(328 642 643 329)
4(199 633 642 328)
4(199 328 332 203)
4(304 635 642 328)
4(173 304 328 199)
4(304 305 329 328)
4(302 326 328 304)
4(302 303 327 326)
4(197 326 328 199)
4(171 302 326 197)
4(171 197 199 173)
4(197 326 330 201)
4(197 201 203 199)
4(185 197 326 312)
4(185 312 316 189)
4(185 189 201 197)
4(206 302 326 312)
4(166 206 312 185)
4(166 185 197 171)
4(206 207 313 312)
4(204 310 312 206)
4(204 205 311 310)
4(183 310 312 185)
4(164 204 310 183)
4(164 183 185 166)
4(183 310 314 187)
4(183 187 189 185)
4(119 183 310 155)
4(119 123 187 183)
4(124 204 310 155)
4(101 119 183 164)
4(118 122 123 119)
4(116 118 119 117)
4(116 120 122 118)
4(182 186 187 183)
4(118 122 186 182)
4(118 182 183 119)
4(184 188 189 185)
4(182 184 185 183)
4(182 186 188 184)
4(196 200 201 197)
4(184 188 200 196)
4(184 196 197 185)
4(196 198 199 197)
4(196 200 202 198)
4(170 196 198 172)
4(170 171 197 196)
4(191 196 198 192)
4(168 170 196 191)
4(191 196 200 194)
4(177 191 196 184)
4(177 184 188 181)
4(177 181 194 191)
4(165 170 196 184)
4(162 165 184 177)
4(162 177 191 168)
4(165 166 185 184)
4(163 182 184 165)
4(163 164 183 182)
4(175 182 184 177)
4(160 163 182 175)
4(160 175 177 162)
4(175 182 186 179)
4(175 179 181 177)
4(111 175 182 118)
4(111 118 122 115)
4(111 115 179 175)
4(100 163 182 118)
4(97 100 118 111)
4(97 111 175 160)
4(100 101 119 118)
4(98 116 118 100)
4(109 116 118 111)
4(95 109 111 97)
4(109 113 115 111)
4(108 112 113 109)
4(103 106 112 108)
4(103 108 109 104)
4(110 114 115 111)
4(108 110 111 109)
4(108 112 114 110)
4(174 178 179 175)
4(110 114 178 174)
4(110 174 175 111)
4(176 180 181 177)
4(174 176 177 175)
4(174 178 180 176)
4(176 190 191 177)
4(161 162 177 176)
4(159 174 176 161)
4(159 160 175 174)
4(8 174 176 10)
4(2 159 174 8)
4(2 8 10 4)
4(8 174 178 12)
4(8 12 14 10)
4(917 8 174 110)
4(917 110 114 921)
4(917 921 12 8)
4(96 159 174 110)
4(869 96 110 917)
4(869 917 8 2)
4(96 97 111 110)
4(94 108 110 96)
4(94 95 109 108)
4(915 108 110 917)
4(867 94 108 915)
4(867 915 917 869)
4(915 108 112 919)
4(915 919 921 917)
4(901 915 108 103)
4(901 103 106 905)
4(901 905 919 915)
4(16 94 108 103)
4(861 16 103 901)
4(861 901 915 867)
4(899 102 103 901)
4(859 899 901 861)
4(899 903 905 901)
4(900 904 905 901)
4(898 900 901 899)
4(898 902 904 900)
4(914 918 919 915)
4(900 904 918 914)
4(900 914 915 901)
4(916 920 921 917)
4(914 916 917 915)
4(914 918 920 916)
4(7 11 12 8)
4(916 920 11 7)
4(916 7 8 917)
4(7 9 10 8)
4(1 2 8 7)
4(909 5 7 916)
4(909 916 920 913)
4(868 1 7 916)
4(865 868 916 909)
4(868 869 917 916)
4(866 914 916 868)
4(866 867 915 914)
4(907 914 916 909)
4(863 866 914 907)
4(863 907 909 865)
4(907 914 918 911)
4(907 911 913 909)
4(893 907 914 900)
4(893 900 904 897)
4(893 897 911 907)
4(860 866 914 900)
4(857 860 900 893)
4(857 893 907 863)
4(860 861 901 900)
4(858 898 900 860)
4(891 898 900 893)
4(855 858 898 891)
4(855 891 893 857)
4(891 898 902 895)
4(891 895 897 893)
4(573 891 898 578)
4(573 577 895 891)
4(566 573 891 855)
4(572 573 891 890)
4(854 890 891 855)
4(565 572 890 854)
4(565 566 573 572)
4(890 894 895 891)
4(572 576 894 890)
4(572 573 577 576)
4(892 896 897 893)
4(890 892 893 891)
4(890 894 896 892)
4(906 910 911 907)
4(892 896 910 906)
4(892 906 907 893)
4(906 908 909 907)
4(906 910 912 908)
4(862 906 908 864)
4(862 863 907 906)
4(849 906 908 850)
4(832 862 906 849)
4(849 906 910 852)
4(843 849 906 892)
4(843 892 896 847)
4(843 847 852 849)
4(856 862 906 892)
4(830 856 892 843)
4(830 843 849 832)
4(856 857 893 892)
4(854 890 892 856)
4(841 890 892 843)
4(828 854 890 841)
4(828 841 843 830)
4(841 890 894 845)
4(841 845 847 843)
4(540 841 890 572)
4(540 561 845 841)
4(540 572 576 561)
4(512 540 841 828)
4(512 565 572 540)
4(539 540 841 840)
4(827 840 841 828)
4(511 539 840 827)
4(511 512 540 539)
4(840 844 845 841)
4(539 560 844 840)
4(539 540 561 560)
4(842 846 847 843)
4(840 842 843 841)
4(840 844 846 842)
4(842 848 849 843)
4(829 830 843 842)
4(827 840 842 829)
4(835 840 842 836)
4(825 827 840 835)
4(835 840 844 838)
4(532 835 840 539)
4(532 536 838 835)
4(532 539 560 536)
4(508 532 835 825)
4(508 511 539 532)
4(531 532 835 834)
4(507 508 532 531)
4(531 532 536 535)
4(529 531 535 533)
4(797 529 533 800)
4(797 798 531 529)
4(530 532 536 534)
4(529 530 534 533)
4(529 531 532 530)
4(537 539 560 558)
4(530 537 558 534)
4(530 532 539 537)
4(538 540 561 559)
4(537 538 559 558)
4(537 539 540 538)
4(570 572 576 574)
4(538 570 574 559)
4(538 540 572 570)
4(570 572 573 571)
4(524 538 570 568)
4(524 528 559 538)
4(510 538 570 563)
4(504 524 538 510)
4(563 565 572 570)
4(510 538 540 512)
4(523 527 528 524)
4(521 523 524 522)
4(521 525 527 523)
4(523 527 558 537)
4(523 537 538 524)
4(516 530 537 523)
4(516 523 527 520)
4(516 520 534 530)
4(506 530 537 509)
4(503 509 537 523)
4(500 503 523 516)
4(500 516 530 506)
4(509 511 539 537)
4(506 530 532 508)
4(509 510 538 537)
4(503 504 524 523)
4(501 521 523 503)
4(514 521 523 516)
4(498 501 521 514)
4(498 514 516 500)
4(514 521 525 518)
4(514 518 520 516)
4(385 514 521 390)
4(385 389 518 514)
4(378 385 514 498)
4(384 388 389 385)
4(382 384 385 383)
4(382 386 388 384)
4(513 517 518 514)
4(384 388 517 513)
4(384 513 514 385)
4(515 519 520 516)
4(513 515 516 514)
4(513 517 519 515)
4(515 519 533 529)
4(515 529 530 516)
4(791 797 529 515)
4(791 515 519 795)
4(791 795 800 797)
4(780 797 529 505)
4(499 505 529 515)
4(778 499 515 791)
4(778 791 797 780)
4(505 507 531 529)
4(505 506 530 529)
4(499 500 516 515)
4(497 513 515 499)
4(497 498 514 513)
4(789 513 515 791)
4(776 497 513 789)
4(776 789 791 778)
4(789 513 517 793)
4(789 793 795 791)
4(733 789 513 384)
4(733 384 388 737)
4(733 737 793 789)
4(377 497 513 384)
4(705 377 384 733)
4(705 733 789 776)
4(377 378 385 384)
4(375 382 384 377)
4(731 382 384 733)
4(703 375 382 731)
4(703 731 733 705)
4(731 382 386 735)
4(731 735 737 733)
4(717 731 382 380)
4(717 721 735 731)
4(632 717 731 703)
4(716 720 721 717)
4(714 716 717 715)
4(714 718 720 716)
4(730 734 735 731)
4(716 720 734 730)
4(716 730 731 717)
4(732 736 737 733)
4(730 732 733 731)
4(730 734 736 732)
4(788 792 793 789)
4(732 736 792 788)
4(732 788 789 733)
4(790 794 795 791)
4(788 790 791 789)
4(788 792 794 790)
4(790 796 797 791)
4(777 778 791 790)
4(775 788 790 777)
4(775 776 789 788)
4(783 788 790 784)
4(773 775 788 783)
4(783 788 792 786)
4(725 783 788 732)
4(725 732 736 729)
4(725 729 786 783)
4(704 775 788 732)
4(701 704 732 725)
4(701 725 783 773)
4(704 705 733 732)
4(702 730 732 704)
4(702 703 731 730)
4(723 730 732 725)
4(699 702 730 723)
4(699 723 725 701)
4(723 730 734 727)
4(723 727 729 725)
4(709 723 730 716)
4(709 716 720 713)
4(709 713 727 723)
4(631 702 730 716)
4(628 631 716 709)
4(628 709 723 699)
4(631 632 717 716)
4(629 714 716 631)
4(707 714 716 709)
4(626 629 714 707)
4(626 707 709 628)
4(707 714 718 711)
4(707 711 713 709)
4(293 707 714 299)
4(293 299 301 297)
4(293 297 711 707)
4(283 285 299 293)
4(283 293 707 626)
4(291 298 299 293)
4(281 291 293 283)
4(291 295 297 293)
4(290 294 295 291)
4(286 288 294 290)
4(286 290 291 287)
4(292 296 297 293)
4(290 292 293 291)
4(290 294 296 292)
4(706 710 711 707)
4(292 296 710 706)
4(292 706 707 293)
4(708 712 713 709)
4(706 708 709 707)
4(706 710 712 708)
4(722 726 727 723)
4(708 712 726 722)
4(708 722 723 709)
4(724 728 729 725)
4(722 724 725 723)
4(722 726 728 724)
4(724 782 783 725)
4(700 701 725 724)
4(698 722 724 700)
4(698 699 723 722)
4(621 722 724 622)
4(609 698 722 621)
4(621 722 726 623)
4(616 621 722 708)
4(616 708 712 620)
4(627 698 722 708)
4(608 627 708 616)
4(627 628 709 708)
4(625 706 708 627)
4(625 626 707 706)
4(614 706 708 616)
4(606 625 706 614)
4(606 614 616 608)
4(614 706 710 618)
4(614 618 620 616)
4(273 614 706 292)
4(273 292 296 277)
4(273 277 618 614)
4(282 625 706 292)
4(154 282 292 273)
4(154 273 614 606)
4(282 283 293 292)
4(280 290 292 282)
4(280 281 291 290)
4(271 290 292 273)
4(152 280 290 271)
4(152 271 273 154)
4(271 290 294 275)
4(271 275 277 273)
4(261 271 290 286)
4(261 263 275 271)
4(278 280 290 286)
4(147 261 271 152)
4(270 274 275 271)
4(260 262 274 270)
4(260 270 271 261)
4(272 276 277 273)
4(270 272 273 271)
4(270 274 276 272)
4(613 617 618 614)
4(272 276 617 613)
4(272 613 614 273)
4(613 615 616 614)
4(605 606 614 613)
4(266 611 613 272)
4(266 272 276 269)
4(153 605 613 272)
4(150 153 272 266)
4(153 154 273 272)
4(151 270 272 153)
4(151 152 271 270)
4(265 270 272 266)
4(149 151 270 265)
4(265 270 274 268)
4(257 265 270 260)
4(257 259 268 265)
4(146 151 270 260)
4(145 257 265 149)
4(256 264 265 257)
4(1254 1258 1259 1255)
4(1255 1259 1261 1256)
4(1256 1261 1262 1257)
4(1259 1260 1263 1261)
4(1261 1263 1264 1262)
4(1257 1262 1290 1288)
4(1288 1290 1291 1289)
4(1262 1264 1292 1290)
4(1290 1292 1293 1291)
4(1291 1293 1295 1294)
4(1260 1358 1359 1263)
4(1263 1359 1360 1264)
4(1359 1361 1362 1360)
4(1264 1360 1365 1292)
4(1292 1365 1366 1293)
4(1360 1362 1367 1365)
4(1365 1367 1368 1366)
4(1293 1366 1369 1295)
4(1366 1368 1371 1369)
4(1369 1371 1372 1370)
4(1362 1363 1380 1367)
4(1367 1380 1381 1368)
4(1363 1364 1382 1380)
4(1380 1382 1383 1381)
4(1368 1381 1384 1371)
4(1371 1384 1385 1372)
4(1381 1383 1386 1384)
4(1384 1386 1387 1385)
4(1382 1388 1389 1383)
4(1383 1389 1391 1386)
4(1386 1391 1392 1387)
4(1389 1390 1393 1391)
4(1391 1393 1394 1392)
4(1393 1395 1396 1394)
4(1372 1385 1318 1317)
4(1385 1387 1320 1318)
4(1318 1320 1321 1319)
4(1387 1392 1335 1320)
4(1320 1335 1336 1321)
4(1392 1394 1337 1335)
4(1335 1337 1338 1336)
4(1321 1336 1339 1322)
4(1336 1338 1341 1339)
4(1339 1341 1342 1340)
4(1394 1396 1343 1337)
4(1337 1343 1344 1338)
4(1396 1397 1345 1343)
4(1343 1345 1346 1344)
4(1338 1344 1347 1341)
4(1341 1347 1348 1342)
4(1344 1346 1349 1347)
4(1347 1349 1350 1348)
4(1342 1348 1352 1351)
4(1348 1350 1354 1352)
4(1352 1354 1355 1353)
4(1345 1398 1399 1346)
4(1346 1399 1401 1349)
4(1349 1401 1402 1350)
4(1399 1400 1403 1401)
4(1401 1403 1404 1402)
4(1403 1405 1406 1404)
4(1350 1402 1408 1354)
4(1354 1408 1409 1355)
4(1402 1404 1410 1408)
4(1408 1410 1411 1409)
4(1355 1409 1412 1356)
4(1409 1411 1414 1412)
4(1412 1414 1415 1413)
4(1404 1406 1416 1410)
4(1410 1416 1417 1411)
4(1406 1407 1418 1416)
4(1416 1418 1419 1417)
4(1411 1417 1420 1414)
4(1414 1420 1421 1415)
4(1417 1419 1422 1420)
4(1420 1422 1423 1421)
4(1419 1230 1231 1422)
4(1422 1231 1232 1423)
4(1231 1233 1234 1232)
4(1413 1415 1236 1235)
4(1415 1421 1244 1236)
4(1236 1244 1245 1237)
4(1421 1423 1246 1244)
4(1244 1246 1247 1245)
4(1245 1247 1250 1248)
4(1248 1250 1251 1249)
4(1423 1232 1265 1246)
4(1246 1265 1266 1247)
4(1232 1234 1267 1265)
4(1265 1267 1268 1266)
4(1247 1266 1269 1250)
4(1250 1269 1270 1251)
4(1266 1268 1271 1269)
4(1269 1271 1272 1270)
4(1267 1273 1274 1268)
4(1268 1274 1276 1271)
4(1271 1276 1277 1272)
4(1274 1275 1278 1276)
4(1276 1278 1279 1277)
4(1251 1270 1280 1252)
4(1252 1280 1281 1253)
4(1270 1272 1282 1280)
4(1280 1282 1283 1281)
4(1281 1283 1286 1284)
4(1284 1286 1287 1285)
4(1272 1277 1296 1282)
4(1282 1296 1297 1283)
4(1277 1279 1298 1296)
4(1296 1298 1299 1297)
4(1283 1297 1300 1286)
4(1286 1300 1301 1287)
4(1297 1299 1302 1300)
4(1300 1302 1303 1301)
4(1279 1357 1373 1298)
4(1298 1373 1374 1299)
4(1299 1374 1376 1302)
4(1302 1376 1377 1303)
4(1374 1375 1378 1376)
4(1376 1378 1379 1377)
4(1287 1301 1427 1424)
4(1424 1427 1428 1425)
4(1301 1303 1429 1427)
4(1427 1429 1430 1428)
4(1425 1428 1431 1426)
4(1428 1430 1433 1431)
4(1431 1433 1434 1432)
4(1432 1434 1240 1238)
4(1238 1240 1241 1239)
4(1239 1241 1243 1242)
4(1303 1377 1304 1429)
4(1429 1304 1305 1430)
4(1377 1379 1306 1304)
4(1304 1306 1307 1305)
4(1430 1305 1308 1433)
4(1433 1308 1309 1434)
4(1305 1307 1310 1308)
4(1308 1310 1311 1309)
4(1306 1312 1313 1307)
4(1307 1313 1314 1310)
4(1310 1314 1315 1311)
4(1434 1309 1323 1240)
4(1240 1323 1324 1241)
4(1309 1311 1325 1323)
4(1323 1325 1326 1324)
4(1241 1324 1327 1243)
4(1324 1326 1328 1327)
4(1311 1315 1329 1325)
4(1325 1329 1330 1326)
4(1315 1316 1331 1329)
4(1329 1331 1332 1330)
4(1326 1330 1333 1328)
4(1330 1332 1334 1333)
4(1074 1075 1128 1127)
4(1075 1078 1130 1128)
4(1078 1079 1131 1130)
4(1128 1130 1132 1129)
4(1130 1131 1133 1132)
4(1132 1133 1135 1134)
4(1079 1083 1137 1131)
4(1083 1084 1138 1137)
4(1131 1137 1139 1133)
4(1137 1138 1140 1139)
4(1084 1085 1141 1138)
4(1138 1141 1143 1140)
4(1141 1142 1144 1143)
4(1133 1139 1145 1135)
4(1139 1140 1146 1145)
4(1135 1145 1147 1136)
4(1145 1146 1148 1147)
4(1140 1143 1149 1146)
4(1143 1144 1150 1149)
4(1146 1149 1151 1148)
4(1149 1150 1152 1151)
4(1148 1151 1157 1156)
4(1151 1152 1158 1157)
4(1157 1158 1160 1159)
4(1142 1175 1176 1144)
4(1144 1176 1178 1150)
4(1176 1177 1179 1178)
4(1150 1178 1180 1152)
4(1178 1179 1181 1180)
4(1179 1182 1184 1181)
4(1182 1183 1185 1184)
4(1152 1180 1188 1158)
4(1180 1181 1189 1188)
4(1158 1188 1190 1160)
4(1188 1189 1191 1190)
4(1181 1184 1192 1189)
4(1184 1185 1193 1192)
4(1189 1192 1194 1191)
4(1192 1193 1195 1194)
4(1190 1191 1208 1207)
4(1191 1194 1210 1208)
4(1194 1195 1211 1210)
4(1208 1210 1212 1209)
4(1210 1211 1213 1212)
4(1185 1186 1214 1193)
4(1186 1187 1215 1214)
4(1193 1214 1216 1195)
4(1214 1215 1217 1216)
4(1215 1218 1220 1217)
4(1218 1219 1221 1220)
4(1195 1216 1222 1211)
4(1216 1217 1223 1222)
4(1211 1222 1224 1213)
4(1222 1223 1225 1224)
4(1217 1220 1226 1223)
4(1220 1221 1227 1226)
4(1223 1226 1228 1225)
4(1226 1227 1229 1228)
4(1213 1224 1110 1091)
4(1224 1225 1111 1110)
4(1225 1228 1113 1111)
4(1228 1229 1114 1113)
4(1111 1113 1115 1112)
4(1113 1114 1116 1115)
4(1221 1153 1161 1227)
4(1153 1154 1162 1161)
4(1227 1161 1163 1229)
4(1161 1162 1164 1163)
4(1154 1155 1165 1162)
4(1162 1165 1167 1164)
4(1165 1166 1168 1167)
4(1166 1169 1171 1168)
4(1169 1170 1172 1171)
4(1170 1173 1174 1172)
4(1229 1163 1038 1114)
4(1163 1164 1039 1038)
4(1114 1038 1040 1116)
4(1038 1039 1041 1040)
4(1164 1167 1042 1039)
4(1167 1168 1043 1042)
4(1039 1042 1044 1041)
4(1042 1043 1045 1044)
4(1040 1041 1047 1046)
4(1041 1044 1048 1047)
4(1044 1045 1049 1048)
4(1168 1171 1051 1043)
4(1171 1172 1052 1051)
4(1043 1051 1053 1045)
4(1051 1052 1054 1053)
4(1172 1174 1056 1052)
4(1052 1056 1057 1054)
4(1045 1053 1058 1049)
4(1053 1054 1059 1058)
4(1049 1058 1060 1050)
4(1058 1059 1061 1060)
4(1054 1057 1062 1059)
4(1059 1062 1063 1061)
4(1196 1197 1201 1200)
4(1197 1198 1203 1201)
4(1198 1199 1204 1203)
4(1201 1203 1205 1202)
4(1203 1204 1206 1205)
4(1199 1025 1027 1204)
4(1025 1026 1028 1027)
4(1204 1027 1029 1206)
4(1027 1028 1030 1029)
4(1028 1031 1032 1030)
4(1202 1205 1087 1086)
4(1205 1206 1088 1087)
4(1087 1088 1090 1089)
4(1206 1029 1094 1088)
4(1029 1030 1095 1094)
4(1088 1094 1096 1090)
4(1094 1095 1097 1096)
4(1030 1032 1098 1095)
4(1095 1098 1100 1097)
4(1098 1099 1101 1100)
4(1090 1096 1102 1092)
4(1096 1097 1103 1102)
4(1092 1102 1104 1093)
4(1102 1103 1105 1104)
4(1097 1100 1106 1103)
4(1100 1101 1107 1106)
4(1103 1106 1108 1105)
4(1106 1107 1109 1108)
4(1104 1105 1118 1117)
4(1105 1108 1120 1118)
4(1108 1109 1121 1120)
4(1118 1120 1122 1119)
4(1120 1121 1123 1122)
4(1122 1123 1125 1124)
4(1101 1033 1034 1107)
4(1107 1034 1036 1109)
4(1034 1035 1037 1036)
4(1109 1036 1064 1121)
4(1036 1037 1065 1064)
4(1121 1064 1066 1123)
4(1064 1065 1067 1066)
4(1037 1055 1068 1065)
4(1065 1068 1070 1067)
4(1068 1069 1071 1070)
4(1123 1066 1072 1125)
4(1066 1067 1073 1072)
4(1125 1072 1074 1126)
4(1072 1073 1075 1074)
4(1067 1070 1076 1073)
4(1070 1071 1077 1076)
4(1073 1076 1078 1075)
4(1076 1077 1079 1078)
4(1071 1080 1081 1077)
4(1077 1081 1083 1079)
4(1081 1082 1084 1083)
4(770 771 1174 1173)
4(770 1173 1170 765)
4(765 1170 1169 764)
4(764 1169 1166 757)
4(757 1166 1165 756)
4(690 1153 1221 1008)
4(691 1154 1153 690)
4(693 756 1165 1155)
4(693 1155 1154 691)
4(1006 1008 1221 1219)
4(1006 1219 1218 1005)
4(1005 1218 1215 998)
4(872 1186 1185 823)
4(873 998 1215 1187)
4(873 1187 1186 872)
4(821 823 1185 1183)
4(821 1183 1182 820)
4(820 1182 1179 813)
4(807 813 1179 1177)
4(807 1177 1176 806)
4(805 806 1176 1175)
4(805 1175 1142 669)
4(669 1142 1141 668)
4(255 668 1141 1085)
4(253 255 1085 1084)
4(251 253 1084 1082)
4(251 1082 1081 250)
4(245 250 1081 1080)
4(245 1080 1071 227)
4(225 227 1071 1069)
4(225 1069 1068 224)
4(127 224 1068 1055)
4(127 1055 1037 59)
4(57 59 1037 1035)
4(57 1035 1034 56)
4(51 56 1034 1033)
4(51 1033 1101 469)
4(467 469 1101 1099)
4(467 1099 1098 466)
4(49 466 1098 1032)
4(48 49 1032 1031)
4(48 1031 1028 43)
4(37 43 1028 1026)
4(37 1026 1025 36)
4(23 22 1242 1243)
4(19 1239 1242 22)
4(18 1238 1239 19)
4(930 1432 1238 18)
4(929 1431 1432 930)
4(929 924 1426 1431)
4(923 1425 1426 924)
4(922 1424 1425 923)
4(211 1287 1424 922)
4(211 209 1285 1287)
4(208 1284 1285 209)
4(205 1281 1284 208)
4(205 125 1253 1281)
4(124 1252 1253 125)
4(101 1251 1252 124)
4(101 99 1249 1251)
4(98 1248 1249 99)
4(95 1245 1248 98)
4(95 17 1237 1245)
4(16 1236 1237 17)
4(16 15 1235 1236)
4(859 1413 1235 15)
4(858 1412 1413 859)
4(858 567 1356 1412)
4(566 1355 1356 567)
4(566 564 1353 1355)
4(563 1352 1353 564)
4(563 562 1351 1352)
4(504 1342 1351 562)
4(504 502 1340 1342)
4(501 1339 1340 502)
4(501 379 1322 1339)
4(378 1321 1322 379)
4(378 376 1319 1321)
4(375 1318 1319 376)
4(375 374 1317 1318)
4(632 1372 1317 374)
4(632 630 1370 1372)
4(285 284 1294 1295)
4(629 1369 1370 630)
4(629 285 1295 1369)
4(281 1291 1294 284)
4(281 279 1289 1291)
4(278 1288 1289 279)
4(768 769 771 770)
4(34 35 769 768)
4(29 34 768 761)
4(761 768 770 765)
4(760 761 765 764)
4(28 29 761 760)
4(952 28 760 753)
4(753 760 764 757)
4(752 753 757 756)
4(692 752 756 693)
4(951 952 753 752)
4(689 692 693 691)
4(938 951 752 692)
4(936 938 692 689)
4(688 689 691 690)
4(1004 688 690 1008)
4(325 935 688 1004)
4(935 936 689 688)
4(323 325 1004 1002)
4(1002 1004 1008 1006)
4(1001 1002 1006 1005)
4(322 323 1002 1001)
4(315 322 1001 994)
4(994 1001 1005 998)
4(871 994 998 873)
4(158 315 994 871)
4(870 871 873 872)
4(819 870 872 823)
4(123 157 870 819)
4(157 158 871 870)
4(121 123 819 817)
4(817 819 823 821)
4(816 817 821 820)
4(120 121 817 816)
4(113 120 816 809)
4(809 816 820 813)
4(804 809 813 807)
4(107 113 809 804)
4(803 804 807 806)
4(802 803 806 805)
4(106 107 804 803)
4(105 106 803 802)
4(903 105 802 665)
4(665 802 805 669)
4(664 665 669 668)
4(254 664 668 255)
4(902 903 665 664)
4(249 254 255 253)
4(579 902 664 254)
4(577 579 254 249)
4(575 577 249 247)
4(247 249 253 251)
4(246 247 251 250)
4(244 246 250 245)
4(574 575 247 246)
4(223 244 245 227)
4(569 574 246 244)
4(528 569 244 223)
4(526 528 223 221)
4(221 223 227 225)
4(220 221 225 224)
4(126 220 224 127)
4(525 526 221 220)
4(55 126 127 59)
4(391 525 220 126)
4(389 391 126 55)
4(387 389 55 53)
4(53 55 59 57)
4(52 53 57 56)
4(50 52 56 51)
4(386 387 53 52)
4(465 50 51 469)
4(381 386 52 50)
4(721 381 50 465)
4(719 721 465 463)
4(463 465 469 467)
4(46 47 49 48)
4(462 463 467 466)
4(47 462 466 49)
4(718 719 463 462)
4(301 718 462 47)
4(300 301 47 46)
4(295 300 46 39)
4(39 46 48 43)
4(978 39 43 37)
4(289 295 39 978)
4(977 978 37 36)
4(288 289 978 977)
4(947 948 952 951)
4(948 24 28 952)
4(24 25 29 28)
4(32 33 35 34)
4(25 32 34 29)
4(19 22 32 25)
4(22 23 33 32)
4(930 18 24 948)
4(18 19 25 24)
4(937 947 951 938)
4(934 937 938 936)
4(924 929 947 937)
4(923 924 937 934)
4(929 930 948 947)
4(933 934 936 935)
4(321 933 935 325)
4(211 922 933 321)
4(922 923 934 933)
4(209 211 321 319)
4(319 321 325 323)
4(318 319 323 322)
4(208 209 319 318)
4(205 208 318 311)
4(311 318 322 315)
4(156 311 315 158)
4(125 205 311 156)
4(155 156 158 157)
4(119 155 157 123)
4(101 124 155 119)
4(124 125 156 155)
4(99 101 119 117)
4(117 119 123 121)
4(116 117 121 120)
4(98 99 117 116)
4(95 98 116 109)
4(109 116 120 113)
4(104 109 113 107)
4(17 95 109 104)
4(103 104 107 106)
4(102 103 106 105)
4(16 17 104 103)
4(15 16 103 102)
4(859 15 102 899)
4(899 102 105 903)
4(858 859 899 898)
4(567 858 898 578)
4(898 899 903 902)
4(578 898 902 579)
4(573 578 579 577)
4(566 567 578 573)
4(571 573 577 575)
4(570 571 575 574)
4(564 566 573 571)
4(568 570 574 569)
4(524 568 569 528)
4(562 563 570 568)
4(504 562 568 524)
4(563 564 571 570)
4(502 504 524 522)
4(522 524 528 526)
4(521 522 526 525)
4(390 521 525 391)
4(501 502 522 521)
4(385 390 391 389)
4(379 501 521 390)
4(378 379 390 385)
4(376 378 385 383)
4(383 385 389 387)
4(382 383 387 386)
4(380 382 386 381)
4(375 376 383 382)
4(717 380 381 721)
4(374 375 382 380)
4(632 374 380 717)
4(630 632 717 715)
4(715 717 721 719)
4(298 299 301 300)
4(714 715 719 718)
4(299 714 718 301)
4(629 630 715 714)
4(285 629 714 299)
4(284 285 299 298)
4(281 284 298 291)
4(291 298 300 295)
4(287 291 295 289)
4(279 281 291 287)
4(286 287 289 288)
4(278 279 287 286)
4(138 85 1050 1060)
4(139 138 1060 1061)
4(143 139 1061 1063)
4(84 1049 1050 85)
4(84 83 1048 1049)
4(83 79 1047 1048)
4(79 78 1046 1047)
4(495 488 1112 1115)
4(496 495 1115 1116)
4(66 1040 1046 78)
4(66 496 1116 1040)
4(487 1111 1112 488)
4(487 486 1110 1111)
4(486 370 1091 1110)
4(991 984 1209 1212)
4(992 1213 1091 370)
4(992 991 1212 1213)
4(983 1208 1209 984)
4(983 982 1207 1208)
4(747 746 1159 1160)
4(880 1190 1207 982)
4(880 747 1160 1190)
4(744 1157 1159 746)
4(744 739 1156 1157)
4(678 603 1136 1147)
4(679 1148 1156 739)
4(679 678 1147 1148)
4(602 1135 1136 603)
4(602 601 1134 1135)
4(596 1132 1134 601)
4(596 589 1129 1132)
4(588 1128 1129 589)
4(588 587 1127 1128)
4(234 1074 1127 587)
4(583 1126 1074 234)
4(582 1125 1126 583)
4(582 581 1124 1125)
4(553 1122 1124 581)
4(553 546 1119 1122)
4(545 1118 1119 546)
4(545 544 1117 1118)
4(476 1104 1117 544)
4(476 453 1093 1104)
4(452 1092 1093 453)
4(368 1090 1092 452)
4(368 367 1089 1090)
4(365 1087 1089 367)
4(365 360 1086 1087)
4(968 1202 1086 360)
4(967 1201 1202 968)
4(967 966 1200 1201)
4(957 1196 1200 966)
4(423 425 1334 1332)
4(422 423 1332 1331)
4(354 422 1331 1316)
4(354 1316 1315 353)
4(352 353 1315 1314)
4(351 352 1314 1313)
4(350 351 1313 1312)
4(350 1312 1306 344)
4(641 344 1306 1379)
4(640 641 1379 1378)
4(637 640 1378 1375)
4(637 1375 1374 636)
4(635 636 1374 1373)
4(580 635 1373 1357)
4(580 1357 1279 173)
4(172 173 1279 1278)
4(169 172 1278 1275)
4(169 1275 1274 168)
4(167 168 1274 1273)
4(167 1273 1267 161)
4(4 161 1267 1234)
4(3 4 1234 1233)
4(3 1233 1231 1)
4(0 1 1231 1230)
4(0 1230 1419 865)
4(864 865 1419 1418)
4(833 864 1418 1407)
4(833 1407 1406 832)
4(831 832 1406 1405)
4(831 1405 1403 829)
4(826 829 1403 1400)
4(826 1400 1399 825)
4(824 825 1399 1398)
4(824 1398 1345 507)
4(781 507 1345 1397)
4(781 1397 1396 780)
4(779 780 1396 1395)
4(779 1395 1393 777)
4(774 777 1393 1390)
4(774 1390 1389 773)
4(772 773 1389 1388)
4(772 1388 1382 700)
4(610 700 1382 1364)
4(610 1364 1363 609)
4(609 1363 1362 608)
4(607 608 1362 1361)
4(607 1361 1359 605)
4(604 605 1359 1358)
4(604 1358 1260 150)
4(150 1260 1259 149)
4(148 149 1259 1258)
4(148 1258 1254 144)
4(135 139 143 141)
4(445 135 141 449)
4(134 138 139 135)
4(82 85 138 134)
4(413 82 134 444)
4(444 134 135 445)
4(412 81 82 413)
4(81 84 85 82)
4(80 83 84 81)
4(411 80 81 412)
4(407 77 80 411)
4(77 79 83 80)
4(76 78 79 77)
4(62 66 78 76)
4(406 76 77 407)
4(492 496 66 62)
4(394 62 76 406)
4(655 492 62 394)
4(491 495 496 492)
4(373 488 495 491)
4(647 373 491 654)
4(654 491 492 655)
4(646 372 373 647)
4(372 487 488 373)
4(371 486 487 372)
4(645 371 372 646)
4(634 369 371 645)
4(369 370 486 371)
4(988 992 370 369)
4(203 988 369 634)
4(987 991 992 988)
4(981 984 991 987)
4(195 981 987 202)
4(202 987 988 203)
4(194 980 981 195)
4(980 983 984 981)
4(979 982 983 980)
4(876 880 982 979)
4(193 979 980 194)
4(743 747 880 876)
4(180 876 979 193)
4(14 743 876 180)
4(742 746 747 743)
4(740 744 746 742)
4(13 742 743 14)
4(11 740 742 13)
4(6 738 740 11)
4(738 739 744 740)
4(675 679 739 738)
4(913 675 738 6)
4(674 678 679 675)
4(600 603 678 674)
4(853 600 674 912)
4(912 674 675 913)
4(852 599 600 853)
4(599 602 603 600)
4(598 601 602 599)
4(592 596 601 598)
4(851 598 599 852)
4(586 589 596 592)
4(846 592 598 851)
4(839 586 592 846)
4(838 585 586 839)
4(585 588 589 586)
4(584 587 588 585)
4(230 234 587 584)
4(837 584 585 838)
4(557 583 234 230)
4(535 230 584 837)
4(801 557 230 535)
4(800 556 557 801)
4(556 582 583 557)
4(555 581 582 556)
4(549 553 581 555)
4(799 555 556 800)
4(543 546 553 549)
4(794 549 555 799)
4(787 543 549 794)
4(786 542 543 787)
4(542 545 546 543)
4(541 544 545 542)
4(472 476 544 541)
4(785 541 542 786)
4(451 453 476 472)
4(728 472 541 785)
4(624 451 472 728)
4(623 450 451 624)
4(450 452 453 451)
4(364 368 452 450)
4(620 364 450 623)
4(363 367 368 364)
4(361 365 367 363)
4(619 363 364 620)
4(617 361 363 619)
4(612 359 361 617)
4(359 360 365 361)
4(965 968 360 359)
4(269 965 359 612)
4(268 964 965 269)
4(964 967 968 965)
4(963 966 967 964)
4(955 957 966 963)
4(267 963 964 268)
4(258 955 963 267)
4(441 445 449 447)
4(423 441 447 425)
4(440 444 445 441)
4(410 413 444 440)
4(354 410 440 422)
4(422 440 441 423)
4(353 409 410 354)
4(409 412 413 410)
4(408 411 412 409)
4(352 408 409 353)
4(351 405 408 352)
4(405 407 411 408)
4(404 406 407 405)
4(357 394 406 404)
4(350 404 405 351)
4(651 655 394 357)
4(344 357 404 350)
4(641 651 357 344)
4(650 654 655 651)
4(644 647 654 650)
4(637 644 650 640)
4(640 650 651 641)
4(636 643 644 637)
4(643 646 647 644)
4(642 645 646 643)
4(635 642 643 636)
4(580 633 642 635)
4(633 634 645 642)
4(199 203 634 633)
4(173 199 633 580)
4(198 202 203 199)
4(192 195 202 198)
4(169 192 198 172)
4(172 198 199 173)
4(168 191 192 169)
4(191 194 195 192)
4(190 193 194 191)
4(176 180 193 190)
4(167 190 191 168)
4(10 14 180 176)
4(161 176 190 167)
4(4 10 176 161)
4(9 13 14 10)
4(7 11 13 9)
4(3 9 10 4)
4(1 7 9 3)
4(0 5 7 1)
4(5 6 11 7)
4(909 913 6 5)
4(865 909 5 0)
4(908 912 913 909)
4(850 853 912 908)
4(833 850 908 864)
4(864 908 909 865)
4(832 849 850 833)
4(849 852 853 850)
4(848 851 852 849)
4(842 846 851 848)
4(831 848 849 832)
4(836 839 846 842)
4(829 842 848 831)
4(826 836 842 829)
4(825 835 836 826)
4(835 838 839 836)
4(824 834 835 825)
4(507 531 834 824)
4(834 837 838 835)
4(531 535 837 834)
4(798 801 535 531)
4(781 798 531 507)
4(797 800 801 798)
4(796 799 800 797)
4(780 797 798 781)
4(790 794 799 796)
4(784 787 794 790)
4(777 790 796 779)
4(774 784 790 777)
4(779 796 797 780)
4(773 783 784 774)
4(783 786 787 784)
4(782 785 786 783)
4(724 728 785 782)
4(772 782 783 773)
4(622 624 728 724)
4(700 724 782 772)
4(610 622 724 700)
4(609 621 622 610)
4(621 623 624 622)
4(616 620 623 621)
4(608 616 621 609)
4(615 619 620 616)
4(613 617 619 615)
4(607 615 616 608)
4(605 613 615 607)
4(604 611 613 605)
4(611 612 617 613)
4(266 269 612 611)
4(150 266 611 604)
4(149 265 266 150)
4(265 268 269 266)
4(264 267 268 265)
4(256 258 267 264)
4(148 264 265 149)
4(144 256 264 148)
4(142 143 1063 1062)
4(131 142 1062 1057)
4(130 131 1057 1056)
4(771 130 1056 1174)
4(418 23 1243 1327)
4(419 418 1327 1328)
4(424 419 1328 1333)
4(425 424 1333 1334)
4(769 128 130 771)
4(128 129 131 130)
4(129 140 142 131)
4(140 141 143 142)
4(448 449 141 140)
4(437 448 140 129)
4(436 437 129 128)
4(35 436 128 769)
4(23 418 434 33)
4(33 434 436 35)
4(434 435 437 436)
4(435 446 448 437)
4(446 447 449 448)
4(424 425 447 446)
4(419 424 446 435)
4(418 419 435 434)
4(958 1197 1196 957)
4(961 1198 1197 958)
4(962 1199 1198 961)
4(36 1025 1199 962)
4(147 1257 1288 278)
4(146 1256 1257 147)
4(145 1255 1256 146)
4(144 1254 1255 145)
4(960 977 36 962)
4(263 288 977 960)
4(959 960 962 961)
4(956 959 961 958)
4(259 262 959 956)
4(262 263 960 959)
4(955 956 958 957)
4(258 259 956 955)
4(261 286 288 263)
4(147 278 286 261)
4(260 261 263 262)
4(257 260 262 259)
4(145 146 260 257)
4(146 147 261 260)
4(256 257 259 258)
4(144 145 257 256)
)


// ************************************************************************* //
