/*--------------------------------*- C++ -*----------------------------------*\
| =========                 |                                                 |
| \\      /  F ield         | OpenFOAM: The Open Source CFD Toolbox           |
|  \\    /   O peration     | Version:  2412                                  |
|   \\  /    A nd           | Website:  www.openfoam.com                      |
|    \\/     M anipulation  |                                                 |
\*---------------------------------------------------------------------------*/
FoamFile
{
    version     2.0;
    format      ascii;
    arch        "LSB;label=32;scalar=64";
    note        "nPoints:1435  nCells:912  nFaces:3200  nInternalFaces:2272";
    class       labelList;
    location    "constant/claddingZone/polyMesh";
    object      neighbour;
}
// * * * * * * * * * * * * * * * * * * * * * * * * * * * * * * * * * * * * * //


2272
(
1
8
305
2
7
318
6
321
4
14
356
5
13
338
6
12
337
7
11
322
8
10
317
9
306
10
28
309
11
27
316
12
26
327
13
25
336
14
24
343
15
23
355
16
22
360
17
21
374
20
377
19
39
395
20
38
394
21
37
378
22
36
373
23
35
361
24
34
354
25
33
344
26
32
335
27
31
328
28
30
315
29
310
30
313
31
314
32
333
33
334
34
51
349
35
50
353
36
49
366
37
48
372
38
47
383
39
46
393
40
45
400
41
44
414
43
417
43
58
434
44
57
418
45
56
413
46
55
401
47
54
392
48
53
384
49
52
371
50
367
51
352
350
53
370
54
389
55
68
391
56
67
406
57
66
412
58
65
423
59
64
433
60
63
438
62
454
62
74
456
63
73
453
64
72
439
65
71
432
66
70
424
67
69
411
68
407
390
70
410
71
429
72
83
431
73
82
444
74
81
452
75
80
461
76
79
474
78
477
78
89
497
79
88
478
80
87
473
81
86
462
82
85
451
83
84
445
430
85
449
86
450
87
96
467
88
95
472
89
94
483
90
93
496
92
501
92
101
521
93
100
502
94
99
495
95
98
484
96
97
471
468
98
470
99
108
489
100
107
494
101
106
507
102
105
520
104
525
104
113
545
105
112
526
106
111
519
107
110
508
108
109
493
490
110
492
111
120
513
112
119
518
113
118
531
114
117
544
116
549
116
125
572
117
124
550
118
123
543
119
122
532
120
121
517
514
122
516
123
131
537
124
130
542
125
129
555
126
128
571
127
576
128
135
577
129
134
570
130
133
556
131
132
541
538
133
540
134
141
561
135
140
569
136
139
582
138
595
138
146
597
139
145
594
140
144
583
141
143
568
142
562
143
565
144
151
567
145
150
588
146
149
593
148
602
148
606
149
603
150
592
151
589
566
153
161
608
154
160
611
155
159
612
156
158
615
157
662
158
166
664
159
165
616
160
164
627
161
163
626
162
621
163
622
164
170
625
165
169
628
166
168
631
167
663
168
174
668
169
173
632
170
172
639
171
638
172
180
637
173
179
640
174
178
643
175
177
667
176
666
177
184
672
178
183
673
179
182
644
180
181
649
648
182
189
650
183
188
653
184
187
654
186
671
186
194
691
187
193
690
188
192
685
189
191
684
190
679
191
680
192
199
683
193
198
686
194
197
689
196
692
196
204
713
197
203
708
198
202
707
199
201
702
200
701
201
700
202
209
703
203
208
706
204
207
709
206
712
206
214
731
207
213
730
208
212
725
209
211
724
210
719
211
720
212
219
723
213
218
726
214
217
729
216
732
216
223
751
217
222
746
218
221
745
219
220
740
739
221
229
741
222
228
744
223
227
747
224
226
750
225
752
226
233
769
227
232
768
228
231
763
229
230
762
759
231
761
232
239
764
233
238
767
234
237
770
236
773
236
244
811
237
243
774
238
242
785
239
241
784
240
779
241
780
242
251
783
243
250
786
244
249
789
245
248
810
247
809
247
256
819
248
255
818
249
254
817
250
253
790
251
252
795
794
253
796
254
263
799
255
262
816
256
261
815
257
260
820
259
823
259
268
839
260
267
838
261
266
833
262
265
832
263
264
831
800
265
830
266
275
829
267
274
834
268
273
837
269
272
840
271
843
271
280
863
272
279
862
273
278
857
274
277
856
275
276
851
850
277
852
278
289
855
279
288
858
280
287
861
281
286
864
282
285
867
284
868
284
295
895
285
294
890
286
293
889
287
292
884
288
291
883
289
290
878
877
291
879
292
882
293
299
885
294
298
888
295
297
891
296
894
297
302
909
298
301
904
299
300
903
900
301
902
302
905
303
908
911
305
307
319
609
306
318
307
309
317
308
324
610
309
311
325
613
310
316
311
313
315
312
330
614
313
331
661
314
315
331
333
316
328
330
317
325
327
318
322
324
319
321
320
324
620
321
323
623
322
323
327
337
324
326
340
624
325
619
326
330
618
327
329
341
629
328
336
329
333
335
330
332
346
630
331
617
332
660
333
347
659
334
335
347
349
336
344
346
337
341
343
338
340
339
343
356
340
342
357
636
341
635
342
346
634
343
345
358
641
344
355
345
349
354
346
348
363
642
347
633
348
658
349
351
364
657
350
353
351
352
369
665
353
367
369
354
364
366
355
361
363
356
358
360
357
358
647
359
363
646
360
362
375
651
361
374
362
366
373
363
365
380
652
364
645
365
369
656
366
368
381
655
367
372
368
371
369
386
670
669
371
387
389
372
384
386
373
381
383
374
378
380
375
377
376
380
678
377
379
681
378
379
383
394
380
382
397
682
381
677
382
386
676
383
385
398
687
384
393
385
389
392
386
388
403
688
387
675
388
674
389
404
693
391
391
407
409
392
404
406
393
401
403
394
398
400
395
397
396
400
397
399
699
398
698
399
403
697
400
402
415
704
401
414
402
406
413
403
405
420
705
404
696
405
409
695
406
408
421
710
407
412
408
411
409
426
711
694
411
427
429
412
424
426
413
421
423
414
418
420
415
417
416
420
718
417
419
721
418
419
423
434
420
422
435
722
421
717
422
426
716
423
425
436
727
424
433
425
429
432
426
428
441
728
427
715
428
714
429
442
733
431
431
445
447
432
442
444
433
439
441
434
436
438
435
436
738
437
441
737
438
440
455
742
439
454
440
444
453
441
443
458
743
442
736
443
447
735
444
446
459
748
445
452
446
449
451
447
448
464
749
734
449
465
753
450
451
465
467
452
462
464
453
459
461
454
456
458
455
458
758
457
461
458
460
760
459
757
460
464
756
461
463
475
765
462
474
463
467
473
464
466
480
766
465
755
466
754
467
469
481
771
468
472
469
471
486
772
471
487
489
472
484
486
473
481
483
474
478
480
475
477
476
480
778
477
479
781
478
479
483
497
480
482
498
782
481
777
482
486
776
483
485
499
787
484
496
485
489
495
486
488
504
788
487
775
488
807
489
491
505
806
490
494
491
493
510
808
493
511
513
494
508
510
495
505
507
496
502
504
497
499
501
498
499
793
500
504
792
501
503
797
502
503
507
521
504
506
522
798
505
791
506
510
805
507
509
523
804
508
520
509
513
519
510
512
528
814
511
813
512
812
513
515
529
821
514
518
515
517
534
822
517
535
537
518
532
534
519
529
531
520
526
528
521
523
525
522
523
801
524
528
803
525
527
802
526
527
531
545
528
530
546
828
529
827
530
534
826
531
533
547
835
532
544
533
537
543
534
536
552
836
535
825
536
824
537
539
553
841
538
542
539
541
558
842
541
559
561
542
556
558
543
553
555
544
550
552
545
547
549
546
547
849
548
552
848
549
551
853
550
551
555
572
552
554
573
854
553
847
554
558
846
555
557
574
859
556
571
557
561
570
558
560
579
860
559
845
560
844
561
563
580
865
562
569
563
565
568
564
585
866
565
586
869
567
567
589
591
568
586
588
569
583
585
570
580
582
571
577
579
572
574
576
573
574
876
575
579
875
576
578
880
577
578
582
579
581
881
580
874
581
585
873
582
584
596
886
583
595
584
588
594
585
587
599
887
586
872
587
591
871
588
590
600
892
589
593
590
592
591
605
893
870
593
603
605
594
600
602
595
597
599
596
599
899
598
602
599
601
901
600
898
601
605
897
602
604
906
603
604
606
605
607
907
896
607
910
609
611
621
610
620
611
613
619
612
626
613
615
627
614
618
615
617
661
616
662
617
627
631
664
618
630
660
619
627
629
620
624
626
621
623
622
626
623
625
624
625
629
635
626
628
638
627
628
629
631
639
630
634
631
633
659
632
663
633
639
643
668
634
642
658
635
639
641
636
638
637
641
647
638
640
648
639
640
641
643
649
642
646
643
645
657
644
667
645
649
653
673
646
652
656
647
649
651
648
649
650
651
653
679
652
678
653
655
677
654
684
655
671
673
685
656
670
676
657
669
673
658
665
667
659
668
660
663
661
664
662
664
664
668
666
669
667
672
668
673
670
672
671
675
672
690
673
675
691
693
676
688
690
677
685
687
678
682
684
679
681
680
684
681
683
682
683
687
698
684
686
701
685
686
690
687
689
702
688
697
689
693
696
690
692
707
691
692
693
708
695
695
711
713
696
708
710
697
705
707
698
702
704
699
701
700
704
701
703
702
703
707
704
706
719
705
718
706
710
717
707
709
724
708
709
713
710
712
725
711
716
712
715
713
730
715
731
733
716
728
730
717
725
727
718
722
724
719
721
720
724
721
723
722
723
727
738
724
726
739
725
726
730
727
729
740
728
737
729
733
736
730
732
745
731
732
733
746
735
735
749
751
736
746
748
737
743
745
738
740
742
739
740
741
745
742
744
759
743
758
744
748
757
745
747
762
746
747
751
748
750
763
749
756
750
753
755
751
752
768
753
769
754
755
769
771
756
766
768
757
763
765
758
760
762
759
762
761
765
762
764
763
764
768
765
767
779
766
778
767
771
777
768
770
784
769
770
771
773
785
772
776
773
775
774
775
785
789
811
776
788
807
777
785
787
778
782
784
779
781
780
784
781
783
782
783
787
793
784
786
794
785
786
787
789
795
788
792
789
791
806
790
810
791
795
799
817
792
798
805
793
795
797
794
795
796
797
799
798
799
801
804
800
816
801
831
803
803
828
830
804
827
831
805
814
816
806
813
817
807
808
810
811
809
813
810
818
811
817
813
819
821
814
818
815
821
827
816
818
820
832
817
831
818
819
820
821
823
833
822
826
823
825
838
825
839
841
826
836
838
827
833
835
828
832
829
835
849
830
832
834
850
831
832
833
834
838
835
837
851
836
848
837
841
847
838
840
856
839
840
841
843
857
842
846
843
845
862
845
863
865
846
860
862
847
857
859
848
854
856
849
851
853
850
851
852
856
853
855
854
855
859
876
856
858
877
857
858
862
859
861
878
860
875
861
865
874
862
864
883
863
864
865
867
884
866
873
867
869
872
868
889
869
890
871
871
893
895
872
890
892
873
887
889
874
884
886
875
881
883
876
878
880
877
878
879
883
880
882
881
882
886
883
885
884
885
889
886
888
900
887
899
888
892
898
889
891
903
890
891
895
892
894
904
893
897
894
896
895
909
897
907
909
898
904
906
899
901
903
900
903
902
906
903
905
904
905
909
906
908
907
908
910
909
911
911
)


// ************************************************************************* //
