/*--------------------------------*- C++ -*----------------------------------*\
| =========                 |                                                 |
| \\      /  F ield         | OpenFOAM: The Open Source CFD Toolbox           |
|  \\    /   O peration     | Version:  2412                                  |
|   \\  /    A nd           | Website:  www.openfoam.com                      |
|    \\/     M anipulation  |                                                 |
\*---------------------------------------------------------------------------*/
FoamFile
{
    version     2.0;
    format      ascii;
    arch        "LSB;label=32;scalar=64";
    class       faceList;
    location    "constant/claddingZone/polyMesh";
    object      faces;
}
// * * * * * * * * * * * * * * * * * * * * * * * * * * * * * * * * * * * * * //


3200
(
4(535 1159 1161 537)
4(535 537 541 540)
4(534 1158 1160 536)
4(535 1159 1158 534)
4(534 536 537 535)
4(433 1125 1127 435)
4(534 1158 1125 433)
4(433 435 536 534)
4(432 1124 1126 434)
4(433 1125 1124 432)
4(432 434 435 433)
4(432 1124 1122 426)
4(426 427 434 432)
4(102 426 1122 1046)
4(102 1046 1045 101)
4(101 425 426 102)
4(109 432 1124 1049)
4(109 1049 1046 102)
4(102 426 432 109)
4(110 433 1125 1050)
4(110 1050 1049 109)
4(109 432 433 110)
4(119 534 1158 1054)
4(119 1054 1050 110)
4(110 433 534 119)
4(120 1055 1054 119)
4(119 534 535 120)
4(117 1052 1054 119)
4(117 119 120 118)
4(108 1048 1050 110)
4(117 1052 1048 108)
4(108 110 119 117)
4(107 1047 1049 109)
4(108 1048 1047 107)
4(107 109 110 108)
4(100 1044 1046 102)
4(107 1047 1044 100)
4(100 102 109 107)
4(100 1044 1043 99)
4(99 101 102 100)
4(85 99 1043 1037)
4(85 1037 1104 340)
4(340 421 99 85)
4(86 100 1044 1038)
4(86 1038 1037 85)
4(85 99 100 86)
4(93 107 1047 1041)
4(93 1041 1038 86)
4(86 100 107 93)
4(94 108 1048 1042)
4(94 1042 1041 93)
4(93 107 108 94)
4(94 108 117 112)
4(91 1039 1041 93)
4(92 1040 1039 91)
4(91 93 94 92)
4(84 1036 1038 86)
4(91 1039 1036 84)
4(84 86 93 91)
4(83 1035 1037 85)
4(84 1036 1035 83)
4(83 85 86 84)
4(338 1102 1104 340)
4(83 1035 1102 338)
4(338 340 85 83)
4(338 1102 1101 337)
4(337 339 340 338)
4(251 337 1101 1082)
4(251 1082 1079 244)
4(244 332 337 251)
4(252 338 1102 1083)
4(252 1083 1082 251)
4(251 337 338 252)
4(984 83 1035 1225)
4(984 1225 1083 252)
4(252 338 83 984)
4(985 84 1036 1226)
4(985 1226 1225 984)
4(984 83 84 985)
4(1023 91 1039 1228)
4(1023 1228 1226 985)
4(985 84 91 1023)
4(1023 91 92 1024)
4(983 1224 1226 985)
4(983 985 1023 1022)
4(982 1223 1225 984)
4(983 1224 1223 982)
4(982 984 985 983)
4(250 1081 1083 252)
4(982 1223 1081 250)
4(250 252 984 982)
4(249 1080 1082 251)
4(250 1081 1080 249)
4(249 251 252 250)
4(242 1077 1079 244)
4(249 1080 1077 242)
4(242 244 251 249)
4(242 1077 1076 241)
4(241 243 244 242)
4(227 241 1076 1070)
4(227 1070 1062 180)
4(180 220 241 227)
4(228 242 1077 1071)
4(228 1071 1070 227)
4(227 241 242 228)
4(235 249 1080 1074)
4(235 1074 1071 228)
4(228 242 249 235)
4(236 250 1081 1075)
4(236 1075 1074 235)
4(235 249 250 236)
4(976 982 1223 1221)
4(976 1221 1075 236)
4(236 250 982 976)
4(976 982 983 977)
4(234 1073 1075 236)
4(234 236 976 975)
4(233 1072 1074 235)
4(234 1073 1072 233)
4(233 235 236 234)
4(226 1069 1071 228)
4(233 1072 1069 226)
4(226 228 235 233)
4(225 1068 1070 227)
4(226 1069 1068 225)
4(225 227 228 226)
4(178 1060 1062 180)
4(225 1068 1060 178)
4(178 180 227 225)
4(178 1060 1059 177)
4(177 179 180 178)
4(921 177 1059 1208)
4(921 1208 1205 914)
4(914 172 177 921)
4(922 178 1060 1209)
4(922 1209 1208 921)
4(921 177 178 922)
4(964 225 1068 1215)
4(964 1215 1209 922)
4(922 178 225 964)
4(965 226 1069 1216)
4(965 1216 1215 964)
4(964 225 226 965)
4(970 233 1072 1218)
4(970 1218 1216 965)
4(965 226 233 970)
4(970 233 234 971)
4(963 1214 1216 965)
4(963 965 970 969)
4(962 1213 1215 964)
4(963 1214 1213 962)
4(962 964 965 963)
4(920 1207 1209 922)
4(962 1213 1207 920)
4(920 922 964 962)
4(919 1206 1208 921)
4(920 1207 1206 919)
4(919 921 922 920)
4(912 1203 1205 914)
4(919 1206 1203 912)
4(912 914 921 919)
4(912 1203 1202 911)
4(911 913 914 912)
4(700 704 1173 1171)
4(700 1171 1170 699)
4(699 703 704 700)
4(897 911 1202 1196)
4(897 1196 1171 700)
4(700 704 911 897)
4(898 912 1203 1197)
4(898 1197 1196 897)
4(897 911 912 898)
4(905 919 1206 1200)
4(905 1200 1197 898)
4(898 912 919 905)
4(906 920 1207 1201)
4(906 1201 1200 905)
4(905 919 920 906)
4(927 962 1213 1211)
4(927 1211 1201 906)
4(906 920 962 927)
4(927 962 963 928)
4(904 1199 1201 906)
4(904 906 927 926)
4(903 1198 1200 905)
4(904 1199 1198 903)
4(903 905 906 904)
4(896 1195 1197 898)
4(903 1198 1195 896)
4(896 898 905 903)
4(895 1194 1196 897)
4(896 1195 1194 895)
4(895 897 898 896)
4(698 1169 1171 700)
4(895 1194 1169 698)
4(698 700 897 895)
4(697 1168 1170 699)
4(698 1169 1168 697)
4(697 699 700 698)
4(697 1168 1166 600)
4(600 601 699 697)
4(520 599 1165 1152)
4(520 1152 1142 499)
4(499 595 599 520)
4(521 600 1166 1153)
4(521 1153 1152 520)
4(520 599 600 521)
4(528 697 1168 1156)
4(528 1156 1153 521)
4(521 600 697 528)
4(529 698 1169 1157)
4(529 1157 1156 528)
4(528 697 698 529)
4(839 895 1194 1190)
4(839 1190 1157 529)
4(529 698 895 839)
4(840 896 1195 1191)
4(840 1191 1190 839)
4(839 895 896 840)
4(843 903 1198 1192)
4(840 896 903 843)
4(843 903 904 844)
4(837 1188 1190 839)
4(837 839 840 838)
4(527 1155 1157 529)
4(837 1188 1155 527)
4(527 529 839 837)
4(526 1154 1156 528)
4(527 1155 1154 526)
4(526 528 529 527)
4(519 1151 1153 521)
4(526 1154 1151 519)
4(519 521 528 526)
4(518 1150 1152 520)
4(519 1151 1150 518)
4(518 520 521 519)
4(497 1140 1142 499)
4(518 1150 1140 497)
4(497 499 520 518)
4(496 1139 1141 498)
4(497 1140 1139 496)
4(496 498 499 497)
4(496 1139 1137 490)
4(490 491 498 496)
4(476 489 1136 1130)
4(476 1130 1186 830)
4(830 832 489 476)
4(477 490 1137 1131)
4(477 1131 1130 476)
4(476 489 490 477)
4(484 496 1139 1134)
4(484 1134 1131 477)
4(477 490 496 484)
4(485 497 1140 1135)
4(485 1135 1134 484)
4(484 496 497 485)
4(506 518 1150 1145)
4(506 1145 1135 485)
4(485 497 518 506)
4(507 519 1151 1146)
4(507 1146 1145 506)
4(506 518 519 507)
4(512 526 1154 1148)
4(512 1148 1146 507)
4(507 519 526 512)
4(513 527 1155 1149)
4(512 526 527 513)
4(513 527 837 706)
4(505 1144 1146 507)
4(505 507 512 511)
4(504 1143 1145 506)
4(505 1144 1143 504)
4(504 506 507 505)
4(483 1133 1135 485)
4(504 1143 1133 483)
4(483 485 506 504)
4(482 1132 1134 484)
4(483 1133 1132 482)
4(482 484 485 483)
4(475 1129 1131 477)
4(482 1132 1129 475)
4(475 477 484 482)
4(474 1128 1130 476)
4(475 1129 1128 474)
4(474 476 477 475)
4(828 1184 1186 830)
4(474 1128 1184 828)
4(828 830 476 474)
4(827 1183 1185 829)
4(828 1184 1183 827)
4(827 829 830 828)
4(820 1180 1182 822)
4(827 1183 1180 820)
4(820 822 829 827)
4(820 1180 1179 819)
4(819 821 822 820)
4(322 810 1176 1095)
4(322 1095 1094 321)
4(321 809 810 322)
4(329 813 1177 1098)
4(329 1098 1095 322)
4(322 810 813 329)
4(330 814 1178 1099)
4(330 1099 1098 329)
4(329 813 814 330)
4(411 819 1179 1114)
4(411 1114 1099 330)
4(330 814 819 411)
4(412 820 1180 1115)
4(412 1115 1114 411)
4(411 819 820 412)
4(419 827 1183 1118)
4(419 1118 1115 412)
4(412 820 827 419)
4(420 828 1184 1119)
4(420 1119 1118 419)
4(419 827 828 420)
4(69 474 1128 1029)
4(69 1029 1119 420)
4(420 828 474 69)
4(70 475 1129 1030)
4(70 1030 1029 69)
4(69 474 475 70)
4(77 482 1132 1033)
4(77 1033 1030 70)
4(70 475 482 77)
4(78 483 1133 1034)
4(78 1034 1033 77)
4(77 482 483 78)
4(169 504 1143 1056)
4(78 483 504 169)
4(169 504 505 170)
4(75 1031 1033 77)
4(75 77 78 76)
4(68 1028 1030 70)
4(68 70 77 75)
4(67 1027 1029 69)
4(68 1028 1027 67)
4(67 69 70 68)
4(418 1117 1119 420)
4(67 1027 1117 418)
4(418 420 69 67)
4(417 1116 1118 419)
4(418 1117 1116 417)
4(417 419 420 418)
4(410 1113 1115 412)
4(417 1116 1113 410)
4(410 412 419 417)
4(409 1112 1114 411)
4(410 1113 1112 409)
4(409 411 412 410)
4(328 1097 1099 330)
4(409 1112 1097 328)
4(328 330 411 409)
4(327 1096 1098 329)
4(328 1097 1096 327)
4(327 329 330 328)
4(320 1093 1095 322)
4(327 1096 1093 320)
4(320 322 329 327)
4(320 1093 1092 319)
4(319 321 322 320)
4(306 320 1093 1087)
4(306 1087 1086 305)
4(305 319 320 306)
4(313 327 1096 1090)
4(313 1090 1087 306)
4(306 320 327 313)
4(314 328 1097 1091)
4(314 1091 1090 313)
4(313 327 328 314)
4(397 409 1112 1107)
4(397 1107 1091 314)
4(314 328 409 397)
4(398 410 1113 1108)
4(398 1108 1107 397)
4(397 409 410 398)
4(403 417 1116 1110)
4(403 1110 1108 398)
4(398 410 417 403)
4(404 418 1117 1111)
4(403 417 418 404)
4(61 67 1027 1025)
4(404 418 67 61)
4(61 67 68 62)
4(396 1106 1108 398)
4(396 398 403 402)
4(395 1105 1107 397)
4(395 397 398 396)
4(312 1089 1091 314)
4(312 314 397 395)
4(311 1088 1090 313)
4(312 1089 1088 311)
4(311 313 314 312)
4(304 1085 1087 306)
4(311 1088 1085 304)
4(304 306 313 311)
4(304 1085 1084 303)
4(303 305 306 304)
4(214 304 1085 1064)
4(213 303 304 214)
4(217 311 1088 1065)
4(214 304 311 217)
4(217 311 312 218)
4(792 1396 1394 790)
4(790 793 794 792)
4(379 380 1307 1306)
4(379 1306 1304 377)
4(377 378 380 379)
4(789 790 1394 1393)
4(789 1393 1306 379)
4(379 380 790 789)
4(791 1395 1393 789)
4(789 790 792 791)
4(772 1390 1393 789)
4(774 1392 1390 772)
4(772 789 791 774)
4(270 1292 1306 379)
4(772 1390 1292 270)
4(270 379 789 772)
4(268 1290 1304 377)
4(270 1292 1290 268)
4(268 377 379 270)
4(268 1290 1284 262)
4(262 376 377 268)
4(259 260 1282 1281)
4(259 1281 1273 189)
4(189 190 260 259)
4(261 262 1284 1283)
4(261 1283 1281 259)
4(259 260 262 261)
4(267 268 1290 1289)
4(267 1289 1283 261)
4(261 262 268 267)
4(269 270 1292 1291)
4(269 1291 1289 267)
4(267 268 270 269)
4(771 772 1390 1389)
4(771 1389 1291 269)
4(269 270 772 771)
4(773 1391 1389 771)
4(771 772 774 773)
4(691 1372 1389 771)
4(691 771 773 692)
4(266 1288 1291 269)
4(691 1372 1288 266)
4(266 269 771 691)
4(264 1286 1289 267)
4(266 1288 1286 264)
4(264 267 269 266)
4(258 1280 1283 261)
4(264 1286 1280 258)
4(258 261 267 264)
4(256 1278 1281 259)
4(258 1280 1278 256)
4(256 259 261 258)
4(187 1271 1273 189)
4(256 1278 1271 187)
4(187 189 259 256)
4(187 1271 1269 185)
4(185 188 189 187)
4(184 185 1269 1268)
4(184 1268 1266 182)
4(182 183 185 184)
4(186 187 1271 1270)
4(186 1270 1268 184)
4(184 185 187 186)
4(255 256 1278 1277)
4(255 1277 1270 186)
4(186 187 256 255)
4(257 258 1280 1279)
4(257 1279 1277 255)
4(255 256 258 257)
4(263 264 1286 1285)
4(263 1285 1279 257)
4(257 258 264 263)
4(265 266 1288 1287)
4(263 264 266 265)
4(265 266 691 690)
4(676 1369 1279 257)
4(676 257 263 677)
4(674 1367 1277 255)
4(676 1369 1367 674)
4(674 255 257 676)
4(561 1337 1270 186)
4(674 1367 1337 561)
4(561 186 255 674)
4(559 1335 1268 184)
4(561 1337 1335 559)
4(559 184 186 561)
4(469 1325 1266 182)
4(559 1335 1325 469)
4(469 182 184 559)
4(469 1325 1323 467)
4(467 181 182 469)
4(466 467 1323 1322)
4(466 1322 1263 145)
4(145 146 467 466)
4(468 469 1325 1324)
4(468 1324 1322 466)
4(466 467 469 468)
4(558 559 1335 1334)
4(558 1334 1324 468)
4(468 469 559 558)
4(560 561 1337 1336)
4(560 1336 1334 558)
4(558 559 561 560)
4(673 674 1367 1366)
4(673 1366 1336 560)
4(560 561 674 673)
4(673 674 676 675)
4(557 1333 1336 560)
4(557 560 673 672)
4(555 1331 1334 558)
4(557 1333 1331 555)
4(555 558 560 557)
4(465 1321 1324 468)
4(555 1331 1321 465)
4(465 468 558 555)
4(463 1319 1322 466)
4(465 1321 1319 463)
4(463 466 468 465)
4(143 1261 1263 145)
4(463 1319 1261 143)
4(143 145 466 463)
4(143 1261 1259 141)
4(141 144 145 143)
4(140 141 1259 1258)
4(140 1258 1256 138)
4(138 139 141 140)
4(142 143 1261 1260)
4(142 1260 1258 140)
4(140 141 143 142)
4(462 463 1319 1318)
4(462 1318 1260 142)
4(142 143 463 462)
4(464 465 1321 1320)
4(464 1320 1318 462)
4(462 463 465 464)
4(554 555 1331 1330)
4(554 1330 1320 464)
4(464 465 555 554)
4(554 555 557 556)
4(448 1316 1320 464)
4(448 464 554 449)
4(446 1314 1318 462)
4(448 1316 1314 446)
4(446 462 464 448)
4(42 1254 1260 142)
4(446 1314 1254 42)
4(42 142 462 446)
4(40 1252 1258 140)
4(42 1254 1252 40)
4(40 140 142 42)
4(34 1246 1256 138)
4(40 1252 1246 34)
4(34 138 140 40)
4(34 1246 1244 32)
4(32 137 138 34)
4(31 32 1244 1243)
4(31 1243 1433 1003)
4(1003 1004 32 31)
4(33 34 1246 1245)
4(33 1245 1243 31)
4(31 32 34 33)
4(39 40 1252 1251)
4(39 1251 1245 33)
4(33 34 40 39)
4(41 42 1254 1253)
4(41 1253 1251 39)
4(39 40 42 41)
4(445 446 1314 1313)
4(445 1313 1253 41)
4(41 42 446 445)
4(445 446 448 447)
4(38 1250 1253 41)
4(38 41 445 444)
4(36 1248 1251 39)
4(38 1250 1248 36)
4(36 39 41 38)
4(30 1242 1245 33)
4(36 1248 1242 30)
4(30 33 39 36)
4(28 1240 1243 31)
4(30 1242 1240 28)
4(28 31 33 30)
4(28 1240 1432 1002)
4(1002 1003 31 28)
4(1001 1002 1432 1431)
4(1001 1431 1429 999)
4(999 1000 1002 1001)
4(27 28 1240 1239)
4(27 1239 1431 1001)
4(1001 1002 28 27)
4(29 30 1242 1241)
4(29 1241 1239 27)
4(27 28 30 29)
4(35 36 1248 1247)
4(35 1247 1241 29)
4(29 30 36 35)
4(35 36 38 37)
4(941 1421 1241 29)
4(943 1423 1421 941)
4(941 29 35 943)
4(939 1419 1239 27)
4(941 1421 1419 939)
4(939 27 29 941)
4(859 1413 1431 1001)
4(939 1419 1413 859)
4(859 1001 27 939)
4(857 1411 1429 999)
4(859 1413 1411 857)
4(857 999 1001 859)
4(857 1411 1405 851)
4(851 998 999 857)
4(856 857 1411 1410)
4(856 1410 1404 850)
4(850 851 857 856)
4(858 859 1413 1412)
4(858 1412 1410 856)
4(856 857 859 858)
4(938 939 1419 1418)
4(938 1418 1412 858)
4(858 859 939 938)
4(940 941 1421 1420)
4(940 1420 1418 938)
4(938 939 941 940)
4(940 941 943 942)
4(936 1416 1418 938)
4(936 938 940 937)
4(855 1409 1412 858)
4(936 1416 1409 855)
4(855 858 938 936)
4(853 1407 1410 856)
4(855 1409 1407 853)
4(853 856 858 855)
4(848 1402 1404 850)
4(853 1407 1402 848)
4(848 850 856 853)
4(848 1402 1400 846)
4(846 849 850 848)
4(845 846 1400 1399)
4(845 1399 1301 370)
4(370 371 846 845)
4(847 848 1402 1401)
4(847 1401 1399 845)
4(845 846 848 847)
4(852 853 1407 1406)
4(852 1406 1401 847)
4(847 848 853 852)
4(854 855 1409 1408)
4(854 1408 1406 852)
4(852 853 855 854)
4(935 1415 1408 854)
4(854 855 936 935)
4(740 1388 1408 854)
4(740 854 935 890)
4(738 1386 1406 852)
4(740 1388 1386 738)
4(738 852 854 740)
4(733 1381 1401 847)
4(738 1386 1381 733)
4(733 847 852 738)
4(731 1379 1399 845)
4(733 1381 1379 731)
4(731 845 847 733)
4(731 1379 1300 349)
4(349 370 845 731)
4(348 349 1300 1299)
4(348 1299 1297 346)
4(346 347 349 348)
4(730 731 1379 1378)
4(730 1378 1299 348)
4(348 349 731 730)
4(732 733 1381 1380)
4(732 1380 1378 730)
4(730 731 733 732)
4(737 738 1386 1385)
4(737 1385 1380 732)
4(732 733 738 737)
4(739 1387 1385 737)
4(737 738 740 739)
4(735 1383 1385 737)
4(735 737 739 736)
4(729 1377 1380 732)
4(735 1383 1377 729)
4(729 732 737 735)
4(727 1375 1378 730)
4(729 1377 1375 727)
4(727 730 732 729)
4(345 1296 1299 348)
4(727 1375 1296 345)
4(345 348 730 727)
4(345 1296 1294 343)
4(343 346 348 345)
4(342 343 1294 1293)
4(342 1293 1275 253)
4(253 254 343 342)
4(344 345 1296 1295)
4(344 1295 1293 342)
4(342 343 345 344)
4(726 727 1375 1374)
4(726 1374 1295 344)
4(344 345 727 726)
4(728 729 1377 1376)
4(728 1376 1374 726)
4(726 727 729 728)
4(734 1382 1376 728)
4(728 729 735 734)
4(7 1237 1376 728)
4(7 728 734 8)
4(5 1235 1374 726)
4(7 1237 1235 5)
4(5 726 728 7)
4(660 1364 1295 344)
4(5 1235 1364 660)
4(660 344 726 5)
4(658 1362 1293 342)
4(660 1364 1362 658)
4(658 342 344 660)
4(658 1362 1356 652)
4(652 253 342 658)
4(657 658 1362 1361)
4(657 1361 1355 651)
4(651 652 658 657)
4(659 660 1364 1363)
4(659 1363 1361 657)
4(657 658 660 659)
4(4 5 1235 1234)
4(4 1234 1363 659)
4(659 660 5 4)
4(6 1236 1234 4)
4(4 5 7 6)
4(1 1231 1234 4)
4(3 1233 1231 1)
4(1 4 6 3)
4(656 1360 1363 659)
4(1 1231 1360 656)
4(656 659 4 1)
4(654 1358 1361 657)
4(656 1360 1358 654)
4(654 657 659 656)
4(649 1353 1355 651)
4(654 1358 1353 649)
4(649 651 657 654)
4(649 1353 1351 647)
4(647 650 651 649)
4(648 649 1353 1352)
4(648 1352 1350 646)
4(646 647 649 648)
4(653 654 1358 1357)
4(653 1357 1352 648)
4(648 649 654 653)
4(655 656 1360 1359)
4(655 1359 1357 653)
4(653 654 656 655)
4(0 1 1231 1230)
4(0 1230 1359 655)
4(655 656 1 0)
4(0 1 3 2)
4(613 1349 1359 655)
4(989 1427 1349 613)
4(613 655 0 989)
4(611 1347 1357 653)
4(613 1349 1347 611)
4(611 653 655 613)
4(605 1341 1352 648)
4(611 1347 1341 605)
4(605 648 653 611)
4(605 1341 1339 603)
4(603 646 648 605)
4(602 603 1339 1338)
4(602 1338 1310 438)
4(438 439 603 602)
4(604 605 1341 1340)
4(604 1340 1338 602)
4(602 603 605 604)
4(610 611 1347 1346)
4(610 1346 1340 604)
4(604 605 611 610)
4(612 613 1349 1348)
4(612 1348 1346 610)
4(610 611 613 612)
4(988 1426 1348 612)
4(612 613 989 988)
4(609 1345 1348 612)
4(987 1425 1345 609)
4(609 612 988 987)
4(607 1343 1346 610)
4(609 1345 1343 607)
4(607 610 612 609)
4(553 1329 1340 604)
4(607 1343 1329 553)
4(553 604 610 607)
4(551 1327 1338 602)
4(553 1329 1327 551)
4(551 602 604 553)
4(551 1327 1309 437)
4(437 438 602 551)
4(550 551 1327 1326)
4(436 437 551 550)
4(552 553 1329 1328)
4(550 551 553 552)
4(606 607 1343 1342)
4(552 553 607 606)
4(608 609 1345 1344)
4(606 607 609 608)
4(608 609 987 986)
4(531 538 539 533)
4(800 531 533 802)
4(800 802 806 805)
4(531 535 537 533)
4(115 119 120 116)
4(113 115 116 114)
4(113 117 119 115)
4(530 534 535 531)
4(115 119 534 530)
4(115 530 531 116)
4(530 532 533 531)
4(530 534 536 532)
4(799 530 532 801)
4(799 800 531 530)
4(799 801 802 800)
4(429 530 532 431)
4(786 799 530 429)
4(786 429 431 788)
4(786 788 801 799)
4(429 530 534 433)
4(429 433 435 431)
4(106 429 530 115)
4(106 115 119 110)
4(106 110 433 429)
4(389 799 530 115)
4(375 389 115 106)
4(375 106 429 786)
4(375 786 799 389)
4(389 390 116 115)
4(389 799 800 390)
4(387 113 115 389)
4(387 389 390 388)
4(104 113 115 106)
4(373 387 113 104)
4(373 104 106 375)
4(373 375 389 387)
4(104 113 117 108)
4(104 108 110 106)
4(90 104 113 111)
4(90 94 108 104)
4(286 90 104 373)
4(286 373 387 382)
4(87 91 92 88)
4(1020 1023 91 87)
4(1020 87 88 1021)
4(89 93 94 90)
4(87 89 90 88)
4(87 91 93 89)
4(103 107 108 104)
4(89 93 107 103)
4(89 103 104 90)
4(105 109 110 106)
4(103 105 106 104)
4(103 107 109 105)
4(428 432 433 429)
4(105 109 432 428)
4(105 428 429 106)
4(428 430 431 429)
4(428 432 434 430)
4(785 428 430 787)
4(785 786 429 428)
4(785 787 788 786)
4(423 428 430 424)
4(779 785 428 423)
4(779 780 787 785)
4(423 428 432 426)
4(98 423 428 105)
4(98 105 109 102)
4(98 102 426 423)
4(374 785 428 105)
4(294 374 105 98)
4(294 779 785 374)
4(294 98 423 779)
4(374 375 106 105)
4(374 785 786 375)
4(372 103 105 374)
4(372 373 104 103)
4(372 374 375 373)
4(96 103 105 98)
4(292 372 103 96)
4(292 96 98 294)
4(292 294 374 372)
4(96 103 107 100)
4(96 100 102 98)
4(82 96 103 89)
4(82 89 93 86)
4(82 86 100 96)
4(285 372 103 89)
4(278 285 89 82)
4(278 82 96 292)
4(278 292 372 285)
4(285 286 90 89)
4(285 372 373 286)
4(283 87 89 285)
4(283 284 88 87)
4(283 285 286 284)
4(80 87 89 82)
4(276 283 87 80)
4(276 80 82 278)
4(276 278 285 283)
4(80 87 91 84)
4(80 84 86 82)
4(981 80 87 1020)
4(981 1020 1023 985)
4(981 985 84 80)
4(209 283 87 1020)
4(204 209 1020 981)
4(204 981 80 276)
4(204 276 283 209)
4(209 283 284 210)
4(979 1019 1020 981)
4(202 979 981 204)
4(202 204 209 208)
4(979 983 985 981)
4(978 982 983 979)
4(973 976 982 978)
4(973 978 979 974)
4(980 984 985 981)
4(978 982 984 980)
4(978 980 981 979)
4(79 83 84 80)
4(980 984 83 79)
4(980 79 80 981)
4(81 85 86 82)
4(79 83 85 81)
4(79 81 82 80)
4(95 99 100 96)
4(81 85 99 95)
4(81 95 96 82)
4(97 101 102 98)
4(95 97 98 96)
4(97 422 423 98)
4(796 803 804 798)
4(790 796 798 792)
4(796 800 802 798)
4(385 386 796 795)
4(789 795 796 790)
4(379 385 795 789)
4(379 380 386 385)
4(795 799 800 796)
4(385 389 799 795)
4(385 386 390 389)
4(795 797 798 796)
4(795 799 801 797)
4(789 795 797 791)
4(782 795 797 784)
4(772 789 795 782)
4(772 782 784 774)
4(782 795 799 786)
4(782 786 788 784)
4(298 782 795 385)
4(298 375 786 782)
4(298 385 389 375)
4(270 298 782 772)
4(270 379 385 298)
4(297 298 782 781)
4(771 781 782 772)
4(269 297 781 771)
4(269 270 298 297)
4(781 785 786 782)
4(297 374 785 781)
4(297 298 375 374)
4(781 783 784 782)
4(781 785 787 783)
4(771 781 783 773)
4(776 781 783 777)
4(691 771 781 776)
4(776 781 785 779)
4(290 776 781 297)
4(290 294 779 776)
4(290 297 374 294)
4(266 290 776 691)
4(266 269 297 290)
4(289 290 776 775)
4(265 266 290 289)
4(293 294 779 778)
4(289 290 294 293)
4(293 294 98 97)
4(336 341 95 81)
4(336 81 85 340)
4(277 291 95 81)
4(687 277 81 336)
4(687 689 291 277)
4(291 95 96 292)
4(277 278 82 81)
4(277 291 292 278)
4(291 293 294 292)
4(288 290 294 292)
4(287 288 292 291)
4(287 289 290 288)
4(295 297 374 372)
4(288 295 372 292)
4(288 290 297 295)
4(296 298 375 373)
4(295 296 373 372)
4(295 297 298 296)
4(383 385 389 387)
4(296 383 387 373)
4(296 298 385 383)
4(383 385 386 384)
4(232 236 976 973)
4(230 232 973 972)
4(230 234 236 232)
4(246 250 982 978)
4(232 246 978 973)
4(232 236 250 246)
4(248 252 984 980)
4(246 248 980 978)
4(246 250 252 248)
4(334 338 83 79)
4(248 334 79 980)
4(248 252 338 334)
4(334 336 81 79)
4(334 338 340 336)
4(275 277 81 79)
4(685 275 79 334)
4(685 334 336 687)
4(685 687 277 275)
4(275 276 80 79)
4(275 277 278 276)
4(203 980 79 275)
4(203 204 981 980)
4(203 275 276 204)
4(593 203 980 248)
4(593 248 334 685)
4(593 685 275 203)
4(201 203 980 978)
4(591 201 978 246)
4(591 593 203 201)
4(591 246 248 593)
4(201 202 979 978)
4(201 203 204 202)
4(195 973 978 201)
4(195 201 202 196)
4(577 195 973 232)
4(577 591 201 195)
4(577 232 246 591)
4(575 230 232 577)
4(575 577 195 194)
4(197 201 202 198)
4(192 197 198 193)
4(192 195 201 197)
4(199 203 204 200)
4(197 199 200 198)
4(198 200 204 202)
4(197 201 203 199)
4(271 275 276 272)
4(200 272 276 204)
4(199 203 275 271)
4(199 271 272 200)
4(273 277 278 274)
4(272 274 278 276)
4(271 273 274 272)
4(271 275 277 273)
4(274 288 292 278)
4(273 277 291 287)
4(273 287 288 274)
4(281 295 372 285)
4(274 281 285 278)
4(274 288 295 281)
4(282 296 373 286)
4(281 282 286 285)
4(281 295 296 282)
4(282 296 383 381)
4(377 383 385 379)
4(268 377 383 296)
4(268 296 298 270)
4(262 282 296 268)
4(206 207 280 279)
4(189 206 279 259)
4(259 279 280 260)
4(279 283 284 280)
4(206 209 283 279)
4(279 283 285 281)
4(279 281 282 280)
4(272 279 283 276)
4(272 274 281 279)
4(200 272 279 206)
4(200 206 209 204)
4(256 272 279 259)
4(187 200 272 256)
4(187 189 206 200)
4(258 274 281 261)
4(259 261 281 279)
4(256 272 274 258)
4(264 288 295 267)
4(261 267 295 281)
4(258 274 288 264)
4(267 269 297 295)
4(264 288 290 266)
4(267 268 296 295)
4(261 262 282 281)
4(263 264 288 287)
4(333 334 336 335)
4(684 685 334 333)
4(684 686 687 685)
4(333 334 338 337)
4(247 333 337 251)
4(240 331 333 247)
4(240 247 251 244)
4(247 333 334 248)
4(247 248 252 251)
4(592 247 333 684)
4(592 593 248 247)
4(592 684 685 593)
4(585 592 247 240)
4(585 679 684 592)
4(683 688 287 273)
4(683 273 277 687)
4(257 263 287 273)
4(676 257 273 683)
4(257 258 274 273)
4(255 271 273 257)
4(255 256 272 271)
4(681 271 273 683)
4(674 255 271 681)
4(674 681 683 676)
4(681 271 275 685)
4(681 685 687 683)
4(589 681 271 199)
4(589 199 203 593)
4(589 593 685 681)
4(186 255 271 199)
4(561 186 199 589)
4(561 589 681 674)
4(186 187 200 199)
4(185 187 200 198)
4(184 185 198 197)
4(184 197 199 186)
4(198 205 206 200)
4(182 192 197 184)
4(573 192 197 587)
4(559 587 197 184)
4(469 573 587 559)
4(469 182 192 573)
4(587 591 201 197)
4(573 577 591 587)
4(573 192 195 577)
4(587 589 199 197)
4(587 591 593 589)
4(559 587 589 561)
4(586 587 589 588)
4(560 588 589 561)
4(558 559 587 586)
4(558 586 588 560)
4(590 591 593 592)
4(588 592 593 589)
4(586 590 592 588)
4(586 587 591 590)
4(245 246 248 247)
4(590 591 246 245)
4(590 245 247 592)
4(245 249 251 247)
4(245 246 250 249)
4(238 245 249 242)
4(238 240 247 245)
4(238 242 244 240)
4(231 245 249 235)
4(224 238 245 231)
4(224 228 242 238)
4(224 231 235 228)
4(231 245 246 232)
4(231 232 236 235)
4(576 231 245 590)
4(576 590 591 577)
4(576 577 232 231)
4(583 238 245 590)
4(569 224 238 583)
4(569 583 590 576)
4(569 576 231 224)
4(583 238 240 585)
4(583 585 592 590)
4(237 238 240 239)
4(582 583 238 237)
4(582 584 585 583)
4(237 238 242 241)
4(223 237 241 227)
4(176 219 237 223)
4(176 223 227 180)
4(223 237 238 224)
4(223 224 228 227)
4(568 223 237 582)
4(568 582 583 569)
4(568 569 224 223)
4(459 461 582 568)
4(459 568 223 176)
4(680 681 685 684)
4(680 682 683 681)
4(588 592 684 680)
4(588 680 681 589)
4(581 678 680 588)
4(581 588 592 585)
4(560 673 680 588)
4(557 560 588 581)
4(673 674 681 680)
4(579 581 585 583)
4(578 580 581 579)
4(578 579 583 582)
4(579 586 590 583)
4(579 581 588 586)
4(572 586 590 576)
4(565 579 586 572)
4(565 569 583 579)
4(565 572 576 569)
4(572 586 587 573)
4(572 573 577 576)
4(468 572 586 558)
4(468 469 573 572)
4(555 579 586 558)
4(465 565 579 555)
4(465 468 572 565)
4(555 579 581 557)
4(554 555 579 578)
4(455 564 578 460)
4(464 554 578 564)
4(448 464 564 455)
4(564 578 582 568)
4(455 564 568 459)
4(564 578 579 565)
4(564 565 569 568)
4(464 465 565 564)
4(562 563 565 564)
4(463 465 565 563)
4(462 463 563 562)
4(462 562 564 464)
4(566 567 569 568)
4(563 565 569 567)
4(562 563 567 566)
4(562 566 568 564)
4(221 222 224 223)
4(567 569 224 222)
4(566 567 222 221)
4(566 221 223 568)
4(222 224 228 226)
4(221 225 227 223)
4(221 222 226 225)
4(229 231 235 233)
4(222 229 233 226)
4(222 224 231 229)
4(229 230 234 233)
4(229 231 232 230)
4(967 970 233 229)
4(967 229 230 968)
4(932 222 229 967)
4(932 965 226 222)
4(932 967 970 965)
4(567 222 229 574)
4(165 574 229 967)
4(160 932 222 567)
4(160 165 967 932)
4(160 567 574 165)
4(574 576 231 229)
4(567 569 576 574)
4(574 575 230 229)
4(574 576 577 575)
4(165 574 575 166)
4(174 176 180 178)
4(173 175 176 174)
4(173 174 178 177)
4(174 221 225 178)
4(174 176 223 221)
4(931 221 225 964)
4(918 174 221 931)
4(918 922 178 174)
4(918 931 964 922)
4(931 221 222 932)
4(931 932 965 964)
4(159 931 221 566)
4(159 566 567 160)
4(159 160 932 931)
4(457 174 221 566)
4(136 918 174 457)
4(136 457 566 159)
4(136 159 931 918)
4(457 174 176 459)
4(457 459 568 566)
4(456 457 174 173)
4(456 458 459 457)
4(910 917 173 171)
4(135 456 173 917)
4(128 451 456 135)
4(128 135 917 910)
4(917 173 177 921)
4(910 917 921 914)
4(917 173 174 918)
4(917 918 922 921)
4(135 136 918 917)
4(135 456 457 136)
4(915 916 918 917)
4(134 136 918 916)
4(133 915 917 135)
4(133 135 136 134)
4(133 134 916 915)
4(916 918 922 920)
4(915 919 921 917)
4(915 916 920 919)
4(929 931 964 962)
4(916 929 962 920)
4(916 918 931 929)
4(930 932 965 963)
4(929 930 963 962)
4(929 931 932 930)
4(930 932 967 966)
4(158 930 932 160)
4(158 160 165 164)
4(571 573 192 191)
4(571 575 577 573)
4(467 571 573 469)
4(162 163 571 570)
4(145 162 570 466)
4(466 570 571 467)
4(570 574 575 571)
4(162 165 574 570)
4(570 574 576 572)
4(570 572 573 571)
4(563 570 574 567)
4(563 565 572 570)
4(156 563 570 162)
4(156 160 567 563)
4(156 162 165 160)
4(463 563 570 466)
4(143 156 563 463)
4(143 145 162 156)
4(466 468 572 570)
4(155 156 563 562)
4(142 155 562 462)
4(142 143 156 155)
4(155 159 566 562)
4(155 156 160 159)
4(453 457 566 562)
4(132 453 562 155)
4(132 136 457 453)
4(132 155 159 136)
4(453 455 564 562)
4(453 457 459 455)
4(446 462 562 453)
4(446 453 455 448)
4(42 132 453 446)
4(42 142 155 132)
4(131 132 453 452)
4(445 452 453 446)
4(41 131 452 445)
4(41 42 132 131)
4(452 456 457 453)
4(131 135 456 452)
4(131 132 136 135)
4(452 454 455 453)
4(124 450 452 131)
4(124 131 135 128)
4(38 41 131 124)
4(908 910 914 912)
4(907 909 910 908)
4(907 908 912 911)
4(908 915 919 912)
4(908 910 917 915)
4(901 915 919 905)
4(894 901 905 898)
4(894 908 915 901)
4(894 898 912 908)
4(902 916 920 906)
4(901 902 906 905)
4(901 915 916 902)
4(924 929 962 927)
4(902 916 929 924)
4(902 924 927 906)
4(924 929 930 925)
4(157 929 930 158)
4(151 924 929 157)
4(151 157 158 152)
4(157 929 931 159)
4(157 159 160 158)
4(134 157 929 916)
4(134 136 159 157)
4(58 151 924 902)
4(58 134 157 151)
4(58 902 916 134)
4(900 923 924 902)
4(56 58 151 150)
4(56 900 902 58)
4(900 904 906 902)
4(841 842 900 899)
4(1017 841 899 55)
4(1017 55 56 1018)
4(55 899 900 56)
4(899 903 904 900)
4(841 843 903 899)
4(899 903 905 901)
4(899 901 902 900)
4(892 899 903 896)
4(892 894 901 899)
4(892 896 898 894)
4(836 892 899 841)
4(836 840 896 892)
4(48 892 899 55)
4(1014 836 892 48)
4(1014 48 55 1017)
4(50 894 901 57)
4(48 892 894 50)
4(55 57 901 899)
4(48 50 57 55)
4(126 908 915 133)
4(50 894 908 126)
4(57 133 915 901)
4(50 126 133 57)
4(126 908 910 128)
4(126 128 135 133)
4(125 126 908 907)
4(125 127 128 126)
4(696 893 907 702)
4(49 125 907 893)
4(957 49 893 696)
4(957 696 702 961)
4(957 961 125 49)
4(893 907 911 897)
4(696 893 897 700)
4(696 700 704 702)
4(893 907 908 894)
4(893 894 898 897)
4(49 50 894 893)
4(49 125 126 50)
4(891 892 894 893)
4(47 48 892 891)
4(47 891 893 49)
4(47 49 50 48)
4(891 895 897 893)
4(891 892 896 895)
4(694 891 895 698)
4(694 696 893 891)
4(694 698 700 696)
4(835 891 895 839)
4(525 694 891 835)
4(525 835 839 529)
4(525 529 698 694)
4(835 891 892 836)
4(835 836 840 839)
4(1013 835 891 47)
4(1013 1014 836 835)
4(1013 47 48 1014)
4(955 694 891 47)
4(889 1013 835 525)
4(889 525 694 955)
4(889 955 47 1013)
4(955 694 696 957)
4(955 957 49 47)
4(693 694 696 695)
4(956 695 696 957)
4(954 693 695 956)
4(954 955 694 693)
4(954 956 957 955)
4(695 699 700 696)
4(693 694 698 697)
4(693 697 699 695)
4(695 701 702 696)
4(956 960 961 957)
4(953 959 961 957)
4(952 953 957 956)
4(952 958 959 953)
4(122 124 128 126)
4(121 123 124 122)
4(121 122 126 125)
4(129 131 135 133)
4(122 124 131 129)
4(122 129 133 126)
4(130 132 136 134)
4(129 131 132 130)
4(129 130 134 133)
4(153 155 159 157)
4(130 132 155 153)
4(130 153 157 134)
4(154 156 160 158)
4(153 155 156 154)
4(153 154 158 157)
4(154 156 162 161)
4(141 154 156 143)
4(833 837 839 835)
4(833 835 836 834)
4(523 833 837 527)
4(523 525 835 833)
4(523 527 529 525)
4(510 523 833 705)
4(510 513 527 523)
4(887 523 833 1011)
4(873 510 523 887)
4(873 887 1011 1006)
4(1011 1013 835 833)
4(887 523 525 889)
4(887 889 1013 1011)
4(1011 1013 1014 1012)
4(522 526 527 523)
4(509 512 526 522)
4(509 522 523 510)
4(524 528 529 525)
4(522 524 525 523)
4(522 526 528 524)
4(524 528 697 693)
4(524 693 694 525)
4(597 600 697 693)
4(517 597 693 524)
4(517 524 528 521)
4(517 521 600 597)
4(597 598 695 693)
4(948 954 693 597)
4(948 949 956 954)
4(888 954 693 524)
4(881 888 524 517)
4(881 517 597 948)
4(881 948 954 888)
4(888 889 525 524)
4(888 954 955 889)
4(886 522 524 888)
4(886 887 523 522)
4(886 888 889 887)
4(515 522 524 517)
4(879 886 522 515)
4(879 515 517 881)
4(879 881 888 886)
4(515 522 526 519)
4(515 519 521 517)
4(503 515 522 509)
4(503 509 512 507)
4(503 507 519 515)
4(872 886 522 509)
4(867 872 509 503)
4(867 503 515 879)
4(867 879 886 872)
4(872 886 887 873)
4(501 508 509 503)
4(865 501 503 867)
4(865 867 872 871)
4(501 505 507 503)
4(500 504 505 501)
4(167 169 504 500)
4(167 500 501 168)
4(502 506 507 503)
4(500 502 503 501)
4(500 504 506 502)
4(514 518 519 515)
4(502 506 518 514)
4(502 514 515 503)
4(516 520 521 517)
4(514 516 517 515)
4(514 518 520 516)
4(516 520 599 596)
4(516 596 597 517)
4(495 594 596 516)
4(495 516 520 499)
4(880 947 596 516)
4(770 880 516 495)
4(770 934 947 880)
4(880 881 517 516)
4(880 947 948 881)
4(878 514 516 880)
4(878 879 515 514)
4(878 880 881 879)
4(493 514 516 495)
4(768 878 514 493)
4(768 493 495 770)
4(768 770 880 878)
4(493 514 518 497)
4(493 497 499 495)
4(481 493 514 502)
4(481 502 506 485)
4(481 485 497 493)
4(866 878 514 502)
4(756 866 502 481)
4(756 481 493 768)
4(756 768 878 866)
4(866 867 503 502)
4(866 878 879 867)
4(864 500 502 866)
4(864 865 501 500)
4(864 866 867 865)
4(479 500 502 481)
4(754 864 500 479)
4(754 479 481 756)
4(754 756 866 864)
4(479 500 504 483)
4(479 483 485 481)
4(74 479 500 167)
4(74 78 483 479)
4(442 864 500 167)
4(369 74 479 754)
4(369 754 864 442)
4(442 864 865 443)
4(73 77 78 74)
4(71 73 74 72)
4(71 75 77 73)
4(478 482 483 479)
4(73 77 482 478)
4(73 478 479 74)
4(480 484 485 481)
4(478 480 481 479)
4(478 482 484 480)
4(492 496 497 493)
4(480 484 496 492)
4(480 492 493 481)
4(492 494 495 493)
4(492 496 498 494)
4(767 492 494 769)
4(767 768 493 492)
4(767 769 770 768)
4(487 492 494 488)
4(761 767 492 487)
4(761 762 769 767)
4(487 492 496 490)
4(473 487 492 480)
4(473 480 484 477)
4(473 477 490 487)
4(755 767 492 480)
4(748 755 480 473)
4(748 473 487 761)
4(748 761 767 755)
4(755 756 481 480)
4(755 767 768 756)
4(753 478 480 755)
4(753 754 479 478)
4(753 755 756 754)
4(471 478 480 473)
4(746 753 478 471)
4(746 471 473 748)
4(746 748 755 753)
4(471 478 482 475)
4(471 475 477 473)
4(66 471 478 73)
4(66 73 77 70)
4(66 70 475 471)
4(368 753 478 73)
4(361 368 73 66)
4(361 66 471 746)
4(361 746 753 368)
4(368 369 74 73)
4(368 753 754 369)
4(366 71 73 368)
4(366 368 369 367)
4(64 71 73 66)
4(359 64 66 361)
4(359 361 368 366)
4(64 68 70 66)
4(63 67 68 64)
4(59 61 67 63)
4(59 63 64 60)
4(65 69 70 66)
4(63 65 66 64)
4(63 67 69 65)
4(470 474 475 471)
4(65 69 474 470)
4(65 470 471 66)
4(472 476 477 473)
4(470 472 473 471)
4(470 474 476 472)
4(472 476 489 486)
4(472 486 487 473)
4(826 831 486 472)
4(826 472 476 830)
4(747 760 486 472)
4(24 747 472 826)
4(24 26 760 747)
4(747 748 473 472)
4(747 760 761 748)
4(745 470 472 747)
4(745 746 471 470)
4(745 747 748 746)
4(824 470 472 826)
4(22 745 470 824)
4(22 824 826 24)
4(22 24 747 745)
4(824 470 474 828)
4(824 828 830 826)
4(416 824 470 65)
4(416 65 69 420)
4(416 420 828 824)
4(360 745 470 65)
4(725 360 65 416)
4(725 416 824 22)
4(725 22 745 360)
4(360 361 66 65)
4(360 745 746 361)
4(358 63 65 360)
4(358 359 64 63)
4(358 360 361 359)
4(414 63 65 416)
4(723 358 63 414)
4(723 414 416 725)
4(723 725 360 358)
4(414 63 67 418)
4(414 418 420 416)
4(401 414 63 59)
4(401 404 418 414)
4(352 358 63 59)
4(709 401 414 723)
4(709 723 358 352)
4(352 358 359 353)
4(413 417 418 414)
4(400 403 417 413)
4(400 413 414 401)
4(415 419 420 416)
4(413 415 416 414)
4(413 417 419 415)
4(823 827 828 824)
4(415 419 827 823)
4(415 823 824 416)
4(823 825 826 824)
4(823 827 829 825)
4(21 823 825 23)
4(21 22 824 823)
4(21 23 24 22)
4(816 823 825 818)
4(14 21 823 816)
4(14 816 818 16)
4(14 16 23 21)
4(816 823 827 820)
4(816 820 822 818)
4(408 816 823 415)
4(408 415 419 412)
4(408 412 820 816)
4(724 21 823 415)
4(717 724 415 408)
4(717 408 816 14)
4(717 14 21 724)
4(724 725 416 415)
4(724 21 22 725)
4(722 413 415 724)
4(722 723 414 413)
4(722 724 725 723)
4(406 413 415 408)
4(715 722 413 406)
4(715 406 408 717)
4(715 717 724 722)
4(406 413 417 410)
4(406 410 412 408)
4(394 406 413 400)
4(394 400 403 398)
4(394 398 410 406)
4(708 722 413 400)
4(668 708 400 394)
4(668 394 406 715)
4(668 715 722 708)
4(708 722 723 709)
4(392 399 400 394)
4(666 392 394 668)
4(666 668 708 707)
4(392 396 398 394)
4(393 397 398 394)
4(391 393 394 392)
4(391 395 397 393)
4(405 409 410 406)
4(393 397 409 405)
4(393 405 406 394)
4(407 411 412 408)
4(405 407 408 406)
4(405 409 411 407)
4(815 819 820 816)
4(407 411 819 815)
4(407 815 816 408)
4(815 817 818 816)
4(13 14 816 815)
4(13 15 16 14)
4(326 812 815 407)
4(326 407 411 330)
4(326 330 814 812)
4(716 13 815 407)
4(645 716 407 326)
4(645 326 812 997)
4(645 997 13 716)
4(716 717 408 407)
4(716 13 14 717)
4(714 405 407 716)
4(714 715 406 405)
4(714 716 717 715)
4(324 405 407 326)
4(643 714 405 324)
4(643 324 326 645)
4(643 645 716 714)
4(324 405 409 328)
4(324 328 330 326)
4(310 324 405 393)
4(310 393 397 314)
4(310 314 328 324)
4(667 714 405 393)
4(629 667 393 310)
4(629 310 324 643)
4(629 643 714 667)
4(667 668 394 393)
4(667 714 715 668)
4(665 391 393 667)
4(665 667 668 666)
4(308 391 393 310)
4(627 308 310 629)
4(627 629 667 665)
4(308 312 314 310)
4(307 311 312 308)
4(215 217 311 307)
4(215 307 308 216)
4(309 313 314 310)
4(307 309 310 308)
4(307 311 313 309)
4(323 327 328 324)
4(309 313 327 323)
4(309 323 324 310)
4(325 329 330 326)
4(323 325 326 324)
4(323 327 329 325)
4(325 329 813 811)
4(325 811 812 326)
4(318 808 811 325)
4(318 325 329 322)
4(318 322 810 808)
4(644 996 811 325)
4(637 644 325 318)
4(637 318 808 993)
4(637 993 996 644)
4(644 645 326 325)
4(644 996 997 645)
4(642 323 325 644)
4(642 643 324 323)
4(642 644 645 643)
4(316 323 325 318)
4(635 642 323 316)
4(635 316 318 637)
4(635 637 644 642)
4(316 323 327 320)
4(316 320 322 318)
4(302 316 323 309)
4(302 309 313 306)
4(302 306 320 316)
4(628 642 323 309)
4(621 628 309 302)
4(621 302 316 635)
4(621 635 642 628)
4(628 629 310 309)
4(628 642 643 629)
4(626 307 309 628)
4(626 627 308 307)
4(626 628 629 627)
4(300 307 309 302)
4(619 626 307 300)
4(619 300 302 621)
4(619 621 628 626)
4(300 307 311 304)
4(300 304 306 302)
4(212 300 307 215)
4(212 214 304 300)
4(548 626 307 215)
4(545 212 300 619)
4(545 619 626 548)
4(548 626 627 549)
4(299 303 304 300)
4(211 299 300 212)
4(301 305 306 302)
4(299 301 302 300)
4(315 319 320 316)
4(301 315 316 302)
4(317 321 322 318)
4(315 317 318 316)
4(317 807 808 318)
4(636 637 318 317)
4(636 992 993 637)
4(634 635 316 315)
4(634 636 637 635)
4(620 621 302 301)
4(620 634 635 621)
4(618 619 300 299)
4(618 620 621 619)
4(544 618 619 545)
4(36 38 124 122)
4(35 36 122 121)
4(39 41 131 129)
4(36 39 129 122)
4(40 42 132 130)
4(39 40 130 129)
4(140 142 155 153)
4(40 140 153 130)
4(140 141 154 153)
4(148 149 154 153)
4(138 148 153 140)
4(148 151 157 153)
4(54 130 153 148)
4(54 148 151 58)
4(54 58 134 130)
4(34 138 148 54)
4(34 54 130 40)
4(52 147 148 54)
4(32 52 54 34)
4(52 56 58 54)
4(1015 1016 52 51)
4(31 51 52 32)
4(1003 1015 51 31)
4(51 55 56 52)
4(1015 1017 55 51)
4(55 56 58 57)
4(53 57 58 54)
4(51 53 54 52)
4(51 55 57 53)
4(57 901 902 58)
4(57 133 134 58)
4(53 57 133 129)
4(53 129 130 54)
4(46 122 129 53)
4(46 53 57 50)
4(46 50 126 122)
4(33 39 129 53)
4(30 33 53 46)
4(30 46 122 36)
4(33 34 54 53)
4(31 51 53 33)
4(44 51 53 46)
4(28 31 51 44)
4(28 44 46 30)
4(44 51 55 48)
4(44 48 50 46)
4(1010 44 51 1015)
4(1010 1014 48 44)
4(1002 1010 44 28)
4(1009 1010 44 43)
4(27 43 44 28)
4(1001 1009 43 27)
4(1001 1002 1010 1009)
4(43 47 48 44)
4(1009 1013 47 43)
4(1009 1010 1014 1013)
4(45 49 50 46)
4(43 45 46 44)
4(43 47 49 45)
4(45 49 125 121)
4(45 121 122 46)
4(953 959 121 45)
4(953 45 49 957)
4(29 35 121 45)
4(941 29 45 953)
4(941 953 959 943)
4(29 30 46 45)
4(27 43 45 29)
4(951 43 45 953)
4(939 27 43 951)
4(939 951 953 941)
4(951 43 47 955)
4(951 955 957 953)
4(885 951 43 1009)
4(885 1009 1013 889)
4(885 889 955 951)
4(859 1001 1009 885)
4(859 885 951 939)
4(883 1007 1009 885)
4(857 999 1007 883)
4(999 1001 1009 1007)
4(857 883 885 859)
4(1007 1009 1013 1011)
4(883 1007 1011 887)
4(883 887 889 885)
4(1007 1009 1010 1008)
4(870 883 1007 1005)
4(870 873 887 883)
4(851 870 883 857)
4(882 886 887 883)
4(869 872 886 882)
4(869 882 883 870)
4(884 888 889 885)
4(882 884 885 883)
4(882 886 888 884)
4(950 954 955 951)
4(884 888 954 950)
4(884 950 951 885)
4(950 954 956 952)
4(950 952 953 951)
4(945 950 954 948)
4(945 946 952 950)
4(877 945 950 884)
4(877 884 888 881)
4(877 881 948 945)
4(936 945 950 938)
4(858 938 950 884)
4(855 858 884 877)
4(855 877 945 936)
4(938 940 952 950)
4(940 941 953 952)
4(938 939 951 950)
4(858 859 885 884)
4(856 882 884 858)
4(856 857 883 882)
4(875 882 884 877)
4(853 856 882 875)
4(853 875 877 855)
4(875 882 886 879)
4(875 879 881 877)
4(863 875 882 869)
4(863 869 872 867)
4(863 867 879 875)
4(850 856 882 869)
4(848 850 869 863)
4(848 863 875 853)
4(861 868 869 863)
4(846 861 863 848)
4(861 865 867 863)
4(440 441 861 860)
4(845 860 861 846)
4(370 440 860 845)
4(860 864 865 861)
4(440 442 864 860)
4(862 866 867 863)
4(860 862 863 861)
4(860 864 866 862)
4(874 878 879 875)
4(862 866 878 874)
4(862 874 875 863)
4(876 880 881 877)
4(874 876 877 875)
4(874 878 880 876)
4(876 880 947 944)
4(876 944 945 877)
4(766 933 944 876)
4(766 876 880 770)
4(854 935 944 876)
4(740 854 876 766)
4(854 855 877 876)
4(852 874 876 854)
4(852 853 875 874)
4(764 874 876 766)
4(738 852 874 764)
4(738 764 766 740)
4(764 874 878 768)
4(764 768 770 766)
4(752 764 874 862)
4(752 862 866 756)
4(752 756 768 764)
4(847 852 874 862)
4(733 847 862 752)
4(733 752 764 738)
4(847 848 863 862)
4(845 860 862 847)
4(750 860 862 752)
4(731 845 860 750)
4(731 750 752 733)
4(750 860 864 754)
4(750 754 756 752)
4(365 750 860 440)
4(365 369 754 750)
4(349 365 750 731)
4(364 365 750 749)
4(730 749 750 731)
4(348 364 749 730)
4(348 349 365 364)
4(749 753 754 750)
4(364 368 753 749)
4(364 365 369 368)
4(751 755 756 752)
4(749 751 752 750)
4(749 753 755 751)
4(763 767 768 764)
4(751 755 767 763)
4(751 763 764 752)
4(763 765 766 764)
4(763 767 769 765)
4(737 763 765 739)
4(737 738 764 763)
4(758 763 765 759)
4(735 737 763 758)
4(758 763 767 761)
4(744 758 763 751)
4(744 751 755 748)
4(744 748 761 758)
4(732 737 763 751)
4(729 732 751 744)
4(729 744 758 735)
4(732 733 752 751)
4(730 749 751 732)
4(742 749 751 744)
4(727 730 749 742)
4(727 742 744 729)
4(742 749 753 746)
4(742 746 748 744)
4(357 742 749 364)
4(357 361 746 742)
4(357 364 368 361)
4(345 357 742 727)
4(345 348 364 357)
4(356 357 742 741)
4(726 741 742 727)
4(344 356 741 726)
4(344 345 357 356)
4(741 745 746 742)
4(356 360 745 741)
4(356 357 361 360)
4(743 747 748 744)
4(741 743 744 742)
4(741 745 747 743)
4(743 747 760 757)
4(743 757 758 744)
4(20 25 757 743)
4(20 743 747 24)
4(728 734 757 743)
4(7 728 743 20)
4(728 729 744 743)
4(726 741 743 728)
4(18 741 743 20)
4(5 726 741 18)
4(5 18 20 7)
4(18 741 745 22)
4(18 22 24 20)
4(721 18 741 356)
4(721 356 360 725)
4(721 725 22 18)
4(660 344 356 721)
4(660 721 18 5)
4(719 354 356 721)
4(658 342 354 719)
4(342 344 356 354)
4(658 719 721 660)
4(354 356 360 358)
4(719 354 358 723)
4(719 723 725 721)
4(355 357 361 359)
4(354 355 359 358)
4(354 356 357 355)
4(362 364 368 366)
4(355 357 364 362)
4(362 364 365 363)
4(346 348 364 362)
4(343 355 357 345)
4(350 352 358 354)
4(350 354 355 351)
4(671 719 354 350)
4(671 709 723 719)
4(253 342 354 350)
4(652 671 719 658)
4(342 354 355 343)
4(718 722 723 719)
4(670 708 722 718)
4(670 718 719 671)
4(720 724 725 721)
4(718 720 721 719)
4(718 722 724 720)
4(17 21 22 18)
4(720 724 21 17)
4(720 17 18 721)
4(17 19 20 18)
4(17 21 23 19)
4(4 17 19 6)
4(4 5 18 17)
4(10 17 19 12)
4(1 4 17 10)
4(1 10 12 3)
4(10 17 21 14)
4(10 14 16 12)
4(713 10 17 720)
4(713 720 724 717)
4(713 717 14 10)
4(659 4 17 720)
4(656 659 720 713)
4(656 713 10 1)
4(659 660 721 720)
4(657 718 720 659)
4(657 658 719 718)
4(711 718 720 713)
4(654 657 718 711)
4(654 711 713 656)
4(711 718 722 715)
4(711 715 717 713)
4(664 711 718 670)
4(664 670 708 668)
4(664 668 715 711)
4(651 657 718 670)
4(649 651 670 664)
4(649 664 711 654)
4(662 669 670 664)
4(647 662 664 649)
4(662 666 668 664)
4(663 667 668 664)
4(661 663 664 662)
4(661 665 667 663)
4(710 714 715 711)
4(663 667 714 710)
4(663 710 711 664)
4(712 716 717 713)
4(710 712 713 711)
4(710 714 716 712)
4(9 13 14 10)
4(712 716 13 9)
4(712 9 10 713)
4(9 11 12 10)
4(0 1 10 9)
4(641 995 9 712)
4(641 712 716 645)
4(641 645 997 995)
4(655 0 9 712)
4(613 655 712 641)
4(613 641 995 989)
4(655 656 713 712)
4(653 710 712 655)
4(653 654 711 710)
4(639 710 712 641)
4(611 653 710 639)
4(611 639 641 613)
4(639 710 714 643)
4(639 643 645 641)
4(625 639 710 663)
4(625 663 667 629)
4(625 629 643 639)
4(648 653 710 663)
4(605 648 663 625)
4(605 625 639 611)
4(648 649 664 663)
4(646 661 663 648)
4(623 661 663 625)
4(603 623 625 605)
4(623 627 629 625)
4(622 626 627 623)
4(546 548 626 622)
4(546 622 623 547)
4(624 628 629 625)
4(622 624 625 623)
4(622 626 628 624)
4(638 642 643 639)
4(624 628 642 638)
4(624 638 639 625)
4(640 644 645 641)
4(638 640 641 639)
4(638 642 644 640)
4(640 644 996 994)
4(640 994 995 641)
4(633 991 994 640)
4(633 640 644 637)
4(633 637 993 991)
4(612 988 994 640)
4(609 612 640 633)
4(609 633 991 987)
4(612 613 641 640)
4(610 638 640 612)
4(610 611 639 638)
4(631 638 640 633)
4(607 610 638 631)
4(607 631 633 609)
4(631 638 642 635)
4(631 635 637 633)
4(617 631 638 624)
4(617 624 628 621)
4(617 621 635 631)
4(604 610 638 624)
4(553 604 624 617)
4(553 617 631 607)
4(604 605 625 624)
4(602 622 624 604)
4(602 603 623 622)
4(615 622 624 617)
4(551 602 622 615)
4(551 615 617 553)
4(615 622 626 619)
4(615 619 621 617)
4(543 615 622 546)
4(543 545 619 615)
4(438 602 622 546)
4(437 543 615 551)
4(614 618 619 615)
4(542 614 615 543)
4(616 620 621 617)
4(614 616 617 615)
4(630 634 635 631)
4(616 630 631 617)
4(632 636 637 633)
4(630 632 633 631)
4(632 990 991 633)
4(608 609 633 632)
4(606 607 631 630)
4(552 553 617 616)
4(550 551 615 614)
4(1308 1326 1327 1309)
4(1326 1328 1329 1327)
4(1309 1327 1338 1310)
4(1310 1338 1339 1311)
4(1327 1329 1340 1338)
4(1338 1340 1341 1339)
4(1328 1342 1343 1329)
4(1342 1344 1345 1343)
4(1329 1343 1346 1340)
4(1340 1346 1347 1341)
4(1343 1345 1348 1346)
4(1346 1348 1349 1347)
4(1339 1341 1352 1350)
4(1350 1352 1353 1351)
4(1351 1353 1355 1354)
4(1341 1347 1357 1352)
4(1352 1357 1358 1353)
4(1347 1349 1359 1357)
4(1357 1359 1360 1358)
4(1353 1358 1361 1355)
4(1355 1361 1362 1356)
4(1358 1360 1363 1361)
4(1361 1363 1364 1362)
4(1344 1424 1425 1345)
4(1345 1425 1426 1348)
4(1348 1426 1427 1349)
4(1349 1427 1230 1359)
4(1359 1230 1231 1360)
4(1230 1232 1233 1231)
4(1360 1231 1234 1363)
4(1363 1234 1235 1364)
4(1231 1233 1236 1234)
4(1234 1236 1237 1235)
4(1356 1362 1293 1275)
4(1275 1293 1294 1276)
4(1362 1364 1295 1293)
4(1293 1295 1296 1294)
4(1294 1296 1299 1297)
4(1297 1299 1300 1298)
4(1364 1235 1374 1295)
4(1295 1374 1375 1296)
4(1235 1237 1376 1374)
4(1374 1376 1377 1375)
4(1296 1375 1378 1299)
4(1299 1378 1379 1300)
4(1375 1377 1380 1378)
4(1378 1380 1381 1379)
4(1237 1238 1382 1376)
4(1376 1382 1383 1377)
4(1377 1383 1385 1380)
4(1380 1385 1386 1381)
4(1383 1384 1387 1385)
4(1385 1387 1388 1386)
4(1300 1379 1399 1301)
4(1301 1399 1400 1302)
4(1379 1381 1401 1399)
4(1399 1401 1402 1400)
4(1400 1402 1404 1403)
4(1381 1386 1406 1401)
4(1401 1406 1407 1402)
4(1386 1388 1408 1406)
4(1406 1408 1409 1407)
4(1402 1407 1410 1404)
4(1404 1410 1411 1405)
4(1407 1409 1412 1410)
4(1410 1412 1413 1411)
4(1388 1414 1415 1408)
4(1408 1415 1416 1409)
4(1409 1416 1418 1412)
4(1412 1418 1419 1413)
4(1416 1417 1420 1418)
4(1418 1420 1421 1419)
4(1420 1422 1423 1421)
4(1405 1411 1429 1428)
4(1411 1413 1431 1429)
4(1429 1431 1432 1430)
4(1413 1419 1239 1431)
4(1431 1239 1240 1432)
4(1419 1421 1241 1239)
4(1239 1241 1242 1240)
4(1432 1240 1243 1433)
4(1433 1243 1244 1434)
4(1240 1242 1245 1243)
4(1243 1245 1246 1244)
4(1421 1423 1247 1241)
4(1241 1247 1248 1242)
4(1247 1249 1250 1248)
4(1242 1248 1251 1245)
4(1245 1251 1252 1246)
4(1248 1250 1253 1251)
4(1251 1253 1254 1252)
4(1244 1246 1256 1255)
4(1246 1252 1258 1256)
4(1256 1258 1259 1257)
4(1252 1254 1260 1258)
4(1258 1260 1261 1259)
4(1259 1261 1263 1262)
4(1250 1312 1313 1253)
4(1253 1313 1314 1254)
4(1313 1315 1316 1314)
4(1254 1314 1318 1260)
4(1260 1318 1319 1261)
4(1314 1316 1320 1318)
4(1318 1320 1321 1319)
4(1261 1319 1322 1263)
4(1263 1322 1323 1264)
4(1319 1321 1324 1322)
4(1322 1324 1325 1323)
4(1316 1317 1330 1320)
4(1320 1330 1331 1321)
4(1330 1332 1333 1331)
4(1321 1331 1334 1324)
4(1324 1334 1335 1325)
4(1331 1333 1336 1334)
4(1334 1336 1337 1335)
4(1333 1365 1366 1336)
4(1336 1366 1367 1337)
4(1366 1368 1369 1367)
4(1323 1325 1266 1265)
4(1325 1335 1268 1266)
4(1266 1268 1269 1267)
4(1335 1337 1270 1268)
4(1268 1270 1271 1269)
4(1269 1271 1273 1272)
4(1337 1367 1277 1270)
4(1270 1277 1278 1271)
4(1367 1369 1279 1277)
4(1277 1279 1280 1278)
4(1271 1278 1281 1273)
4(1273 1281 1282 1274)
4(1278 1280 1283 1281)
4(1281 1283 1284 1282)
4(1369 1370 1285 1279)
4(1279 1285 1286 1280)
4(1285 1287 1288 1286)
4(1280 1286 1289 1283)
4(1283 1289 1290 1284)
4(1286 1288 1291 1289)
4(1289 1291 1292 1290)
4(1284 1290 1304 1303)
4(1290 1292 1306 1304)
4(1304 1306 1307 1305)
4(1287 1371 1372 1288)
4(1288 1372 1389 1291)
4(1291 1389 1390 1292)
4(1372 1373 1391 1389)
4(1389 1391 1392 1390)
4(1292 1390 1393 1306)
4(1306 1393 1394 1307)
4(1390 1392 1395 1393)
4(1393 1395 1396 1394)
4(1394 1396 1398 1397)
4(1063 1064 1085 1084)
4(1084 1085 1087 1086)
4(1064 1065 1088 1085)
4(1065 1066 1089 1088)
4(1085 1088 1090 1087)
4(1088 1089 1091 1090)
4(1086 1087 1093 1092)
4(1092 1093 1095 1094)
4(1087 1090 1096 1093)
4(1090 1091 1097 1096)
4(1093 1096 1098 1095)
4(1096 1097 1099 1098)
4(1089 1105 1107 1091)
4(1105 1106 1108 1107)
4(1106 1109 1110 1108)
4(1091 1107 1112 1097)
4(1107 1108 1113 1112)
4(1097 1112 1114 1099)
4(1112 1113 1115 1114)
4(1108 1110 1116 1113)
4(1110 1111 1117 1116)
4(1113 1116 1118 1115)
4(1116 1117 1119 1118)
4(1094 1095 1176 1175)
4(1095 1098 1177 1176)
4(1098 1099 1178 1177)
4(1099 1114 1179 1178)
4(1114 1115 1180 1179)
4(1179 1180 1182 1181)
4(1115 1118 1183 1180)
4(1118 1119 1184 1183)
4(1180 1183 1185 1182)
4(1183 1184 1186 1185)
4(1111 1025 1027 1117)
4(1025 1026 1028 1027)
4(1117 1027 1029 1119)
4(1027 1028 1030 1029)
4(1028 1031 1033 1030)
4(1031 1032 1034 1033)
4(1119 1029 1128 1184)
4(1029 1030 1129 1128)
4(1184 1128 1130 1186)
4(1128 1129 1131 1130)
4(1030 1033 1132 1129)
4(1033 1034 1133 1132)
4(1129 1132 1134 1131)
4(1132 1133 1135 1134)
4(1186 1130 1136 1187)
4(1130 1131 1137 1136)
4(1131 1134 1139 1137)
4(1134 1135 1140 1139)
4(1137 1139 1141 1138)
4(1139 1140 1142 1141)
4(1034 1056 1143 1133)
4(1056 1057 1144 1143)
4(1133 1143 1145 1135)
4(1143 1144 1146 1145)
4(1144 1147 1148 1146)
4(1135 1145 1150 1140)
4(1145 1146 1151 1150)
4(1140 1150 1152 1142)
4(1150 1151 1153 1152)
4(1146 1148 1154 1151)
4(1148 1149 1155 1154)
4(1151 1154 1156 1153)
4(1154 1155 1157 1156)
4(1142 1152 1165 1164)
4(1152 1153 1166 1165)
4(1153 1156 1168 1166)
4(1156 1157 1169 1168)
4(1166 1168 1170 1167)
4(1168 1169 1171 1170)
4(1170 1171 1173 1172)
4(1149 1174 1188 1155)
4(1155 1188 1190 1157)
4(1188 1189 1191 1190)
4(1157 1190 1194 1169)
4(1190 1191 1195 1194)
4(1169 1194 1196 1171)
4(1194 1195 1197 1196)
4(1191 1192 1198 1195)
4(1192 1193 1199 1198)
4(1195 1198 1200 1197)
4(1198 1199 1201 1200)
4(1171 1196 1202 1173)
4(1196 1197 1203 1202)
4(1202 1203 1205 1204)
4(1197 1200 1206 1203)
4(1200 1201 1207 1206)
4(1203 1206 1208 1205)
4(1206 1207 1209 1208)
4(1199 1210 1211 1201)
4(1201 1211 1213 1207)
4(1211 1212 1214 1213)
4(1207 1213 1215 1209)
4(1213 1214 1216 1215)
4(1214 1217 1218 1216)
4(1205 1208 1059 1058)
4(1208 1209 1060 1059)
4(1059 1060 1062 1061)
4(1209 1215 1068 1060)
4(1215 1216 1069 1068)
4(1060 1068 1070 1062)
4(1068 1069 1071 1070)
4(1216 1218 1072 1069)
4(1218 1219 1073 1072)
4(1069 1072 1074 1071)
4(1072 1073 1075 1074)
4(1062 1070 1076 1067)
4(1070 1071 1077 1076)
4(1076 1077 1079 1078)
4(1071 1074 1080 1077)
4(1074 1075 1081 1080)
4(1077 1080 1082 1079)
4(1080 1081 1083 1082)
4(1079 1082 1101 1100)
4(1082 1083 1102 1101)
4(1101 1102 1104 1103)
4(1073 1220 1221 1075)
4(1075 1221 1223 1081)
4(1221 1222 1224 1223)
4(1081 1223 1225 1083)
4(1223 1224 1226 1225)
4(1224 1227 1228 1226)
4(1083 1225 1035 1102)
4(1225 1226 1036 1035)
4(1102 1035 1037 1104)
4(1035 1036 1038 1037)
4(1226 1228 1039 1036)
4(1228 1229 1040 1039)
4(1036 1039 1041 1038)
4(1039 1040 1042 1041)
4(1104 1037 1043 1120)
4(1037 1038 1044 1043)
4(1043 1044 1046 1045)
4(1038 1041 1047 1044)
4(1041 1042 1048 1047)
4(1044 1047 1049 1046)
4(1047 1048 1050 1049)
4(1042 1051 1052 1048)
4(1048 1052 1054 1050)
4(1052 1053 1055 1054)
4(1045 1046 1122 1121)
4(1046 1049 1124 1122)
4(1049 1050 1125 1124)
4(1122 1124 1126 1123)
4(1124 1125 1127 1126)
4(1050 1054 1158 1125)
4(1054 1055 1159 1158)
4(1125 1158 1160 1127)
4(1158 1159 1161 1160)
4(1159 1162 1163 1161)
4(434 427 1123 1126)
4(426 1122 1123 427)
4(426 425 1121 1122)
4(101 1045 1121 425)
4(99 1043 1045 101)
4(99 421 1120 1043)
4(340 1104 1120 421)
4(340 339 1103 1104)
4(337 1101 1103 339)
4(337 332 1100 1101)
4(244 1079 1100 332)
4(244 243 1078 1079)
4(241 1076 1078 243)
4(241 220 1067 1076)
4(180 1062 1067 220)
4(180 179 1061 1062)
4(177 1059 1061 179)
4(177 172 1058 1059)
4(914 1205 1058 172)
4(914 913 1204 1205)
4(911 1202 1204 913)
4(911 704 1173 1202)
4(704 703 1172 1173)
4(699 1170 1172 703)
4(699 601 1167 1170)
4(600 1166 1167 601)
4(600 599 1165 1166)
4(599 595 1164 1165)
4(498 491 1138 1141)
4(499 1142 1164 595)
4(499 498 1141 1142)
4(490 1137 1138 491)
4(490 489 1136 1137)
4(489 832 1187 1136)
4(822 821 1181 1182)
4(829 822 1182 1185)
4(830 1186 1187 832)
4(830 829 1185 1186)
4(819 1179 1181 821)
4(819 814 1178 1179)
4(814 813 1177 1178)
4(813 810 1176 1177)
4(810 809 1175 1176)
4(321 1094 1175 809)
4(692 773 1391 1373)
4(692 1373 1372 691)
4(265 1287 1285 263)
4(690 691 1372 1371)
4(690 1371 1287 265)
4(677 263 1285 1370)
4(677 1370 1369 676)
4(675 676 1369 1368)
4(675 1368 1366 673)
4(672 673 1366 1365)
4(672 1365 1333 557)
4(556 557 1333 1332)
4(556 1332 1330 554)
4(449 554 1330 1317)
4(449 1317 1316 448)
4(447 448 1316 1315)
4(447 1315 1313 445)
4(444 445 1313 1312)
4(444 1312 1250 38)
4(37 38 1250 1249)
4(37 1249 1247 35)
4(943 35 1247 1423)
4(942 943 1423 1422)
4(942 1422 1420 940)
4(937 940 1420 1417)
4(937 1417 1416 936)
4(935 936 1416 1415)
4(890 935 1415 1414)
4(890 1414 1388 740)
4(739 740 1388 1387)
4(736 739 1387 1384)
4(736 1384 1383 735)
4(734 735 1383 1382)
4(8 734 1382 1238)
4(8 1238 1237 7)
4(6 7 1237 1236)
4(3 6 1236 1233)
4(2 3 1233 1232)
4(2 1232 1230 0)
4(989 0 1230 1427)
4(988 989 1427 1426)
4(987 988 1426 1425)
4(986 987 1425 1424)
4(986 1424 1344 608)
4(424 427 434 430)
4(780 424 430 787)
4(779 423 424 780)
4(423 426 427 424)
4(95 99 101 97)
4(422 425 426 423)
4(97 101 425 422)
4(777 780 787 783)
4(692 777 783 773)
4(691 776 777 692)
4(776 779 780 777)
4(690 775 776 691)
4(265 289 775 690)
4(289 293 778 775)
4(775 778 779 776)
4(778 422 423 779)
4(293 97 422 778)
4(689 341 95 291)
4(291 95 97 293)
4(341 421 99 95)
4(336 340 421 341)
4(687 336 341 689)
4(287 291 293 289)
4(263 287 289 265)
4(677 688 287 263)
4(688 689 291 287)
4(335 339 340 336)
4(686 335 336 687)
4(684 333 335 686)
4(333 337 339 335)
4(331 332 337 333)
4(240 244 332 331)
4(679 331 333 684)
4(585 240 331 679)
4(239 243 244 240)
4(584 239 240 585)
4(683 687 689 688)
4(682 686 687 683)
4(676 683 688 677)
4(582 237 239 584)
4(237 241 243 239)
4(219 220 241 237)
4(176 180 220 219)
4(461 219 237 582)
4(459 176 219 461)
4(680 684 686 682)
4(678 679 684 680)
4(581 585 679 678)
4(672 678 680 673)
4(557 581 678 672)
4(673 680 682 675)
4(675 682 683 676)
4(580 584 585 581)
4(578 582 584 580)
4(460 461 582 578)
4(556 580 581 557)
4(554 578 580 556)
4(449 460 578 554)
4(448 455 460 449)
4(455 459 461 460)
4(175 179 180 176)
4(458 175 176 459)
4(173 177 179 175)
4(171 172 177 173)
4(456 173 175 458)
4(451 171 173 456)
4(128 910 171 451)
4(910 914 172 171)
4(454 458 459 455)
4(452 456 458 454)
4(447 454 455 448)
4(445 452 454 447)
4(444 450 452 445)
4(450 451 456 452)
4(124 128 451 450)
4(38 124 450 444)
4(37 123 124 38)
4(123 127 128 124)
4(127 909 910 128)
4(909 913 914 910)
4(701 703 704 702)
4(907 911 913 909)
4(702 704 911 907)
4(125 907 909 127)
4(961 702 907 125)
4(695 699 703 701)
4(598 601 699 695)
4(956 695 701 960)
4(949 598 695 956)
4(960 701 702 961)
4(958 960 961 959)
4(952 956 960 958)
4(121 125 127 123)
4(959 961 125 121)
4(597 600 601 598)
4(948 597 598 949)
4(596 599 600 597)
4(947 596 597 948)
4(934 594 596 947)
4(594 595 599 596)
4(495 499 595 594)
4(770 495 594 934)
4(494 498 499 495)
4(488 491 498 494)
4(762 488 494 769)
4(769 494 495 770)
4(761 487 488 762)
4(487 490 491 488)
4(486 489 490 487)
4(760 486 487 761)
4(26 831 486 760)
4(831 832 489 486)
4(826 830 832 831)
4(24 826 831 26)
4(825 829 830 826)
4(818 822 829 825)
4(16 818 825 23)
4(23 825 826 24)
4(817 821 822 818)
4(815 819 821 817)
4(15 817 818 16)
4(13 815 817 15)
4(997 812 815 13)
4(812 814 819 815)
4(811 813 814 812)
4(996 811 812 997)
4(993 808 811 996)
4(808 810 813 811)
4(807 809 810 808)
4(317 321 809 807)
4(992 807 808 993)
4(636 317 807 992)
4(946 949 956 952)
4(942 958 959 943)
4(35 121 123 37)
4(943 959 121 35)
4(945 948 949 946)
4(937 946 952 940)
4(936 945 946 937)
4(940 952 958 942)
4(944 947 948 945)
4(933 934 947 944)
4(766 770 934 933)
4(890 933 944 935)
4(740 766 933 890)
4(935 944 945 936)
4(765 769 770 766)
4(759 762 769 765)
4(736 759 765 739)
4(739 765 766 740)
4(735 758 759 736)
4(758 761 762 759)
4(757 760 761 758)
4(734 757 758 735)
4(8 25 757 734)
4(25 26 760 757)
4(20 24 26 25)
4(7 20 25 8)
4(19 23 24 20)
4(12 16 23 19)
4(3 12 19 6)
4(6 19 20 7)
4(11 15 16 12)
4(9 13 15 11)
4(2 11 12 3)
4(0 9 11 2)
4(989 995 9 0)
4(995 997 13 9)
4(994 996 997 995)
4(988 994 995 989)
4(987 991 994 988)
4(991 993 996 994)
4(990 992 993 991)
4(632 636 992 990)
4(986 990 991 987)
4(608 632 990 986)
4(540 541 1163 1162)
4(540 1162 1159 535)
4(120 535 1159 1055)
4(118 120 1055 1053)
4(118 1053 1052 117)
4(112 117 1052 1051)
4(112 1051 1042 94)
4(92 94 1042 1040)
4(1024 92 1040 1229)
4(1024 1229 1228 1023)
4(1022 1023 1228 1227)
4(1022 1227 1224 983)
4(977 983 1224 1222)
4(977 1222 1221 976)
4(975 976 1221 1220)
4(975 1220 1073 234)
4(971 234 1073 1219)
4(971 1219 1218 970)
4(969 970 1218 1217)
4(969 1217 1214 963)
4(928 963 1214 1212)
4(928 1212 1211 927)
4(926 927 1211 1210)
4(926 1210 1199 904)
4(843 1192 1191 840)
4(844 904 1199 1193)
4(844 1193 1192 843)
4(838 840 1191 1189)
4(838 1189 1188 837)
4(513 1149 1148 512)
4(706 837 1188 1174)
4(706 1174 1149 513)
4(511 512 1148 1147)
4(511 1147 1144 505)
4(169 1056 1034 78)
4(170 505 1144 1057)
4(170 1057 1056 169)
4(76 78 1034 1032)
4(76 1032 1031 75)
4(75 1031 1028 68)
4(404 1111 1110 403)
4(61 1025 1111 404)
4(62 68 1028 1026)
4(62 1026 1025 61)
4(402 403 1110 1109)
4(402 1109 1106 396)
4(396 1106 1105 395)
4(395 1105 1089 312)
4(214 1064 1063 213)
4(217 1065 1064 214)
4(218 312 1089 1066)
4(218 1066 1065 217)
4(794 793 1397 1398)
4(790 1394 1397 793)
4(790 380 1307 1394)
4(380 378 1305 1307)
4(377 1304 1305 378)
4(377 376 1303 1304)
4(262 1284 1303 376)
4(262 260 1282 1284)
4(260 190 1274 1282)
4(189 1273 1274 190)
4(189 188 1272 1273)
4(185 1269 1272 188)
4(185 183 1267 1269)
4(182 1266 1267 183)
4(182 181 1265 1266)
4(467 1323 1265 181)
4(467 146 1264 1323)
4(145 1263 1264 146)
4(145 144 1262 1263)
4(141 1259 1262 144)
4(141 139 1257 1259)
4(138 1256 1257 139)
4(138 137 1255 1256)
4(32 1244 1255 137)
4(32 1004 1434 1244)
4(1003 1433 1434 1004)
4(1002 1432 1433 1003)
4(1002 1000 1430 1432)
4(999 1429 1430 1000)
4(999 998 1428 1429)
4(851 1405 1428 998)
4(850 1404 1405 851)
4(850 849 1403 1404)
4(846 1400 1403 849)
4(846 371 1302 1400)
4(370 1301 1302 371)
4(349 1300 1301 370)
4(349 347 1298 1300)
4(346 1297 1298 347)
4(343 1294 1297 346)
4(343 254 1276 1294)
4(253 1275 1276 254)
4(652 1356 1275 253)
4(651 1355 1356 652)
4(651 650 1354 1355)
4(647 1351 1354 650)
4(646 1350 1351 647)
4(603 1339 1350 646)
4(603 439 1311 1339)
4(438 1310 1311 439)
4(437 1309 1310 438)
4(436 1308 1309 437)
4(538 539 541 540)
4(805 806 539 538)
4(800 805 538 531)
4(531 538 540 535)
4(116 531 535 120)
4(390 800 531 116)
4(388 390 116 114)
4(114 116 120 118)
4(113 114 118 117)
4(111 113 117 112)
4(387 388 114 113)
4(90 111 112 94)
4(382 387 113 111)
4(286 382 111 90)
4(284 286 90 88)
4(88 90 94 92)
4(1021 88 92 1024)
4(210 284 88 1021)
4(1020 1021 1024 1023)
4(1019 1020 1023 1022)
4(209 210 1021 1020)
4(208 209 1020 1019)
4(202 208 1019 979)
4(979 1019 1022 983)
4(974 979 983 977)
4(196 202 979 974)
4(973 974 977 976)
4(972 973 976 975)
4(803 804 806 805)
4(793 794 804 803)
4(790 793 803 796)
4(796 803 805 800)
4(386 796 800 390)
4(380 790 796 386)
4(384 386 390 388)
4(383 384 388 387)
4(230 972 975 234)
4(968 230 234 971)
4(195 196 974 973)
4(194 195 973 972)
4(575 194 972 230)
4(192 193 196 195)
4(191 192 195 194)
4(193 198 202 196)
4(381 383 387 382)
4(282 381 382 286)
4(378 380 386 384)
4(377 378 384 383)
4(376 377 383 381)
4(262 376 381 282)
4(260 262 282 280)
4(280 282 286 284)
4(207 280 284 210)
4(190 260 280 207)
4(189 190 207 206)
4(206 207 210 209)
4(188 189 206 205)
4(185 188 205 198)
4(205 206 209 208)
4(198 205 208 202)
4(183 185 198 193)
4(182 183 193 192)
4(967 968 971 970)
4(166 575 230 968)
4(165 166 968 967)
4(966 967 970 969)
4(930 966 969 963)
4(925 930 963 928)
4(158 164 966 930)
4(152 158 930 925)
4(164 165 967 966)
4(571 191 194 575)
4(163 571 575 166)
4(181 182 192 191)
4(467 181 191 571)
4(146 467 571 163)
4(145 146 163 162)
4(162 163 166 165)
4(924 925 928 927)
4(151 152 925 924)
4(150 151 924 923)
4(56 150 923 900)
4(923 924 927 926)
4(900 923 926 904)
4(842 900 904 844)
4(1018 56 900 842)
4(1017 1018 842 841)
4(841 842 844 843)
4(836 841 843 840)
4(1014 1017 841 836)
4(161 162 165 164)
4(154 161 164 158)
4(149 154 158 152)
4(141 144 161 154)
4(139 141 154 149)
4(144 145 162 161)
4(834 836 840 838)
4(1012 1014 836 834)
4(833 834 838 837)
4(705 833 837 706)
4(510 705 706 513)
4(1006 1011 833 705)
4(873 1006 705 510)
4(1011 1012 834 833)
4(509 510 513 512)
4(508 509 512 511)
4(872 873 510 509)
4(871 872 509 508)
4(865 871 508 501)
4(501 508 511 505)
4(168 501 505 170)
4(443 865 501 168)
4(167 168 170 169)
4(74 167 169 78)
4(369 442 167 74)
4(442 443 168 167)
4(367 369 74 72)
4(72 74 78 76)
4(71 72 76 75)
4(366 367 72 71)
4(359 366 71 64)
4(64 71 75 68)
4(60 64 68 62)
4(353 359 64 60)
4(59 60 62 61)
4(401 59 61 404)
4(709 352 59 401)
4(352 353 60 59)
4(400 401 404 403)
4(399 400 403 402)
4(708 709 401 400)
4(707 708 400 399)
4(666 707 399 392)
4(392 399 402 396)
4(391 392 396 395)
4(665 666 392 391)
4(627 665 391 308)
4(308 391 395 312)
4(216 308 312 218)
4(549 627 308 216)
4(215 216 218 217)
4(212 215 217 214)
4(545 548 215 212)
4(548 549 216 215)
4(211 212 214 213)
4(544 545 212 211)
4(138 139 149 148)
4(148 149 152 151)
4(32 137 147 52)
4(137 138 148 147)
4(147 148 151 150)
4(52 147 150 56)
4(1016 52 56 1018)
4(1004 32 52 1016)
4(1003 1004 1016 1015)
4(1015 1016 1018 1017)
4(1010 1015 1017 1014)
4(1002 1003 1015 1010)
4(1008 1010 1014 1012)
4(1007 1008 1012 1011)
4(1000 1002 1010 1008)
4(1005 1007 1011 1006)
4(870 1005 1006 873)
4(998 999 1007 1005)
4(851 998 1005 870)
4(999 1000 1008 1007)
4(869 870 873 872)
4(868 869 872 871)
4(850 851 870 869)
4(849 850 869 868)
4(846 849 868 861)
4(861 868 871 865)
4(441 861 865 443)
4(371 846 861 441)
4(370 371 441 440)
4(440 441 443 442)
4(365 440 442 369)
4(349 370 440 365)
4(355 362 366 359)
4(363 365 369 367)
4(362 363 367 366)
4(347 349 365 363)
4(351 355 359 353)
4(343 346 362 355)
4(254 343 355 351)
4(346 347 363 362)
4(350 351 353 352)
4(671 350 352 709)
4(652 253 350 671)
4(253 254 351 350)
4(670 671 709 708)
4(669 670 708 707)
4(651 652 671 670)
4(650 651 670 669)
4(647 650 669 662)
4(662 669 707 666)
4(661 662 666 665)
4(646 647 662 661)
4(603 646 661 623)
4(623 661 665 627)
4(547 623 627 549)
4(439 603 623 547)
4(546 547 549 548)
4(543 546 548 545)
4(437 438 546 543)
4(438 439 547 546)
4(542 543 545 544)
4(436 437 543 542)
4(435 434 1126 1127)
4(536 435 1127 1160)
4(537 536 1160 1161)
4(541 537 1161 1163)
4(792 794 1398 1396)
4(791 792 1396 1395)
4(774 791 1395 1392)
4(773 774 1392 1391)
4(533 537 541 539)
4(802 533 539 806)
4(532 536 537 533)
4(431 435 536 532)
4(788 431 532 801)
4(801 532 533 802)
4(430 434 435 431)
4(787 430 431 788)
4(798 802 806 804)
4(792 798 804 794)
4(797 801 802 798)
4(784 788 801 797)
4(774 784 797 791)
4(791 797 798 792)
4(783 787 788 784)
4(773 783 784 774)
4(319 1092 1094 321)
4(305 1086 1092 319)
4(303 1084 1086 305)
4(213 1063 1084 303)
4(550 1326 1308 436)
4(552 1328 1326 550)
4(606 1342 1328 552)
4(608 1344 1342 606)
4(211 213 303 299)
4(299 303 305 301)
4(301 305 319 315)
4(315 319 321 317)
4(634 315 317 636)
4(620 301 315 634)
4(618 299 301 620)
4(544 211 299 618)
4(542 544 618 614)
4(614 618 620 616)
4(616 620 634 630)
4(630 634 636 632)
4(606 630 632 608)
4(552 616 630 606)
4(550 614 616 552)
4(436 542 614 550)
)


// ************************************************************************* //
