/*--------------------------------*- C++ -*----------------------------------*\
| =========                 |                                                 |
| \\      /  F ield         | OpenFOAM: The Open Source CFD Toolbox           |
|  \\    /   O peration     | Version:  2412                                  |
|   \\  /    A nd           | Website:  www.openfoam.com                      |
|    \\/     M anipulation  |                                                 |
\*---------------------------------------------------------------------------*/
FoamFile
{
    version     2.0;
    format      ascii;
    arch        "LSB;label=32;scalar=64";
    note        "nPoints:6550  nCells:3401  nFaces:13195  nInternalFaces:7211";
    class       labelList;
    location    "constant/claddingZone/polyMesh";
    object      neighbour;
}
// * * * * * * * * * * * * * * * * * * * * * * * * * * * * * * * * * * * * * //


7211
(
1
9
220
2
8
221
3
7
246
4
6
248
5
247
6
250
7
249
8
245
9
222
10
219
11
218
12
16
217
15
58
14
18
54
15
17
57
16
193
233
18
56
19
55
22
53
21
23
39
22
38
52
24
41
26
40
26
27
159
160
28
158
30
60
30
31
62
61
33
63
33
34
74
73
35
37
76
36
75
37
85
84
39
42
52
41
44
41
46
160
47
44
49
51
44
48
49
168
47
46
48
166
170
47
161
48
167
50
182
51
201
209
52
197
53
55
197
55
57
196
56
198
57
210
193
195
59
193
217
194
214
216
61
65
158
62
64
63
67
71
73
65
67
69
68
163
67
69
70
97
71
69
93
164
98
71
83
96
72
73
78
83
74
76
78
76
79
85
77
84
78
79
82
86
81
80
87
82
89
91
82
83
92
88
123
122
85
86
87
87
88
89
89
129
90
91
127
129
123
126
122
123
125
94
98
173
99
102
176
96
100
106
130
97
122
98
100
99
100
105
101
105
106
108
103
105
177
104
111
358
105
108
157
107
131
108
121
152
109
120
121
157
111
112
156
359
157
357
113
265
546
114
266
545
115
549
559
466
550
560
117
473
560
563
118
280
559
119
263
266
120
264
265
155
156
153
155
130
124
129
125
126
128
134
130
132
127
133
128
139
129
140
131
132
152
134
136
134
137
139
135
140
136
137
141
145
144
152
138
143
139
141
142
140
141
151
143
149
151
145
148
145
147
153
146
151
147
148
150
270
154
268
149
269
150
275
151
276
153
154
155
267
264
157
265
159
163
160
162
161
162
166
163
165
164
165
173
166
172
171
168
170
183
182
184
170
174
180
183
171
172
174
173
175
176
175
179
176
178
177
178
358
179
323
180
324
190
192
182
184
186
208
209
184
192
185
186
188
192
187
299
188
298
316
191
315
190
317
354
356
191
324
192
317
194
233
195
213
234
196
210
212
198
200
198
201
199
210
200
201
204
211
203
212
202
204
207
209
204
206
237
205
236
206
207
244
294
243
292
208
293
209
299
211
212
236
213
237
214
235
238
215
239
216
232
235
282
217
231
234
218
233
219
231
220
222
230
221
225
222
224
246
223
245
224
228
230
255
225
227
252
226
230
227
229
286
228
251
389
229
256
390
230
232
391
231
232
281
234
235
381
237
244
238
243
239
242
381
241
282
241
288
290
300
242
283
243
300
382
244
291
304
246
249
255
248
252
248
250
260
249
253
250
254
262
252
256
258
424
253
255
254
258
260
255
257
262
256
257
423
258
261
428
259
427
260
261
478
262
262
477
264
278
280
267
266
559
268
278
270
272
270
273
275
271
276
272
273
277
327
278
326
274
328
275
277
586
276
277
585
279
280
326
564
563
282
284
391
283
381
284
288
382
287
392
286
386
388
392
389
391
288
384
395
289
383
290
384
400
456
301
306
292
300
302
304
294
296
294
297
299
295
304
296
297
303
311
302
309
298
310
299
339
301
383
302
305
456
303
308
304
338
306
308
335
455
307
400
331
335
401
309
336
338
311
313
311
314
339
312
338
313
314
337
344
336
343
340
342
316
317
319
320
339
318
319
352
354
320
351
321
340
341
349
351
323
356
357
360
324
358
356
326
330
564
571
327
328
330
585
329
586
330
573
588
572
587
332
334
414
333
415
462
334
459
488
499
335
458
487
336
457
337
487
338
486
340
341
342
348
344
347
344
346
487
345
486
346
347
485
492
488
490
348
491
349
497
350
370
351
363
369
352
353
363
354
362
364
355
356
360
362
358
359
360
546
361
362
544
546
543
364
368
365
543
366
368
547
367
374
552
368
372
377
369
370
372
371
497
372
378
496
373
377
378
379
375
377
553
376
556
659
377
379
674
380
655
380
658
654
657
382
383
456
396
399
386
396
398
404
387
395
388
394
398
432
389
393
425
390
424
391
393
423
392
393
395
394
430
395
397
431
396
397
409
398
408
438
405
433
400
402
409
401
455
402
414
457
410
413
404
406
410
412
405
409
406
408
440
407
419
441
408
410
420
446
409
439
410
411
412
413
420
422
417
419
414
416
415
458
416
459
512
422
513
418
422
511
419
421
449
461
420
448
421
447
422
454
460
524
424
428
430
425
427
426
430
432
427
429
435
479
428
478
429
477
430
436
480
431
432
436
438
433
435
434
438
440
435
437
443
483
436
482
437
481
438
444
484
439
440
444
446
441
443
442
446
448
443
445
451
506
444
503
445
504
446
452
505
447
448
452
454
449
451
450
454
536
451
453
510
537
452
507
453
508
454
509
538
535
456
457
458
459
523
461
524
533
535
511
527
536
463
499
512
464
500
515
465
516
626
519
627
630
467
555
561
468
558
565
469
566
681
474
611
684
471
611
612
614
472
566
567
473
565
568
561
562
475
610
685
476
609
690
606
608
850
478
480
479
480
482
481
482
484
483
484
503
504
486
488
498
487
488
489
490
498
499
501
492
494
492
495
497
493
498
494
495
502
617
501
618
496
619
497
655
502
500
523
501
522
626
502
625
624
504
506
505
506
508
507
508
510
509
510
766
542
524
526
513
515
523
514
524
515
517
525
516
522
517
519
521
518
531
519
778
520
802
521
627
801
522
626
523
525
526
531
533
527
530
529
533
541
529
776
777
779
530
532
771
531
777
532
778
533
772
779
534
535
539
541
772
536
538
537
541
538
540
542
539
766
540
767
773
541
768
770
771
766
768
544
547
545
548
546
549
548
552
549
551
550
551
555
552
554
553
554
556
555
557
558
557
679
558
680
681
560
561
565
563
568
570
564
570
566
611
568
584
612
569
570
576
584
571
572
576
573
575
590
574
589
575
579
592
576
578
591
577
578
582
584
579
581
594
580
593
581
596
598
582
595
599
583
600
584
612
691
586
587
588
588
590
589
590
592
591
592
594
593
594
596
595
596
693
597
598
604
693
599
603
600
602
693
601
691
602
692
695
603
694
604
694
606
712
717
856
607
853
608
700
712
609
699
610
615
611
614
613
614
616
691
615
616
699
692
698
618
619
622
624
621
625
620
655
622
647
654
622
628
645
623
648
624
628
651
625
626
628
627
628
652
629
643
645
651
652
631
652
802
633
653
803
633
634
799
805
798
804
635
810
818
636
811
817
637
812
831
784
813
830
639
821
823
829
831
640
761
817
820
641
758
818
819
642
753
799
800
643
750
752
798
644
650
653
645
649
752
648
647
649
749
756
648
656
649
651
650
751
651
750
653
801
798
808
655
656
657
749
658
671
672
674
660
674
679
661
673
682
662
675
687
663
678
688
664
735
848
665
734
851
666
733
854
728
732
857
668
737
739
763
669
736
746
670
677
747
671
676
748
672
749
673
676
674
675
676
678
677
678
736
735
680
682
681
683
684
683
687
684
686
685
686
690
687
689
688
689
848
690
849
850
692
697
694
696
697
702
706
698
702
699
701
700
701
705
702
704
703
704
706
708
705
709
710
712
707
708
714
709
764
710
723
711
722
712
717
721
714
715
765
764
716
882
883
893
718
859
719
721
862
720
727
865
721
725
874
722
723
725
724
764
725
765
875
726
874
875
877
868
872
874
729
731
860
730
794
863
731
744
793
732
742
733
741
734
738
735
737
736
737
738
739
741
740
832
741
743
833
742
743
744
745
843
745
792
791
842
747
757
763
748
755
749
756
751
800
752
754
756
753
754
758
755
759
800
756
757
759
762
759
761
760
819
761
762
820
822
823
763
824
832
765
882
767
768
781
769
770
781
783
771
773
775
772
776
773
780
774
781
775
780
782
776
783
780
778
779
780
782
783
785
847
935
787
846
936
787
938
967
972
937
966
789
924
926
962
790
927
963
791
796
948
792
949
793
796
794
797
795
866
797
869
919
797
927
928
799
807
806
818
819
802
808
803
804
808
805
807
806
810
807
809
808
810
816
818
811
812
816
813
815
814
935
815
830
934
816
831
817
818
831
820
821
822
828
823
824
827
826
825
832
827
833
837
827
829
836
828
838
829
834
830
835
831
847
833
843
835
838
844
836
845
847
838
840
838
841
843
839
840
841
844
952
845
951
842
950
843
949
845
964
846
965
847
941
966
934
849
851
850
852
853
852
854
853
855
856
855
857
856
858
859
858
860
859
861
862
861
863
862
864
865
864
866
865
867
868
867
869
868
870
871
870
944
871
943
872
942
873
880
874
877
881
876
882
877
883
885
878
881
885
887
880
888
890
947
881
942
888
883
884
885
893
895
886
887
895
905
888
892
889
890
892
903
891
1065
903
909
1068
902
905
894
895
896
906
897
906
898
907
899
914
915
916
901
911
912
982
902
908
913
903
904
908
905
907
913
906
907
914
909
911
910
1071
911
917
1074
983
913
915
981
914
915
1128
1128
1130
918
983
1155
984
987
1156
920
928
944
921
929
945
922
930
1063
931
996
1066
924
932
1000
1036
925
1037
926
930
932
927
929
928
929
930
931
932
999
933
999
1000
1002
935
941
936
937
941
938
940
939
976
940
967
1062
941
966
943
947
944
946
945
946
1063
947
1064
1065
949
955
963
950
952
955
952
954
965
953
964
954
955
959
969
958
968
956
959
961
963
958
960
1008
1013
959
971
960
970
961
1007
1014
962
1015
963
1037
965
969
966
968
967
968
1010
969
971
970
971
1007
1008
1010
973
976
1010
974
977
1009
975
978
1039
979
1020
1040
977
1062
978
1061
979
1060
1059
1282
981
985
991
1129
982
1128
983
985
984
985
992
986
989
991
992
988
992
1161
993
995
1160
990
993
1124
991
1123
1195
1166
993
994
995
1124
1127
1125
1163
997
999
1069
998
1072
1076
999
1002
1075
1001
1035
1002
1006
1034
1003
1004
1006
1075
1005
1078
1087
1006
1080
1086
1079
1008
1011
1009
1012
1010
1039
1061
1062
1012
1014
1038
1013
1019
1039
1014
1018
1015
1017
1016
1037
1017
1029
1036
1018
1030
1038
1019
1028
1027
1038
1040
1021
1041
1282
1022
1044
1283
1023
1045
1284
1054
1115
1285
1025
1051
1053
1054
1251
1026
1045
1046
1048
1027
1032
1043
1044
1028
1041
1042
1030
1032
1030
1033
1035
1031
1042
1032
1033
1043
1047
1048
1034
1049
1035
1079
1036
1037
1042
1040
1060
1041
1059
1044
1058
1043
1046
1045
1057
1054
1056
1047
1053
1048
1049
1052
1051
1050
1079
1052
1080
1082
1052
1100
1053
1099
1252
1055
1250
1056
1285
1290
1057
1284
1058
1283
1059
1282
1060
1061
1062
1064
1066
1065
1067
1068
1067
1069
1068
1070
1071
1070
1072
1071
1073
1074
1073
1154
1074
1153
1155
1076
1078
1077
1154
1078
1089
1157
1088
1080
1081
1082
1086
1104
1099
1103
1084
1097
1112
1267
1085
1093
1105
1086
1092
1104
1087
1088
1092
1089
1091
1090
1158
1091
1095
1159
1092
1094
1093
1094
1097
1095
1098
1096
1162
1098
1131
1165
1098
1134
1268
1100
1102
1252
1101
1251
1102
1108
1254
1103
1107
1253
1104
1106
1105
1106
1112
1107
1111
1108
1110
1256
1109
1255
1110
1258
1260
1111
1257
1261
1112
1114
1113
1114
1265
1267
1261
1264
1116
1250
1286
1117
1249
1287
1118
1248
1288
1119
1247
1289
1120
1246
1417
1121
1245
1418
1242
1244
1419
1123
1126
1181
1193
1124
1194
1126
1127
1140
1164
1127
1182
1183
1129
1130
1166
1167
1132
1268
1274
1137
1269
1277
1134
1136
1266
1269
1267
1268
1136
1271
1272
1430
1270
1273
1138
1273
1278
1139
1272
1281
1431
1436
1438
1141
1183
1275
1142
1184
1276
1143
1187
1279
1191
1198
1280
1145
1280
1281
1439
1146
1278
1279
1147
1276
1277
1148
1274
1275
1149
1164
1165
1150
1162
1163
1151
1159
1160
1152
1158
1161
1153
1156
1157
1154
1155
1157
1156
1161
1158
1159
1162
1161
1163
1165
1164
1275
1274
1167
1195
1170
1169
1223
1230
1231
1234
1297
1171
1195
1173
1194
1173
1174
1176
1213
1179
1193
1175
1178
1176
1177
1222
1178
1220
1222
1213
1219
1192
1211
1213
1181
1185
1188
1214
1182
1192
1183
1185
1184
1185
1187
1186
1187
1188
1190
1191
1189
1215
1190
1205
1229
1191
1197
1206
1193
1214
1194
1195
1197
1204
1207
1209
1205
1206
1199
1206
1440
1200
1207
1441
1201
1208
1445
1319
1321
1446
1203
1210
1318
1326
1204
1209
1305
1205
1304
1291
1207
1208
1209
1319
1210
1319
1323
1212
1214
1216
1213
1217
1219
1221
1222
1215
1216
1229
1217
1228
1218
1225
1227
1219
1224
1295
1220
1221
1224
1222
1225
1224
1233
1297
1225
1296
1226
1227
1296
1300
1228
1293
1295
1229
1292
1291
1231
1233
1232
1378
1233
1297
1404
1235
1298
1378
1236
1311
1379
1237
1312
1380
1238
1344
1381
1239
1345
1385
1240
1388
1540
1241
1397
1541
1398
1552
1577
1243
1413
1420
1244
1368
1421
1459
1245
1357
1422
1246
1356
1423
1247
1259
1416
1248
1258
1410
1249
1255
1409
1250
1254
1408
1251
1290
1252
1254
1253
1254
1256
1255
1256
1258
1257
1258
1354
1259
1260
1354
1356
1261
1263
1262
1354
1263
1264
1355
1360
1356
1358
1265
1359
1266
1365
1267
1270
1269
1273
1271
1365
1364
1429
1273
1431
1277
1276
1279
1278
1281
1280
1440
1438
1283
1284
1285
1286
1287
1290
1288
1408
1289
1409
1410
1417
1408
1292
1304
1293
1303
1294
1300
1302
1295
1299
1309
1296
1297
1299
1298
1299
1311
1404
1300
1310
1301
1302
1310
1314
1303
1307
1309
1304
1306
1305
1306
1318
1307
1317
1308
1314
1316
1309
1313
1342
1310
1311
1313
1312
1405
1313
1344
1406
1314
1343
1315
1316
1343
1347
1317
1342
1348
1318
1340
1339
1320
1321
1323
1325
1324
1526
1323
1325
1327
1329
1326
1325
1331
1531
1334
1327
1339
1328
1338
1329
1335
1337
1330
1334
1333
1335
1377
1332
1334
1534
1333
1370
1537
1334
1564
1336
1563
1337
1547
1562
1338
1544
1339
1350
1340
1348
1350
1342
1346
1348
1351
1343
1344
1346
1345
1407
1346
1538
1540
1347
1352
1348
1353
1349
1350
1351
1353
1545
1544
1352
1543
1353
1540
1542
1551
1355
1356
1366
1357
1358
1366
1368
1360
1362
1360
1363
1365
1361
1366
1362
1363
1367
1454
1368
1455
1364
1412
1365
1411
1367
1368
1460
1369
1455
1457
1459
1460
1371
1564
1681
1373
1565
1682
1373
1569
1583
1686
1568
1685
1375
1569
1570
1582
1376
1567
1568
1377
1565
1566
1563
1564
1379
1404
1380
1405
1381
1406
1385
1407
1383
1389
1393
1402
1624
1384
1392
1389
1391
1386
1388
1538
1387
1391
1388
1390
1396
1397
1539
1390
1400
1391
1393
1395
1392
1393
1394
1403
1395
1622
1624
1626
1396
1400
1621
1397
1399
1398
1554
1399
1553
1608
1609
1621
1620
1624
1635
1637
1403
1625
1626
1405
1406
1407
1538
1409
1410
1416
1412
1429
1451
1452
1454
1414
1459
1462
1415
1458
1463
1464
1466
1476
1417
1423
1418
1419
1423
1420
1422
1421
1462
1422
1481
1423
1425
1496
1513
1515
1426
1497
1499
1427
1480
1500
1428
1434
1479
1429
1433
1451
1430
1431
1433
1432
1433
1436
1450
1434
1450
1500
1436
1444
1448
1450
1437
1438
1442
1444
1439
1440
1442
1441
1442
1445
1443
1444
1445
1447
1525
1446
1447
1526
1525
1527
1449
1501
1525
1450
1498
1500
1452
1479
1453
1470
1454
1456
1461
1469
1455
1460
1456
1457
1468
1458
1461
1467
1459
1476
1482
1481
1461
1477
1463
1481
1464
1482
1465
1483
1466
1485
1486
1475
1484
1468
1474
1476
1477
1469
1473
1470
1472
1477
1471
1479
1472
1480
1491
1473
1478
1492
1474
1490
1475
1478
1489
1476
1486
1488
1483
1478
1522
1480
1497
1482
1483
1486
1485
1488
1487
1487
1488
1489
1490
1522
1524
1492
1494
1492
1495
1497
1493
1522
1494
1495
1523
1640
1505
1524
1496
1641
1497
1647
1499
1501
1516
1500
1515
1502
1528
1503
1516
1529
1504
1517
1532
1506
1518
1535
1638
1640
1644
1507
1521
1680
1508
1659
1683
1509
1666
1684
1667
1671
1687
1511
1657
1660
1665
1512
1520
1658
1513
1519
1648
1514
1647
1515
1517
1519
1516
1517
1518
1519
1521
1520
1521
1660
1659
1523
1524
1639
1638
1528
1527
1531
1528
1530
1529
1530
1532
1531
1533
1534
1533
1535
1534
1536
1537
1536
1680
1537
1679
1681
1539
1540
1554
1541
1542
1552
1554
1543
1549
1551
1545
1548
1545
1547
1546
1551
1547
1548
1550
1556
1557
1549
1558
1550
1552
1576
1551
1555
1553
1709
1554
1710
1556
1574
1576
1557
1558
1561
1560
1562
1559
1576
1561
1575
1593
1561
1573
1594
1574
1595
1563
1573
1566
1565
1568
1567
1573
1570
1572
1569
1587
1571
1581
1572
1597
1733
1573
1594
1575
1707
1576
1592
1708
1709
1578
1608
1709
1579
1611
1708
1590
1612
1717
1581
1585
1734
1740
1582
1733
1585
1587
1584
1587
1705
1586
1589
1706
1586
1741
1587
1588
1589
1741
1760
1742
1843
1605
1613
1716
1592
1598
1716
1732
1736
1593
1707
1717
1595
1598
1595
1597
1596
1707
1597
1598
1601
1732
1600
1599
1601
1604
1736
1601
1603
1733
1602
1735
1603
1604
1738
1756
1734
1755
1737
1754
1606
1715
1767
1607
1714
1770
1711
1713
1782
1609
1611
1710
1610
1720
1611
1615
1725
1612
1719
1613
1615
1718
1614
1765
1767
1615
1731
1768
1726
1617
1729
1731
1775
1618
1726
1728
1619
1723
1725
1620
1720
1722
1621
1623
1622
1720
1623
1631
1721
1624
1630
1722
1625
1626
1628
1630
1627
1631
1628
1632
1634
1629
1635
1630
1632
1636
1871
1631
1868
1632
1867
1633
1872
1634
1636
1883
1635
1636
1637
1870
1884
1639
1645
1640
1646
1641
1643
1642
1647
1643
1648
1652
1644
1646
1653
1645
1651
1646
1650
1649
1648
1658
1650
1653
1662
1651
1663
1653
1655
1653
1656
1658
1654
1655
1656
1662
1663
1657
1658
1664
1660
1666
1661
1665
1666
1668
1663
1665
1689
1688
1667
1668
1694
1670
1688
1670
1692
1695
1697
1693
1694
1672
1694
1704
1673
1695
1703
1696
1699
1702
1675
1701
1703
1706
1676
1704
1705
1677
1686
1687
1678
1684
1685
1679
1682
1683
1680
1681
1683
1682
1685
1684
1687
1686
1705
1704
1689
1693
1839
1691
1698
1840
1852
1692
1697
1841
1693
1838
1839
1695
1696
1697
1842
1698
1842
1851
1842
1845
1847
1701
1844
1845
2074
1702
1843
1703
1845
1704
1706
1843
1732
1709
1717
1719
1710
1719
1712
1743
1785
1713
1750
1752
1793
1714
1753
1792
1715
1737
1791
1716
1736
1766
1717
1765
1718
1719
1765
1721
1725
1722
1724
1867
1723
1868
1724
1728
1875
1725
1727
1874
1726
1727
1731
1728
1730
1891
1729
1878
1730
1774
1893
1731
1777
1892
1776
1735
1734
1739
1736
1738
1737
1738
1753
1763
1740
1755
1762
1741
1761
1759
1760
1798
1844
1744
1750
1931
1745
1749
1930
1746
1748
1955
1747
1954
1972
1748
1969
1988
2021
1749
1966
1989
1750
1965
1990
1751
1962
1752
1809
1963
1965
1753
1764
1808
1754
1763
1756
1808
1756
1758
1757
1763
1758
1764
1808
1810
1762
1807
1760
1761
1796
1799
1762
1795
1794
1764
1963
1766
1767
1791
1768
1770
1769
1776
1770
1779
1783
1782
1791
1772
1786
1790
1915
1927
1773
1781
1789
1912
1774
1778
1780
1903
1775
1777
1896
1776
1780
1777
1779
1778
1901
1779
1789
1902
1780
1788
1781
1786
1788
1783
1785
1792
1784
1788
1785
1787
1932
1793
1931
1787
1928
1788
1790
1935
1789
1790
1917
1916
1936
1792
1793
1962
1795
1805
1807
1796
1804
1799
1801
1798
1800
1820
2077
1799
2073
1800
1801
1819
1804
1824
1803
1823
1831
1834
1804
1824
1832
1805
1806
1832
1807
1811
1813
1810
1809
1810
1812
1811
1963
1812
1814
1964
1815
1965
1814
1817
1832
1815
1818
1967
1816
1966
1818
1969
1971
1818
1831
1999
1968
2000
1820
1822
1824
1821
2080
1822
1826
2083
1823
1830
1824
1825
1828
1830
1834
1827
1830
2086
1829
1836
2089
1829
1835
1992
1830
1991
1832
1833
1834
1999
2019
1835
1993
2019
1837
1991
2101
2012
2017
2104
1839
1841
1841
1863
1850
1844
2073
1846
1847
2074
2076
1848
1850
1849
1856
2076
1850
1854
1859
1851
1852
1854
1853
1863
1854
1860
1864
1855
1859
1860
1861
1857
1859
2078
1858
2055
2081
1859
1861
2063
1862
1866
1862
2054
1865
2062
1864
1866
1866
2061
1868
1872
1874
1871
1875
1870
1876
1880
1882
1885
1871
1883
1884
1872
1876
1873
1883
1874
1876
1882
1890
1875
1891
1876
1878
1877
1878
1880
1890
1894
1891
1893
1880
1887
1888
1894
1898
1881
1886
1882
1888
1890
1883
1885
1886
1887
1907
1889
1899
1890
1892
1894
1900
1891
1892
1893
1901
1894
1896
1895
1896
1898
1900
1904
1901
1903
1898
1904
1906
1908
1910
1899
1907
1900
1906
1901
1905
1902
1903
1905
1917
1904
1912
1905
1911
1906
1918
1921
1908
1909
1910
1922
1911
1913
1921
1912
1914
1918
1915
1917
1914
1920
1922
1924
1915
1919
1925
1916
1926
1917
1919
1945
1918
1919
1921
1920
1946
1921
1949
1923
1924
1941
1950
1925
1949
1951
1926
1942
1946
1927
1943
1945
1928
1936
1938
1929
1935
1934
1938
1940
1931
1933
1955
1990
1932
1962
1933
1935
1934
1956
1935
1937
1959
1936
1937
1945
1938
1944
1960
1939
1943
1940
1952
1960
2026
1953
1959
2341
1943
1947
1951
2027
1944
2026
1945
1947
2025
1946
1947
1949
1948
2028
1949
1951
2035
1951
2036
2341
2034
1953
1961
2031
2144
1958
2141
1955
1957
1976
1988
1956
1989
1957
1959
1958
1977
1959
1961
2142
1960
1961
2025
2030
2143
1990
1964
1965
1967
1966
1967
1969
1968
1969
2020
1970
1971
2020
2021
2023
2000
2002
1973
1976
2021
1974
1979
2022
1975
1980
2122
1983
2038
2125
1977
1979
1987
1978
2142
1979
1981
2147
1980
1986
1981
1983
1985
1982
2148
1983
2153
2196
1984
2195
1985
2125
2230
1986
2122
1987
2022
1988
2021
1989
1990
1992
2017
1993
1995
1994
2018
1995
2046
2119
2017
2047
1997
2005
2007
2119
1998
2004
2018
1999
2001
2019
2000
2001
2020
2002
2004
2024
2003
2023
2004
2006
2121
2005
2120
2006
2008
2123
2009
2124
2008
2011
2118
2009
2128
2130
2010
2127
2130
2160
2164
2042
2130
2155
2014
2016
2107
2014
2050
2111
2289
2015
2110
2016
2048
2111
2017
2047
2019
2119
2024
2022
2023
2122
2024
2121
2120
2026
2028
2030
2027
2031
2028
2032
2034
2029
2035
2030
2032
2204
2222
2031
2203
2032
2202
2033
2205
2034
2037
2220
2222
2035
2036
2222
2037
2342
2221
2343
2039
2126
2195
2040
2165
2194
2041
2166
2193
2169
2190
2192
2154
2157
2159
2044
2113
2156
2178
2045
2049
2154
2046
2048
2155
2047
2118
2048
2049
2111
2113
2112
2116
2290
2052
2068
2069
2091
2053
2066
2067
2054
2064
2065
2062
2063
2056
2063
2084
2057
2064
2087
2058
2067
2099
2059
2068
2102
2060
2093
2105
2094
2097
2108
2062
2072
2065
2064
2067
2066
2072
2069
2071
2068
2093
2070
2092
2071
2131
2072
2074
2077
2075
2076
2077
2079
2078
2080
2079
2081
2080
2082
2083
2082
2084
2083
2085
2086
2085
2087
2086
2088
2089
2088
2099
2089
2100
2101
2091
2094
2095
2133
2092
2093
2095
2131
2094
2134
2096
2132
2133
2135
2410
2098
2134
2288
2136
2269
2291
2100
2102
2101
2103
2104
2103
2105
2104
2106
2107
2106
2108
2107
2109
2110
2109
2288
2110
2287
2289
2112
2113
2117
2114
2117
2178
2238
2116
2237
2239
2294
2117
2293
2239
2119
2155
2121
2123
2122
2124
2125
2124
2128
2125
2127
2126
2127
2165
2230
2128
2164
2129
2130
2164
2167
2159
2132
2410
2134
2268
2269
2268
2271
2411
2137
2270
2292
2277
2279
2295
2139
2151
2153
2200
2140
2148
2150
2141
2145
2147
2142
2144
2143
2147
2144
2146
2203
2145
2202
2146
2150
2201
2147
2149
2208
2148
2149
2153
2150
2152
2209
2151
2210
2152
2211
2234
2153
2212
2233
2199
2155
2156
2157
2179
2158
2180
2159
2161
2168
2181
2160
2167
2161
2163
2162
2172
2163
2168
2169
2171
2164
2166
2167
2165
2166
2231
2169
2335
2168
2187
2170
2360
2171
2188
2190
2361
2172
2185
2187
2181
2184
2174
2318
2323
2508
2175
2262
2319
2176
2242
2261
2177
2241
2246
2178
2238
2245
2179
2180
2245
2181
2183
2182
2187
2183
2184
2186
2249
2245
2247
2185
2248
2186
2188
2254
2187
2255
2189
2256
2362
2190
2257
2350
2191
2192
2348
2350
2361
2193
2337
2360
2194
2335
2336
2195
2197
2231
2196
2230
2197
2199
2198
2336
2199
2232
2236
2339
2200
2233
2234
2236
2202
2206
2208
2210
2203
2205
2204
2208
2205
2207
2223
2206
2220
2207
2215
2219
2208
2214
2224
2209
2210
2212
2214
2211
2215
2212
2216
2365
2213
2364
2214
2216
2229
2367
2215
2228
2216
2218
2217
2366
2218
2227
2229
2383
2219
2226
2228
2220
2224
2225
2221
2223
2225
2344
2223
2224
2228
2226
2345
2227
2346
2347
2384
2229
2382
2231
2335
2233
2235
2358
2363
2234
2364
2235
2365
2236
2357
2370
2340
2240
2243
2296
2239
2241
2240
2241
2244
2242
2244
2319
2244
2299
2308
2320
2246
2247
2261
2249
2251
2249
2252
2254
2250
2255
2251
2252
2260
2326
2261
2263
2253
2327
2254
2259
2260
2330
2255
2256
2260
2257
2259
2409
2258
2351
2259
2264
2407
2332
2408
2331
2262
2263
2508
2324
2326
2265
2332
2467
2266
2333
2468
2480
2482
2484
2268
2270
2271
2276
2269
2270
2277
2272
2412
2274
2276
2413
2274
2301
2415
2417
2275
2414
2276
2278
2301
2277
2278
2279
2300
2281
2297
2281
2304
2306
2416
2298
2300
2283
2298
2299
2305
2284
2296
2297
2285
2294
2295
2286
2292
2293
2287
2290
2291
2288
2289
2291
2290
2293
2292
2295
2294
2296
2297
2299
2298
2306
2307
2301
2416
2302
2303
2416
2417
2418
2419
2421
2419
2423
2495
2306
2307
2496
2495
2308
2497
2309
2320
2310
2321
2497
2311
2322
2498
2313
2503
2504
2313
2550
2605
2692
2549
2687
2315
2550
2551
2604
2316
2549
2552
2317
2504
2505
2318
2322
2323
2319
2321
2320
2321
2322
2504
2505
2507
2325
2488
2508
2326
2328
2334
2487
2327
2331
2328
2330
2329
2486
2330
2333
2334
2485
2331
2332
2334
2333
2509
2484
2510
2494
2360
2337
2339
2338
2348
2339
2355
2359
2396
2340
2358
2355
2357
2342
2343
2344
2345
2346
2347
2436
2349
2396
2350
2352
2397
2351
2362
2352
2407
2409
2402
2406
2354
2397
2399
2401
2355
2394
2396
2356
2357
2359
2376
2394
2358
2371
2359
2372
2377
2395
2361
2362
2409
2364
2368
2370
2372
2365
2367
2366
2370
2367
2369
2383
2368
2382
2369
2373
2381
2370
2374
2386
2371
2372
2374
2376
2373
2377
2374
2378
2380
2375
2387
2376
2378
2390
2392
2377
2393
2378
2440
2379
2441
2380
2390
2454
2381
2387
2382
2386
2383
2384
2386
2385
2436
2386
2388
2437
2387
2388
2390
2389
2438
2390
2439
2455
2391
2392
2446
2454
2455
2393
2441
2445
2394
2440
2444
2395
2399
2396
2398
2440
2397
2398
2402
2399
2403
2443
2400
2444
2401
2403
2460
2464
2402
2465
2403
2405
2404
2459
2405
2464
2473
2520
2406
2465
2472
2407
2466
2408
2467
2409
2509
2411
2412
2413
2414
2415
2435
2419
2418
2435
2430
2434
2420
2421
2423
2429
2422
2430
2429
2431
2450
2424
2500
2425
2429
2501
2426
2428
2689
2427
2663
2690
2428
2451
2670
2429
2450
2431
2433
2432
2449
2433
2448
2434
2435
2437
2438
2439
2511
2441
2443
2442
2454
2443
2445
2453
2458
2444
2459
2445
2460
2446
2461
2453
2456
2516
2448
2452
2702
2449
2450
2452
2451
2452
2669
2668
2454
2457
2456
2511
2512
2515
2458
2516
2518
2459
2461
2519
2460
2520
2461
2463
2462
2516
2463
2517
2519
2523
2464
2520
2522
2465
2474
2471
2467
2469
2472
2468
2509
2469
2480
2510
2477
2479
2471
2475
2477
2541
2472
2474
2473
2477
2474
2476
2521
2475
2522
2476
2527
2540
2477
2526
2539
2478
2479
2539
2541
2543
2480
2542
2481
2547
2482
2542
2548
2587
2483
2553
2484
2492
2548
2569
2485
2547
2486
2492
2494
2487
2491
2488
2490
2494
2489
2507
2490
2506
2560
2491
2493
2561
2492
2562
2493
2568
2494
2567
2496
2500
2497
2499
2498
2499
2503
2500
2502
2501
2502
2689
2503
2688
2687
2549
2506
2552
2507
2565
2508
2510
2547
2512
2514
2514
2757
2759
2763
2515
2758
2516
2532
2517
2518
2530
2532
2519
2531
2520
2524
2521
2522
2524
2526
2523
2527
2524
2528
2530
2525
2531
2526
2528
2535
2537
2527
2538
2528
2707
2529
2706
2530
2534
2535
2713
2531
2533
2535
2533
2758
2534
2772
2714
2775
2536
2537
2711
2713
2538
2706
2710
2539
2707
2709
2540
2546
2541
2545
2707
2544
2543
2588
2544
2546
2724
2545
2598
2546
2708
2728
2709
2723
2548
2586
2550
2609
2552
2566
2603
2565
2554
2569
2587
2555
2572
2590
2556
2573
2591
2582
2592
2599
2558
2577
2611
2613
2559
2576
2610
2560
2564
2566
2561
2565
2562
2564
2567
2563
2568
2564
2571
2575
2570
2576
2566
2610
2568
2570
2569
2571
2572
2586
2571
2581
2572
2574
2573
2585
2574
2582
2584
2575
2579
2581
2576
2578
2577
2581
2578
2580
2615
2579
2614
2580
2582
2620
2581
2621
2583
2622
2584
2592
2755
2585
2591
2586
2590
2587
2588
2590
2589
2724
2590
2594
2725
2591
2592
2594
2593
2744
2594
2737
2745
2736
2596
2737
2739
2855
2597
2736
2740
2598
2725
2727
2724
2728
2622
2624
2744
2601
2636
2638
2654
2602
2612
2639
2603
2607
2611
2604
2610
2607
2609
2606
2609
2693
2608
2631
2698
2608
2639
2609
2640
2611
2612
2613
2654
2615
2617
2615
2618
2620
2616
2621
2617
2618
2653
2656
2630
2654
2619
2629
2620
2623
2628
2656
2621
2622
2656
2623
2755
2624
2627
2754
2626
2747
2626
2662
2751
2842
2627
2748
2628
2753
2842
2629
2657
2659
2653
2660
2651
2653
2655
2632
2640
2794
2633
2641
2795
2634
2642
2800
2643
2646
2801
2636
2644
2650
2841
2637
2655
2638
2642
2644
2639
2641
2640
2641
2642
2643
2644
2649
2645
2649
2650
2830
2647
2649
2810
2648
2813
2833
2649
2830
2832
2831
2840
2652
2841
2847
2653
2658
2660
2846
2657
2655
2841
2657
2658
2659
2845
2660
2842
2844
2661
2844
2846
2849
2741
2843
2992
2664
2670
2695
2671
2674
2696
2666
2680
2683
2699
2667
2673
2700
2668
2672
2701
2669
2702
2670
2672
2671
2672
2682
2673
2680
2682
2675
2682
2792
2676
2681
2797
2677
2686
2798
2685
2803
2807
2679
2684
2685
2805
2680
2683
2686
2681
2682
2686
2684
2815
2814
2818
2686
2804
2688
2692
2689
2691
2690
2691
2695
2692
2694
2693
2694
2698
2695
2697
2696
2697
2792
2698
2793
2794
2700
2815
2701
2702
2704
2718
2730
2732
2876
2705
2717
2721
2729
2706
2708
2710
2712
2707
2713
2708
2709
2729
2710
2722
2711
2721
2712
2720
2713
2715
2717
2714
2715
2786
2716
2789
2717
2886
2891
2718
2720
2719
2884
2891
2720
2732
2885
2721
2722
2732
2723
2729
2731
2724
2726
2728
2725
2726
2736
2727
2731
2735
2728
2730
2740
2729
2730
2731
2875
2732
2734
2733
2734
2876
2878
2885
2735
2875
2879
2736
2738
2740
2737
2738
2854
2739
2857
2879
2740
2856
2874
2875
2742
2853
2993
2743
3004
3076
3005
3040
3079
2745
2747
2755
2746
2854
2747
2749
2859
2748
2754
2749
2751
2753
2750
2864
2751
2867
2991
2752
2992
2753
2842
3083
2754
2755
2757
2761
2763
2760
2759
2772
2760
2762
2771
2761
2773
2762
2765
2779
2763
2764
2770
2765
2769
2780
2767
2923
2927
2939
2768
2926
2769
2923
2925
2770
2780
2782
2771
2777
2779
2772
2773
2776
2775
2774
2779
2776
2778
2787
2776
2786
2777
2785
2778
2782
2784
2779
2781
2917
2780
2781
2925
2782
2918
2924
2783
2923
2784
2918
2920
2922
2785
2791
2917
2786
2787
2790
2789
2788
2917
2790
2888
2916
2790
2886
2791
2887
2916
2920
2936
2793
2797
2794
2796
2795
2796
2800
2797
2799
2798
2799
2803
2800
2802
2801
2802
2810
2803
2809
2808
2805
2807
2821
2818
2820
2807
2811
2821
2825
2808
2809
2811
2810
2812
2813
2812
2826
2813
2827
3070
2815
2817
2817
2819
3055
2818
2819
2820
3054
2821
2823
2822
2823
2825
3051
3052
3054
2825
3041
3051
3073
2826
2827
3073
3070
3072
2829
2835
2836
3016
2830
2832
2837
2831
2837
2839
2833
2835
2834
3070
2835
3017
3071
3021
2837
3015
3036
2838
2839
3031
3036
2840
2848
2841
2847
2843
2844
2853
3083
2845
2852
2846
2851
2847
2850
2848
2850
3031
2850
2852
3032
2851
3030
2852
3074
2853
3075
3076
3082
2855
2857
2859
2856
2860
2857
2861
2873
2858
2880
2859
2861
2865
2895
2860
2864
2861
2863
2862
2872
2863
2865
2869
2871
2864
2868
2865
2867
2866
2906
2867
2869
2907
2998
2868
2997
2869
2990
2870
2989
2871
2907
2909
2988
2872
2906
2910
2873
2895
2897
2874
2880
2882
2875
2877
2879
2876
2877
2884
2878
2882
2883
2879
2881
2894
2880
2881
2895
2882
2896
2902
2897
2899
2884
2893
2894
2899
2885
2892
2894
2887
2890
2888
2934
2936
2889
2945
2932
2934
2946
2891
2931
2934
2892
2893
2931
2901
2930
2902
2896
2906
2897
2903
2905
2898
2910
2899
2900
2903
2913
2901
2902
2901
2912
3286
2983
2903
2904
2905
2913
2915
2906
2908
2910
2907
2908
3182
2909
2915
3183
2910
2914
2987
2913
2912
2914
2985
3284
2913
3285
2914
2915
2986
3186
2917
2919
2945
2918
2919
2937
2920
2942
2944
2921
2949
2922
2940
2942
2950
2923
2937
2939
2924
2925
2927
2937
2926
2927
2929
2928
2938
2929
2951
2931
2973
2983
2933
2933
2968
2974
2934
2969
2973
2935
2936
2946
2948
2969
2945
2949
2938
2942
2939
2941
2951
2940
2941
2954
2942
2952
2955
2943
2944
2950
2955
2957
2945
2947
2949
2946
2947
2968
2948
2957
2967
2949
2958
2970
2950
2954
2958
2952
2953
2962
2961
2975
3220
2955
2959
2956
2962
2957
2959
2963
2965
2958
2966
2959
3214
3215
2961
2963
2977
3219
3360
2962
2976
3359
2963
2964
2965
3218
3219
2966
3215
3217
2967
3212
3214
2968
2970
2979
2969
2980
2970
2972
2971
3214
2972
2979
3213
3291
2973
2980
3290
2974
3289
2980
2982
2976
3221
2977
3358
2978
3357
3219
3356
2980
3212
3292
2981
2982
3290
3292
3294
3287
3289
3286
3289
2985
3176
3178
3282
2986
3283
2987
3178
3186
2988
3179
3183
2989
3180
3182
2990
2998
3000
2995
2997
2992
2994
2997
2993
3083
2994
3004
3082
2996
3003
2996
3000
3002
2997
2999
3008
2998
2999
3182
3000
3009
3181
3001
3180
3002
3009
3011
3190
3008
3012
3004
3006
3008
3005
3081
3006
3080
3141
3007
3142
3008
3010
3012
3146
3009
3010
3189
3011
3147
3194
3012
3148
3193
3013
3144
3146
3148
3015
3019
3028
3089
3016
3037
3019
3021
3018
3021
3161
3020
3023
3164
3020
3027
3021
3022
3023
3025
3027
3024
3167
3025
3109
3170
3026
3115
3027
3029
3108
3028
3029
3090
3105
3107
3031
3032
3035
3074
3034
3033
3075
3035
3078
3085
3035
3036
3038
3077
3084
3037
3038
3089
3084
3087
3040
3103
3118
3140
3102
3141
3042
3050
3159
3043
3049
3162
3044
3048
3165
3045
3047
3168
3046
3171
3047
3069
3048
3068
3049
3067
3050
3061
3051
3060
3052
3053
3060
3054
3056
3059
3055
3056
3058
3058
3062
3063
3059
3060
3062
3061
3062
3067
3066
3064
3066
3065
3174
3066
3068
3158
3067
3068
3069
3158
3071
3072
3161
3073
3160
3159
3075
3077
3076
3078
3079
3081
3078
3101
3079
3100
3080
3102
3081
3210
3082
3083
3085
3088
3101
3086
3100
3088
3092
3099
3088
3089
3091
3093
3104
3090
3091
3105
3093
3095
3093
3096
3098
3094
3122
3095
3096
3111
3123
3105
3110
3097
3112
3098
3120
3123
3125
3099
3121
3122
3100
3103
3104
3101
3102
3104
3103
3210
3121
3211
3122
3106
3107
3110
3108
3115
3115
3173
3111
3112
3114
3124
3113
3125
3114
3117
3130
3116
3129
3117
3266
3133
3119
3121
3139
3120
3127
3138
3121
3128
3223
3222
3123
3124
3125
3129
3128
3130
3127
3131
3134
3136
3128
3137
3131
3224
3130
3266
3131
3133
3132
3268
3133
3134
3267
3266
3135
3136
3254
3267
3137
3253
3268
3138
3224
3225
3139
3154
3223
3140
3153
3222
3141
3143
3211
3142
3210
3143
3146
3145
3153
3145
3149
3157
3146
3150
3152
3147
3148
3150
3201
3149
3200
3150
3205
3233
3151
3204
3152
3231
3233
3239
3153
3155
3157
3154
3155
3225
3156
3229
3231
3157
3228
3232
3233
3174
3160
3162
3161
3163
3164
3163
3165
3164
3166
3167
3166
3168
3167
3169
3170
3169
3171
3170
3172
3173
3172
3173
3176
3197
3235
3280
3177
3281
3178
3187
3191
3197
3179
3185
3180
3184
3191
3181
3190
3182
3184
3189
3183
3184
3186
3185
3188
3186
3187
3188
3196
3189
3191
3195
3190
3194
3191
3193
3192
3193
3195
3197
3199
3194
3200
3195
3201
3196
3202
3197
3209
3198
3199
3207
3209
3235
3200
3202
3206
3201
3205
3202
3204
3203
3209
3204
3206
3208
3238
3205
3239
3206
3234
3207
3243
3208
3236
3244
3209
3237
3211
3222
3213
3217
3313
3214
3216
3312
3215
3216
3217
3315
3218
3314
3317
3361
3221
3359
3358
3223
3224
3268
3229
3253
3227
3255
3257
3228
3250
3252
3229
3249
3230
3252
3231
3249
3251
3260
3232
3240
3233
3241
3249
3234
3239
3241
3243
3236
3279
3278
3238
3244
3259
3239
3243
3258
3240
3241
3258
3260
3242
3248
3243
3245
3247
3258
3244
3245
3259
3271
3247
3262
3264
3272
3274
3248
3261
3271
3249
3260
3264
3250
3251
3257
3264
3252
3256
3263
3253
3255
3254
3255
3256
3257
3276
3265
3259
3261
3270
3261
3263
3262
3270
3263
3269
3275
3264
3276
3265
3274
3276
3268
3270
3272
3277
3271
3272
3273
3274
3277
3275
3276
3277
3279
3381
3280
3380
3281
3337
3282
3338
3283
3325
3284
3326
3285
3302
3286
3299
3288
3288
3294
3300
3289
3295
3299
3290
3291
3295
3292
3296
3312
3293
3313
3294
3296
3306
3320
3295
3305
3296
3298
3297
3311
3298
3306
3308
3310
3299
3303
3305
3300
3302
3301
3305
3302
3304
3327
3303
3326
3304
3308
3331
3305
3307
3330
3306
3307
3321
3308
3333
3352
3309
3332
3310
3324
3352
3354
3311
3321
3323
3312
3316
3320
3313
3315
3314
3320
3315
3317
3319
3316
3319
3323
3318
3319
3349
3320
3322
3321
3322
3352
3323
3349
3351
3324
3351
3355
3326
3328
3336
3338
3327
3331
3328
3330
3329
3339
3330
3334
3336
3342
3331
3333
3332
3336
3333
3335
3354
3334
3353
3335
3345
3365
3336
3344
3366
3343
3338
3340
3348
3380
3339
3343
3340
3342
3341
3379
3342
3346
3348
3384
3343
3345
3344
3348
3345
3347
3369
3346
3370
3347
3373
3389
3348
3374
3388
3385
3350
3351
3362
3352
3363
3353
3354
3363
3365
3355
3366
3363
3367
3357
3361
3358
3360
3359
3360
3361
3363
3376
3364
3365
3367
3371
3376
3366
3370
3367
3369
3368
3369
3371
3375
3370
3374
3371
3373
3372
3377
3373
3375
3378
3395
3374
3396
3375
3387
3394
3377
3378
3400
3380
3382
3384
3381
3385
3382
3392
3383
3384
3390
3392
3385
3389
3388
3392
3387
3391
3393
3397
3388
3394
3396
3389
3391
3390
3396
3391
3397
3392
3394
3398
3395
3396
3398
3400
3397
3398
3399
3400
)


// ************************************************************************* //
