/*--------------------------------*- C++ -*----------------------------------*\
| =========                 |                                                 |
| \\      /  F ield         | OpenFOAM: The Open Source CFD Toolbox           |
|  \\    /   O peration     | Version:  2412                                  |
|   \\  /    A nd           | Website:  www.openfoam.com                      |
|    \\/     M anipulation  |                                                 |
\*---------------------------------------------------------------------------*/
FoamFile
{
    version     2.0;
    format      ascii;
    arch        "LSB;label=32;scalar=64";
    note        "nPoints:6550  nCells:3401  nFaces:13195  nInternalFaces:7211";
    class       labelList;
    location    "constant/claddingZone/polyMesh";
    object      owner;
}
// * * * * * * * * * * * * * * * * * * * * * * * * * * * * * * * * * * * * * //


13195
(
0
0
0
1
1
1
2
2
2
3
3
3
4
4
5
5
6
6
7
7
8
8
9
9
10
10
11
11
11
12
12
13
13
13
14
14
14
15
15
16
17
17
18
18
19
19
20
20
20
21
21
22
23
23
24
24
25
25
25
26
27
27
28
28
29
29
29
30
31
31
32
32
32
33
34
34
34
35
35
36
36
37
38
38
38
39
39
40
40
40
41
42
42
42
43
43
43
43
44
45
45
45
45
46
46
47
48
49
49
50
50
50
51
51
52
53
53
54
54
54
55
55
56
56
57
57
58
58
58
59
59
59
60
60
60
61
61
62
62
63
63
64
64
64
65
65
66
66
66
66
67
68
68
68
69
70
70
70
71
72
72
72
73
74
74
75
75
75
76
76
77
77
77
77
78
79
79
80
80
80
81
81
81
82
82
83
84
84
85
86
86
87
88
88
89
90
90
90
91
91
92
92
92
93
93
93
94
94
94
95
95
95
95
96
96
97
97
98
99
99
100
101
101
101
102
102
102
103
103
103
104
104
104
106
106
107
107
107
108
109
109
109
110
110
110
110
111
111
112
112
112
113
113
113
114
114
114
115
115
115
116
116
116
116
117
117
117
118
118
118
119
119
119
120
120
121
121
122
123
123
124
124
124
124
125
125
126
126
127
127
128
128
130
131
131
132
132
133
133
133
134
134
135
135
135
135
136
136
137
137
138
138
138
139
140
141
142
142
142
143
143
144
144
144
145
145
146
146
146
146
147
147
148
148
149
149
150
150
152
153
154
154
155
156
156
158
158
159
159
160
161
161
162
162
163
164
164
165
165
166
167
167
167
168
168
169
169
169
169
170
171
171
172
172
173
174
174
175
175
176
177
177
178
178
179
179
180
180
181
181
181
181
182
183
183
184
185
185
185
186
186
187
187
187
188
188
189
189
189
189
190
190
191
191
193
193
194
194
194
195
195
195
196
196
197
197
198
198
199
199
199
199
200
200
201
202
202
202
203
203
203
204
204
205
205
205
205
206
206
207
207
208
208
210
211
211
212
212
213
213
213
214
214
215
215
215
215
216
216
216
217
217
218
218
219
219
219
220
220
221
221
221
222
222
223
223
223
223
224
224
224
225
225
226
226
226
227
227
227
228
228
228
229
229
229
230
231
232
233
234
235
236
236
237
237
238
238
238
239
239
240
240
240
240
241
241
242
242
242
243
243
244
245
245
245
246
246
247
247
247
248
248
249
249
250
251
251
251
251
252
252
253
253
253
254
254
254
255
256
256
257
257
257
258
258
259
259
259
260
261
261
263
263
263
264
265
266
267
267
268
268
269
269
269
270
270
271
271
271
271
272
272
273
273
274
274
274
275
276
277
278
279
279
279
280
281
281
281
282
282
283
283
283
284
284
285
285
285
285
286
286
287
287
287
288
288
289
289
289
289
290
290
291
291
291
291
292
292
293
293
293
294
294
295
295
295
295
296
296
297
297
298
298
300
300
301
301
301
302
302
303
303
305
305
305
305
306
306
307
307
307
308
308
308
309
309
310
310
310
311
311
312
312
312
312
313
313
314
314
315
315
315
316
316
317
318
318
318
319
319
320
320
321
321
321
322
322
322
322
323
323
324
325
325
325
325
326
327
327
327
328
328
329
329
329
330
330
331
331
331
332
332
332
333
333
333
333
334
334
334
335
335
336
336
337
337
339
340
341
341
342
342
343
343
343
344
344
345
345
345
345
346
346
347
347
348
348
349
349
350
350
350
351
352
352
353
353
353
354
355
355
355
357
357
359
359
360
361
361
361
362
363
363
364
364
365
365
365
366
366
366
367
367
367
368
369
369
370
370
371
371
371
372
373
373
373
374
374
374
375
375
375
376
376
376
378
378
379
379
380
380
381
382
383
384
384
385
385
385
385
386
386
387
387
387
387
388
388
388
389
389
390
390
390
391
392
392
393
393
394
394
394
395
396
396
397
397
397
398
398
399
399
399
400
400
401
401
401
402
402
403
403
403
403
404
404
405
405
405
406
406
406
407
407
407
407
408
408
409
410
411
411
411
411
412
412
413
413
414
414
415
415
415
416
416
417
417
417
418
418
418
418
419
419
420
420
421
421
421
422
423
423
423
424
424
425
425
425
426
426
426
426
427
427
428
428
429
429
429
430
431
431
431
432
432
433
433
433
434
434
434
434
435
435
436
436
437
437
437
438
439
439
439
440
440
441
441
441
442
442
442
442
443
443
444
444
445
445
445
446
447
447
447
448
448
449
449
449
450
450
450
450
451
451
452
452
453
453
453
454
455
455
457
458
459
460
460
460
460
461
461
461
462
462
462
463
463
463
464
464
464
465
465
465
466
466
466
467
467
467
468
468
468
469
469
469
470
470
470
470
471
471
471
472
472
472
473
473
474
474
474
475
475
475
476
476
476
477
477
478
479
479
480
481
481
482
483
483
484
485
485
485
486
487
488
489
489
489
489
490
490
491
491
491
492
492
493
493
493
493
494
494
495
495
496
496
498
499
499
500
500
500
501
501
502
503
503
504
505
505
506
507
507
508
509
509
510
511
511
512
512
512
513
513
514
514
514
515
515
516
516
516
517
517
518
518
519
519
520
520
520
521
521
522
524
525
525
525
526
526
527
527
527
528
528
528
528
529
529
529
530
530
531
531
532
532
532
533
534
534
534
534
535
535
536
536
537
537
537
538
538
539
539
539
540
540
540
541
542
542
543
543
544
544
545
545
547
547
548
548
549
550
550
551
551
552
553
553
554
554
555
556
556
557
557
558
559
560
561
562
562
562
563
564
565
566
567
567
567
568
569
569
569
570
571
571
572
572
572
573
573
574
574
574
575
575
575
576
577
577
577
578
578
578
579
579
580
580
580
581
581
581
582
582
583
583
583
585
585
586
587
587
588
589
589
590
591
591
592
593
593
594
595
595
596
597
597
597
598
598
599
599
599
600
600
601
601
601
602
602
603
604
605
605
605
605
606
606
607
607
607
608
608
609
609
610
610
612
613
613
613
614
615
615
616
616
617
617
617
617
618
618
619
619
620
620
620
621
621
621
622
622
623
623
623
624
625
625
626
627
627
628
629
629
629
629
630
630
630
631
631
631
632
632
632
632
633
633
634
634
634
635
635
635
636
636
636
637
637
637
638
638
638
638
638
639
639
639
639
640
640
640
640
641
641
641
641
642
642
642
642
643
643
643
644
644
644
645
646
646
646
646
647
647
648
648
649
649
650
650
652
652
653
653
654
654
656
656
657
657
658
658
659
659
659
660
660
660
661
661
661
662
662
662
663
663
663
664
664
664
665
665
665
666
666
666
667
667
667
667
668
668
668
669
669
669
670
670
670
671
671
672
672
673
673
675
675
676
677
677
678
679
679
680
680
681
682
682
683
683
684
685
685
686
686
687
688
688
689
689
690
691
692
693
695
695
696
696
697
697
698
698
699
700
700
701
701
702
703
703
703
704
704
705
705
706
707
707
708
708
709
709
710
710
711
711
711
713
713
713
714
715
715
716
716
717
717
718
718
718
719
719
719
720
720
720
721
722
722
723
723
724
724
724
725
726
726
726
727
727
727
728
728
728
729
729
729
730
730
730
731
731
732
732
733
733
734
734
735
736
737
738
738
739
739
740
740
740
741
742
742
743
743
744
744
745
745
746
746
746
747
747
748
748
750
750
751
751
751
752
753
753
754
754
754
755
755
757
757
758
758
759
759
760
760
760
760
761
762
762
763
764
765
766
767
767
768
769
769
769
770
770
770
771
771
772
772
773
773
774
774
774
775
775
776
777
778
779
781
782
784
784
784
785
785
785
786
786
786
786
787
787
788
788
788
788
789
789
789
790
790
790
791
791
792
792
793
793
794
794
795
795
795
796
796
797
798
798
799
799
800
801
801
802
803
803
804
804
805
805
806
806
807
809
809
809
810
811
811
812
812
813
813
814
814
814
815
815
816
817
817
819
820
821
821
822
822
822
823
824
824
825
825
825
826
826
826
827
827
828
828
829
829
830
830
832
833
834
834
834
835
835
835
836
836
837
837
837
838
839
839
839
839
840
840
841
841
842
842
844
844
845
845
846
846
846
847
848
848
849
849
850
851
851
852
852
853
854
854
855
855
856
857
857
858
858
859
860
860
861
861
862
863
863
864
864
865
866
866
867
867
868
869
869
870
870
871
871
872
872
873
873
873
875
875
876
876
876
877
878
878
878
879
879
879
879
880
880
881
882
883
884
884
884
885
886
886
886
887
887
888
889
889
889
890
890
891
891
891
892
892
893
894
894
895
896
896
897
897
898
898
899
899
900
900
900
900
901
901
901
902
902
903
904
904
904
905
906
907
908
908
909
909
910
910
910
911
912
912
912
913
914
915
916
916
917
917
917
918
918
918
919
919
919
920
920
920
921
921
921
922
922
922
923
923
923
923
924
924
925
925
925
926
926
927
928
929
930
931
931
932
933
933
933
934
934
935
936
936
937
937
938
938
939
939
939
940
940
942
942
943
943
944
945
945
946
946
947
948
948
948
949
950
950
951
951
951
952
952
953
953
953
953
954
954
955
956
956
956
957
957
957
957
958
958
959
959
960
960
960
961
961
962
962
964
964
965
965
966
967
967
968
968
969
970
970
971
971
972
972
972
973
973
973
974
974
974
975
975
975
976
976
977
977
978
978
979
979
980
980
980
980
981
981
982
982
983
984
984
985
986
986
986
987
987
987
988
988
988
989
989
989
990
990
990
991
992
993
994
994
994
995
995
996
996
996
997
997
997
998
998
998
1000
1000
1001
1001
1001
1002
1003
1003
1003
1004
1004
1004
1005
1005
1005
1006
1007
1007
1008
1008
1009
1009
1009
1010
1011
1011
1011
1012
1012
1012
1013
1013
1014
1014
1015
1015
1016
1016
1016
1017
1017
1017
1018
1018
1019
1019
1019
1020
1020
1020
1021
1021
1021
1022
1022
1022
1023
1023
1023
1024
1024
1024
1024
1024
1025
1025
1025
1025
1026
1026
1026
1026
1027
1027
1027
1028
1028
1029
1029
1029
1030
1030
1031
1031
1031
1031
1032
1033
1033
1034
1034
1035
1036
1038
1039
1039
1040
1040
1041
1041
1042
1043
1044
1044
1045
1045
1046
1046
1047
1047
1047
1048
1049
1049
1050
1050
1050
1051
1051
1052
1052
1053
1054
1054
1055
1055
1055
1056
1056
1057
1057
1058
1058
1059
1060
1061
1063
1063
1064
1064
1065
1066
1066
1067
1067
1068
1069
1069
1070
1070
1071
1072
1072
1073
1073
1074
1075
1075
1076
1076
1077
1077
1077
1078
1079
1080
1081
1081
1081
1082
1082
1083
1083
1083
1083
1084
1084
1084
1085
1085
1085
1086
1087
1087
1088
1088
1089
1089
1090
1090
1090
1091
1091
1092
1093
1093
1094
1094
1095
1095
1096
1096
1096
1097
1097
1098
1099
1099
1099
1100
1100
1101
1101
1101
1102
1102
1102
1103
1103
1104
1105
1105
1106
1106
1107
1107
1107
1108
1108
1109
1109
1109
1110
1110
1110
1111
1111
1112
1113
1113
1113
1114
1114
1115
1115
1115
1116
1116
1116
1117
1117
1117
1118
1118
1118
1119
1119
1119
1120
1120
1120
1121
1121
1121
1122
1122
1122
1122
1123
1123
1124
1125
1125
1125
1126
1126
1127
1128
1129
1129
1130
1131
1131
1131
1132
1132
1132
1133
1133
1133
1133
1134
1134
1135
1135
1135
1135
1136
1136
1137
1137
1137
1138
1138
1138
1139
1139
1139
1140
1140
1140
1141
1141
1141
1142
1142
1142
1143
1143
1143
1144
1144
1144
1144
1145
1145
1145
1146
1146
1146
1147
1147
1147
1148
1148
1148
1149
1149
1149
1150
1150
1150
1151
1151
1151
1152
1152
1152
1153
1153
1154
1155
1156
1157
1158
1159
1160
1160
1162
1163
1164
1165
1166
1166
1167
1168
1168
1168
1169
1169
1169
1170
1170
1171
1171
1172
1172
1172
1172
1173
1173
1174
1174
1175
1175
1176
1177
1177
1177
1178
1178
1179
1179
1179
1180
1180
1180
1180
1181
1181
1182
1182
1183
1184
1184
1185
1186
1186
1186
1187
1188
1188
1189
1189
1189
1190
1190
1191
1192
1192
1193
1194
1196
1196
1196
1196
1197
1197
1198
1198
1198
1199
1199
1199
1200
1200
1200
1201
1201
1201
1202
1202
1202
1202
1203
1203
1203
1204
1204
1205
1206
1207
1208
1208
1209
1210
1210
1211
1211
1211
1212
1212
1212
1212
1213
1214
1215
1215
1216
1216
1217
1217
1217
1218
1218
1218
1219
1220
1220
1221
1221
1223
1223
1223
1224
1224
1225
1226
1226
1226
1227
1227
1227
1228
1228
1229
1230
1230
1231
1231
1232
1232
1232
1234
1234
1234
1235
1235
1235
1236
1236
1236
1237
1237
1237
1238
1238
1238
1239
1239
1239
1240
1240
1240
1241
1241
1241
1242
1242
1242
1243
1243
1243
1243
1244
1244
1244
1245
1245
1245
1246
1246
1246
1247
1247
1247
1248
1248
1248
1249
1249
1249
1250
1250
1251
1251
1252
1253
1253
1254
1255
1255
1256
1257
1257
1258
1259
1259
1259
1260
1260
1261
1261
1262
1262
1262
1262
1263
1263
1264
1264
1265
1265
1266
1266
1268
1269
1270
1270
1271
1271
1272
1272
1274
1275
1276
1277
1278
1279
1280
1281
1282
1283
1284
1285
1286
1286
1287
1287
1288
1288
1289
1289
1290
1291
1291
1292
1292
1293
1293
1293
1294
1294
1294
1295
1296
1296
1297
1298
1298
1298
1299
1299
1300
1301
1301
1301
1302
1302
1302
1303
1303
1304
1305
1305
1306
1306
1307
1307
1307
1308
1308
1308
1309
1310
1310
1311
1311
1312
1312
1312
1313
1313
1314
1315
1315
1315
1316
1316
1316
1317
1317
1318
1319
1320
1320
1320
1321
1321
1322
1322
1322
1322
1323
1324
1324
1324
1325
1326
1326
1327
1327
1328
1328
1328
1329
1329
1330
1330
1330
1331
1331
1331
1332
1332
1332
1333
1333
1335
1335
1336
1336
1336
1337
1337
1338
1338
1339
1340
1340
1341
1341
1341
1341
1342
1343
1343
1344
1344
1345
1345
1345
1346
1346
1347
1347
1348
1349
1349
1349
1349
1350
1351
1351
1352
1352
1352
1353
1354
1355
1355
1356
1357
1357
1357
1358
1358
1359
1359
1359
1360
1360
1361
1361
1361
1361
1362
1362
1363
1363
1364
1364
1366
1367
1367
1368
1369
1369
1369
1369
1370
1370
1370
1371
1371
1371
1372
1372
1372
1372
1373
1373
1374
1374
1374
1374
1375
1375
1375
1376
1376
1376
1377
1377
1378
1378
1379
1379
1380
1380
1381
1381
1382
1382
1382
1382
1382
1383
1383
1384
1384
1385
1385
1385
1386
1386
1387
1387
1387
1388
1388
1389
1389
1390
1390
1390
1391
1392
1393
1393
1394
1394
1394
1394
1395
1395
1395
1396
1396
1397
1397
1398
1398
1398
1399
1399
1400
1400
1401
1401
1402
1402
1403
1404
1405
1406
1407
1408
1409
1410
1411
1411
1411
1412
1412
1413
1413
1413
1414
1414
1414
1415
1415
1415
1416
1416
1417
1418
1418
1419
1419
1420
1420
1421
1421
1422
1424
1424
1424
1424
1425
1425
1425
1426
1426
1426
1427
1427
1427
1428
1428
1428
1429
1430
1430
1431
1432
1432
1432
1433
1434
1434
1435
1435
1435
1435
1436
1437
1437
1437
1438
1439
1439
1440
1441
1441
1442
1443
1443
1443
1444
1445
1446
1446
1447
1447
1448
1448
1448
1449
1449
1449
1451
1451
1452
1452
1453
1453
1453
1453
1454
1454
1455
1456
1456
1457
1457
1457
1458
1458
1458
1459
1460
1461
1462
1462
1463
1463
1464
1464
1465
1465
1465
1466
1466
1467
1467
1467
1467
1468
1468
1469
1469
1469
1470
1470
1471
1471
1471
1472
1472
1472
1473
1473
1474
1474
1474
1475
1475
1475
1476
1477
1478
1479
1480
1481
1482
1483
1484
1484
1485
1486
1487
1488
1489
1489
1489
1490
1490
1491
1491
1491
1492
1492
1493
1493
1493
1493
1494
1494
1495
1495
1496
1496
1498
1498
1498
1499
1499
1501
1501
1502
1502
1502
1503
1503
1503
1504
1504
1504
1505
1505
1505
1506
1506
1506
1507
1507
1507
1508
1508
1508
1509
1509
1509
1510
1510
1510
1510
1511
1511
1511
1512
1512
1512
1513
1513
1514
1514
1514
1515
1516
1517
1518
1518
1519
1520
1520
1521
1522
1523
1523
1524
1525
1526
1526
1527
1527
1528
1529
1529
1530
1530
1531
1532
1532
1533
1533
1534
1535
1535
1536
1536
1537
1538
1539
1539
1540
1541
1541
1541
1542
1542
1542
1543
1543
1544
1544
1545
1545
1546
1546
1546
1546
1547
1548
1548
1549
1549
1549
1550
1550
1552
1552
1553
1553
1555
1555
1555
1556
1556
1556
1557
1557
1558
1558
1559
1559
1559
1560
1560
1560
1561
1561
1562
1562
1563
1564
1565
1566
1566
1567
1567
1568
1569
1570
1570
1571
1571
1571
1572
1572
1574
1574
1575
1575
1575
1576
1577
1577
1577
1578
1578
1578
1579
1579
1579
1580
1580
1580
1580
1581
1581
1582
1582
1583
1583
1583
1584
1584
1584
1585
1585
1586
1586
1588
1588
1588
1589
1589
1590
1590
1590
1591
1591
1591
1591
1591
1592
1592
1592
1593
1593
1594
1594
1595
1595
1596
1596
1596
1596
1597
1598
1599
1599
1599
1600
1600
1600
1601
1601
1602
1602
1602
1602
1603
1603
1604
1604
1605
1605
1605
1606
1606
1606
1607
1607
1607
1608
1608
1608
1609
1609
1610
1610
1610
1611
1611
1612
1612
1612
1613
1613
1613
1614
1614
1614
1615
1616
1616
1616
1616
1617
1617
1617
1618
1618
1618
1619
1619
1619
1620
1620
1621
1621
1622
1622
1622
1623
1623
1623
1624
1625
1625
1625
1626
1626
1627
1627
1627
1628
1628
1629
1629
1629
1629
1630
1630
1631
1631
1632
1632
1633
1633
1633
1634
1635
1636
1636
1637
1638
1638
1639
1639
1640
1640
1641
1641
1642
1642
1642
1643
1643
1643
1644
1644
1645
1645
1646
1647
1648
1649
1649
1649
1650
1650
1651
1651
1652
1652
1652
1653
1654
1654
1654
1655
1656
1657
1657
1659
1659
1660
1661
1661
1661
1662
1664
1664
1665
1666
1667
1667
1668
1668
1669
1669
1669
1669
1670
1670
1671
1671
1671
1672
1672
1672
1673
1673
1673
1674
1674
1674
1674
1675
1675
1675
1676
1676
1676
1677
1677
1677
1678
1678
1678
1679
1679
1680
1681
1682
1683
1684
1685
1686
1687
1688
1688
1689
1690
1690
1690
1690
1691
1691
1691
1692
1692
1693
1694
1695
1696
1696
1697
1698
1698
1699
1699
1699
1700
1700
1700
1700
1701
1701
1702
1702
1703
1705
1706
1707
1708
1708
1708
1709
1710
1711
1711
1711
1712
1712
1712
1712
1713
1713
1713
1714
1714
1714
1715
1715
1715
1716
1716
1717
1718
1718
1720
1720
1721
1721
1721
1722
1722
1723
1723
1723
1724
1724
1724
1725
1726
1726
1727
1727
1727
1728
1728
1729
1729
1729
1730
1730
1730
1731
1732
1733
1734
1735
1735
1736
1737
1737
1738
1739
1739
1739
1740
1740
1741
1742
1742
1742
1743
1743
1743
1744
1744
1744
1745
1745
1745
1746
1746
1746
1747
1747
1747
1747
1748
1748
1748
1749
1749
1749
1750
1750
1751
1751
1751
1751
1752
1752
1752
1753
1753
1754
1754
1755
1755
1756
1756
1757
1757
1757
1757
1758
1758
1759
1759
1759
1760
1761
1761
1762
1763
1764
1765
1766
1766
1767
1767
1768
1768
1769
1769
1769
1770
1770
1771
1771
1771
1771
1771
1772
1772
1772
1772
1773
1773
1773
1773
1774
1774
1774
1775
1775
1776
1776
1777
1777
1778
1778
1778
1779
1779
1780
1781
1781
1782
1782
1782
1783
1783
1784
1784
1784
1785
1785
1786
1786
1787
1787
1787
1788
1789
1789
1790
1790
1791
1792
1793
1794
1794
1794
1795
1795
1796
1796
1797
1797
1797
1797
1798
1798
1799
1800
1800
1801
1801
1802
1802
1802
1802
1803
1803
1803
1804
1805
1805
1806
1806
1806
1807
1808
1809
1809
1810
1810
1811
1811
1811
1812
1812
1813
1813
1813
1814
1814
1814
1815
1815
1816
1816
1816
1817
1817
1817
1818
1818
1819
1819
1819
1820
1820
1821
1821
1821
1822
1822
1823
1823
1825
1825
1825
1826
1826
1826
1827
1827
1827
1828
1828
1828
1829
1829
1831
1831
1833
1833
1833
1834
1835
1835
1836
1836
1836
1837
1837
1837
1838
1838
1840
1840
1842
1843
1844
1845
1846
1846
1846
1847
1847
1848
1848
1848
1849
1849
1849
1850
1851
1851
1852
1852
1853
1853
1853
1854
1855
1855
1855
1856
1856
1856
1857
1857
1857
1858
1858
1858
1860
1860
1861
1861
1862
1862
1863
1864
1865
1865
1867
1867
1867
1868
1868
1869
1869
1869
1869
1869
1870
1870
1870
1871
1871
1872
1872
1873
1873
1873
1873
1874
1874
1875
1875
1876
1877
1877
1877
1877
1878
1878
1879
1879
1879
1879
1879
1880
1880
1881
1881
1881
1882
1884
1885
1886
1887
1888
1888
1889
1889
1889
1889
1890
1891
1892
1892
1893
1893
1894
1895
1895
1895
1895
1896
1896
1897
1897
1897
1897
1897
1898
1898
1899
1899
1900
1900
1901
1902
1902
1902
1903
1903
1904
1904
1905
1905
1906
1907
1908
1909
1909
1910
1910
1910
1911
1911
1911
1912
1912
1913
1913
1913
1913
1914
1914
1914
1915
1915
1916
1916
1916
1917
1918
1918
1919
1919
1920
1920
1922
1923
1923
1923
1924
1924
1924
1925
1925
1925
1926
1926
1926
1927
1927
1927
1928
1928
1929
1929
1929
1930
1930
1930
1930
1931
1931
1932
1932
1933
1933
1934
1934
1934
1935
1936
1936
1937
1937
1937
1938
1938
1939
1939
1939
1939
1940
1940
1941
1942
1942
1942
1942
1943
1943
1944
1944
1944
1945
1946
1946
1947
1947
1948
1948
1948
1950
1950
1950
1951
1952
1952
1952
1952
1953
1953
1954
1954
1954
1954
1955
1955
1956
1956
1957
1957
1958
1958
1958
1959
1960
1960
1961
1961
1962
1963
1964
1964
1965
1966
1966
1967
1968
1968
1969
1970
1970
1970
1970
1971
1971
1972
1972
1972
1973
1973
1973
1974
1974
1974
1975
1975
1975
1976
1976
1976
1977
1977
1978
1978
1978
1979
1979
1980
1980
1980
1981
1981
1982
1982
1982
1983
1983
1984
1984
1984
1985
1985
1986
1986
1987
1987
1988
1989
1991
1991
1992
1992
1993
1993
1994
1994
1994
1995
1995
1996
1996
1996
1996
1997
1997
1997
1998
1998
1998
1999
2000
2000
2001
2001
2001
2002
2002
2003
2003
2003
2004
2004
2005
2005
2005
2006
2006
2007
2007
2007
2008
2008
2008
2009
2009
2010
2010
2010
2011
2011
2011
2012
2012
2012
2013
2013
2013
2013
2014
2014
2015
2015
2015
2016
2016
2018
2018
2020
2021
2022
2022
2023
2023
2024
2025
2025
2025
2026
2026
2027
2027
2027
2028
2028
2029
2029
2029
2029
2030
2030
2031
2031
2032
2032
2033
2033
2033
2033
2034
2034
2035
2036
2036
2037
2037
2038
2038
2038
2039
2039
2039
2040
2040
2040
2041
2041
2041
2042
2042
2042
2043
2043
2043
2043
2044
2044
2044
2045
2045
2045
2046
2046
2047
2048
2049
2049
2050
2050
2050
2051
2051
2051
2051
2052
2052
2052
2053
2053
2053
2054
2054
2055
2055
2055
2056
2056
2056
2057
2057
2057
2058
2058
2058
2059
2059
2059
2060
2060
2060
2061
2061
2062
2063
2064
2065
2065
2066
2066
2067
2068
2069
2069
2070
2070
2071
2073
2073
2074
2075
2075
2075
2076
2077
2078
2078
2079
2079
2080
2081
2081
2082
2082
2083
2084
2084
2085
2085
2086
2087
2087
2088
2088
2089
2090
2090
2090
2090
2091
2091
2092
2092
2093
2094
2095
2095
2096
2096
2096
2097
2097
2097
2098
2098
2098
2099
2099
2100
2100
2101
2102
2102
2103
2103
2104
2105
2105
2106
2106
2107
2108
2108
2109
2109
2110
2111
2112
2112
2113
2114
2114
2114
2115
2115
2115
2115
2116
2116
2117
2118
2118
2120
2120
2121
2121
2122
2123
2123
2124
2124
2125
2126
2126
2126
2127
2127
2128
2129
2129
2129
2130
2131
2132
2133
2133
2134
2135
2135
2135
2136
2136
2136
2137
2137
2137
2138
2138
2138
2138
2139
2139
2139
2140
2140
2140
2141
2141
2142
2142
2143
2143
2143
2144
2144
2145
2145
2145
2146
2146
2146
2147
2148
2148
2149
2149
2149
2150
2150
2151
2151
2151
2152
2152
2152
2153
2154
2154
2156
2156
2157
2157
2158
2158
2158
2158
2159
2159
2160
2160
2161
2161
2162
2162
2162
2162
2163
2163
2163
2164
2165
2165
2166
2166
2167
2168
2169
2169
2170
2170
2170
2170
2171
2171
2171
2172
2172
2173
2173
2173
2173
2174
2174
2174
2175
2175
2175
2176
2176
2176
2177
2177
2177
2178
2179
2179
2180
2180
2181
2181
2182
2182
2182
2182
2183
2183
2184
2184
2185
2185
2185
2186
2186
2188
2188
2188
2189
2189
2189
2190
2191
2191
2191
2191
2192
2192
2192
2193
2193
2193
2194
2194
2194
2195
2195
2196
2196
2197
2197
2198
2198
2198
2198
2199
2199
2200
2200
2201
2201
2201
2201
2202
2202
2203
2203
2204
2204
2204
2205
2205
2206
2206
2206
2207
2207
2207
2208
2209
2209
2209
2210
2210
2211
2211
2211
2212
2212
2213
2213
2213
2213
2214
2214
2215
2215
2216
2216
2217
2217
2217
2217
2218
2218
2218
2219
2219
2219
2220
2220
2221
2221
2222
2223
2224
2225
2225
2226
2226
2227
2227
2228
2229
2230
2231
2232
2232
2232
2232
2233
2233
2234
2234
2235
2235
2235
2236
2237
2237
2237
2238
2238
2239
2240
2240
2241
2242
2242
2243
2243
2243
2244
2245
2246
2246
2247
2247
2248
2248
2248
2249
2249
2250
2250
2250
2250
2251
2251
2252
2252
2253
2253
2253
2253
2254
2254
2255
2256
2256
2256
2257
2257
2258
2258
2258
2259
2259
2260
2261
2262
2262
2263
2263
2264
2264
2264
2265
2265
2265
2266
2266
2266
2267
2267
2267
2267
2268
2269
2270
2271
2271
2272
2272
2272
2273
2273
2273
2273
2274
2274
2275
2275
2275
2276
2277
2278
2278
2279
2279
2280
2280
2280
2280
2281
2281
2282
2282
2282
2282
2283
2283
2283
2284
2284
2284
2285
2285
2285
2286
2286
2286
2287
2287
2288
2289
2290
2291
2292
2293
2294
2295
2296
2297
2298
2299
2300
2300
2301
2302
2302
2302
2303
2303
2303
2304
2304
2304
2305
2305
2305
2306
2307
2307
2308
2308
2309
2309
2309
2310
2310
2310
2311
2311
2311
2312
2312
2312
2312
2313
2313
2314
2314
2314
2314
2315
2315
2315
2316
2316
2316
2317
2317
2317
2318
2318
2319
2320
2321
2322
2323
2323
2324
2324
2324
2325
2325
2325
2325
2326
2326
2327
2327
2328
2328
2329
2329
2329
2329
2330
2330
2331
2332
2332
2333
2333
2334
2335
2336
2336
2337
2337
2338
2338
2338
2338
2339
2339
2340
2340
2341
2342
2343
2344
2345
2346
2347
2348
2348
2349
2349
2349
2350
2350
2351
2351
2351
2352
2352
2353
2353
2353
2353
2354
2354
2354
2355
2356
2356
2356
2356
2357
2357
2358
2358
2359
2359
2360
2361
2362
2363
2363
2363
2363
2364
2364
2365
2365
2366
2366
2366
2367
2367
2368
2368
2368
2369
2369
2369
2370
2371
2371
2371
2372
2372
2373
2373
2373
2374
2374
2375
2375
2375
2375
2376
2376
2377
2377
2378
2378
2379
2379
2379
2380
2380
2381
2381
2382
2383
2383
2384
2384
2385
2385
2385
2386
2387
2387
2388
2388
2389
2389
2389
2390
2391
2391
2391
2391
2392
2392
2392
2393
2393
2393
2394
2394
2395
2395
2395
2396
2397
2397
2398
2398
2398
2399
2399
2400
2400
2400
2400
2401
2401
2402
2402
2403
2403
2404
2404
2404
2404
2405
2405
2405
2406
2406
2407
2407
2408
2408
2410
2411
2412
2413
2414
2415
2416
2417
2417
2418
2418
2419
2420
2420
2420
2421
2421
2422
2422
2422
2423
2423
2424
2424
2424
2425
2425
2425
2426
2426
2426
2427
2427
2427
2428
2428
2430
2430
2431
2431
2432
2432
2433
2434
2436
2437
2438
2439
2440
2440
2441
2441
2442
2442
2442
2442
2443
2443
2444
2444
2445
2445
2446
2446
2446
2447
2447
2447
2448
2449
2449
2450
2451
2451
2452
2453
2453
2455
2455
2456
2456
2457
2457
2457
2458
2458
2458
2459
2459
2460
2460
2461
2461
2462
2462
2462
2462
2463
2463
2463
2464
2464
2465
2466
2466
2466
2467
2467
2468
2468
2468
2469
2469
2470
2470
2470
2470
2471
2471
2472
2472
2473
2473
2473
2474
2474
2475
2475
2475
2476
2476
2476
2477
2478
2478
2478
2478
2479
2479
2480
2480
2481
2481
2481
2481
2482
2482
2483
2483
2483
2483
2484
2484
2485
2485
2485
2486
2486
2487
2487
2487
2488
2488
2489
2489
2489
2490
2490
2490
2491
2491
2492
2492
2493
2493
2495
2495
2496
2496
2497
2498
2498
2499
2499
2500
2501
2501
2502
2502
2503
2504
2505
2505
2506
2506
2507
2509
2510
2511
2512
2513
2513
2513
2513
2514
2514
2515
2515
2516
2517
2517
2517
2518
2518
2519
2519
2520
2521
2521
2521
2522
2522
2523
2523
2523
2524
2524
2525
2525
2525
2525
2526
2526
2527
2527
2528
2528
2529
2529
2529
2529
2530
2530
2531
2532
2532
2533
2533
2534
2534
2535
2536
2536
2536
2537
2537
2537
2538
2538
2538
2539
2539
2540
2540
2540
2541
2542
2542
2543
2543
2543
2544
2544
2545
2545
2545
2546
2546
2547
2548
2549
2550
2551
2551
2551
2552
2553
2553
2553
2554
2554
2554
2555
2555
2555
2556
2556
2556
2557
2557
2557
2557
2558
2558
2558
2559
2559
2559
2560
2560
2561
2561
2561
2562
2562
2563
2563
2563
2564
2564
2565
2566
2567
2567
2568
2568
2569
2569
2570
2570
2571
2571
2572
2572
2573
2573
2573
2574
2574
2574
2575
2575
2576
2576
2577
2577
2577
2578
2578
2579
2579
2579
2580
2580
2582
2582
2583
2583
2583
2584
2584
2585
2585
2586
2587
2587
2588
2588
2589
2589
2589
2590
2591
2591
2592
2592
2593
2593
2593
2594
2595
2595
2595
2595
2596
2596
2596
2597
2597
2597
2598
2598
2599
2599
2599
2600
2600
2600
2600
2601
2601
2601
2602
2602
2602
2603
2603
2604
2604
2605
2605
2605
2606
2606
2606
2607
2607
2608
2608
2610
2611
2612
2612
2613
2613
2614
2614
2614
2615
2615
2616
2616
2616
2616
2617
2617
2618
2618
2619
2619
2619
2619
2620
2620
2621
2622
2622
2623
2623
2623
2624
2624
2625
2625
2625
2625
2626
2626
2627
2627
2627
2628
2628
2628
2629
2629
2630
2630
2630
2631
2631
2631
2632
2632
2632
2633
2633
2633
2634
2634
2634
2635
2635
2635
2635
2636
2636
2637
2637
2637
2638
2638
2639
2640
2641
2642
2643
2643
2644
2645
2645
2645
2646
2646
2646
2647
2647
2647
2648
2648
2648
2650
2650
2651
2651
2651
2652
2652
2652
2652
2653
2654
2655
2656
2657
2658
2658
2659
2659
2659
2660
2661
2661
2661
2662
2662
2662
2663
2663
2663
2664
2664
2664
2665
2665
2665
2665
2666
2666
2666
2667
2667
2667
2668
2668
2669
2669
2670
2671
2671
2672
2673
2673
2674
2674
2674
2675
2675
2675
2676
2676
2676
2677
2677
2677
2678
2678
2678
2678
2679
2679
2679
2680
2681
2681
2683
2683
2684
2684
2685
2685
2687
2687
2688
2688
2689
2690
2690
2691
2691
2692
2693
2693
2694
2694
2695
2696
2696
2697
2697
2698
2699
2699
2700
2701
2703
2703
2703
2703
2703
2704
2704
2704
2704
2705
2705
2705
2705
2706
2706
2707
2708
2708
2709
2709
2710
2710
2711
2711
2712
2712
2712
2713
2714
2714
2715
2715
2716
2716
2716
2717
2717
2718
2718
2718
2719
2719
2719
2720
2721
2721
2722
2722
2722
2723
2723
2723
2724
2725
2725
2726
2726
2726
2727
2727
2727
2728
2729
2730
2730
2731
2731
2732
2733
2733
2733
2733
2734
2734
2734
2735
2735
2735
2736
2737
2737
2738
2738
2738
2739
2739
2739
2740
2741
2741
2741
2742
2742
2742
2743
2743
2743
2744
2744
2744
2745
2745
2746
2746
2746
2747
2747
2748
2748
2748
2749
2749
2750
2750
2750
2751
2751
2752
2752
2752
2753
2754
2756
2756
2756
2757
2758
2758
2759
2759
2759
2760
2760
2761
2761
2761
2762
2762
2762
2764
2764
2765
2766
2766
2766
2766
2767
2767
2768
2768
2768
2769
2769
2769
2770
2770
2770
2771
2771
2771
2772
2773
2773
2774
2774
2774
2775
2775
2776
2776
2777
2777
2777
2778
2778
2778
2779
2780
2780
2781
2781
2781
2782
2782
2783
2783
2783
2783
2784
2784
2784
2785
2785
2785
2786
2787
2787
2788
2788
2788
2789
2789
2790
2790
2791
2791
2791
2792
2792
2793
2793
2794
2795
2795
2796
2796
2797
2798
2798
2799
2799
2800
2801
2801
2802
2802
2803
2804
2804
2804
2805
2805
2806
2806
2806
2806
2807
2808
2808
2809
2809
2810
2811
2811
2812
2812
2813
2814
2814
2816
2816
2816
2817
2818
2819
2819
2820
2820
2821
2822
2822
2822
2823
2823
2824
2824
2824
2824
2825
2826
2826
2827
2827
2828
2828
2828
2828
2829
2829
2829
2830
2831
2831
2832
2832
2833
2833
2834
2834
2834
2835
2836
2836
2836
2837
2838
2838
2838
2839
2839
2840
2840
2842
2843
2843
2843
2844
2844
2845
2845
2846
2846
2847
2848
2848
2849
2849
2849
2850
2850
2851
2851
2852
2852
2853
2853
2854
2854
2854
2855
2855
2856
2856
2856
2857
2857
2858
2858
2858
2858
2859
2859
2860
2860
2861
2861
2862
2862
2862
2862
2863
2863
2864
2864
2865
2865
2866
2866
2866
2866
2867
2867
2868
2868
2869
2869
2870
2870
2870
2870
2871
2871
2871
2872
2872
2872
2873
2873
2873
2874
2874
2874
2875
2876
2876
2877
2877
2877
2878
2878
2878
2879
2880
2880
2881
2881
2881
2882
2882
2883
2883
2883
2883
2884
2884
2885
2886
2886
2887
2887
2887
2888
2888
2889
2889
2889
2890
2890
2890
2891
2892
2892
2893
2893
2894
2895
2895
2896
2896
2896
2897
2897
2898
2898
2898
2898
2899
2899
2900
2900
2900
2901
2902
2903
2904
2904
2904
2905
2905
2905
2906
2907
2907
2908
2908
2908
2909
2909
2909
2910
2911
2911
2911
2911
2912
2912
2913
2914
2914
2915
2916
2916
2916
2917
2918
2918
2919
2919
2919
2920
2920
2921
2921
2921
2921
2922
2922
2922
2923
2924
2924
2924
2925
2926
2926
2927
2927
2928
2928
2930
2930
2930
2931
2932
2932
2932
2933
2933
2933
2934
2935
2935
2935
2935
2936
2936
2937
2937
2938
2938
2938
2939
2940
2940
2941
2941
2941
2942
2943
2943
2943
2943
2944
2944
2944
2945
2946
2946
2947
2947
2947
2948
2948
2948
2949
2950
2950
2951
2952
2952
2953
2953
2953
2954
2954
2955
2955
2956
2956
2956
2956
2957
2957
2958
2958
2959
2960
2960
2960
2960
2960
2961
2961
2961
2962
2963
2964
2964
2964
2965
2965
2965
2966
2966
2966
2967
2967
2967
2968
2968
2969
2969
2970
2970
2971
2971
2971
2971
2972
2972
2972
2973
2973
2974
2974
2975
2975
2976
2976
2977
2977
2978
2978
2979
2979
2979
2980
2981
2981
2981
2981
2982
2982
2983
2983
2984
2984
2984
2984
2985
2985
2986
2986
2986
2987
2987
2987
2988
2988
2988
2989
2989
2989
2990
2990
2991
2991
2991
2992
2992
2993
2993
2993
2994
2994
2995
2995
2995
2996
2996
2996
2997
2998
2998
2999
2999
2999
3000
3000
3001
3001
3001
3001
3002
3002
3003
3003
3003
3004
3004
3005
3005
3005
3006
3006
3007
3007
3007
3007
3008
3009
3009
3010
3010
3010
3011
3011
3011
3012
3013
3013
3013
3014
3014
3014
3014
3015
3015
3016
3016
3017
3017
3017
3018
3018
3018
3019
3019
3020
3020
3022
3022
3022
3023
3023
3024
3024
3024
3025
3025
3026
3026
3026
3027
3028
3028
3029
3029
3030
3030
3030
3030
3031
3032
3032
3033
3033
3033
3034
3034
3034
3035
3035
3036
3037
3037
3038
3038
3039
3039
3039
3039
3040
3040
3041
3041
3041
3042
3042
3042
3043
3043
3043
3044
3044
3044
3045
3045
3046
3046
3047
3047
3048
3048
3049
3049
3050
3050
3051
3052
3052
3053
3053
3053
3054
3055
3056
3057
3057
3057
3058
3059
3059
3060
3061
3061
3062
3063
3063
3064
3064
3065
3065
3065
3066
3067
3068
3069
3070
3071
3071
3072
3072
3073
3074
3074
3075
3075
3076
3076
3077
3077
3078
3078
3079
3079
3080
3080
3081
3082
3084
3084
3084
3085
3085
3086
3086
3086
3087
3087
3087
3088
3088
3089
3090
3090
3091
3091
3092
3092
3092
3093
3093
3094
3094
3094
3094
3095
3095
3096
3096
3097
3097
3097
3097
3098
3098
3098
3099
3099
3099
3100
3100
3101
3102
3102
3103
3103
3104
3105
3106
3106
3107
3108
3109
3109
3110
3111
3111
3111
3112
3112
3113
3113
3113
3114
3114
3116
3116
3117
3118
3118
3118
3119
3119
3119
3120
3120
3120
3121
3122
3123
3124
3124
3125
3125
3126
3126
3126
3126
3127
3127
3128
3128
3129
3129
3130
3130
3131
3131
3132
3132
3132
3133
3134
3135
3135
3135
3136
3136
3136
3137
3137
3137
3138
3138
3138
3139
3139
3139
3140
3140
3140
3141
3141
3142
3142
3143
3143
3144
3144
3144
3145
3145
3145
3146
3147
3147
3147
3148
3148
3149
3149
3149
3150
3150
3151
3151
3151
3151
3152
3152
3152
3153
3154
3154
3155
3155
3155
3156
3156
3156
3157
3158
3159
3159
3160
3160
3161
3162
3162
3163
3163
3164
3165
3165
3166
3166
3167
3168
3168
3169
3169
3170
3171
3172
3175
3175
3175
3175
3176
3176
3177
3177
3177
3177
3178
3178
3179
3179
3179
3180
3180
3181
3181
3181
3182
3183
3183
3184
3184
3185
3185
3187
3187
3188
3188
3188
3189
3189
3190
3190
3191
3192
3192
3192
3192
3193
3193
3194
3194
3195
3195
3196
3196
3197
3198
3198
3198
3198
3199
3199
3199
3200
3200
3201
3201
3202
3202
3203
3203
3203
3203
3204
3204
3205
3205
3206
3206
3207
3207
3207
3208
3208
3210
3211
3212
3212
3212
3213
3213
3213
3214
3215
3216
3216
3217
3217
3218
3219
3220
3220
3221
3222
3223
3224
3225
3225
3226
3226
3226
3227
3227
3227
3228
3228
3229
3229
3230
3230
3230
3230
3231
3231
3232
3232
3232
3233
3234
3234
3234
3235
3235
3236
3237
3237
3237
3238
3238
3238
3239
3240
3240
3240
3241
3241
3242
3242
3242
3242
3243
3244
3245
3245
3246
3246
3246
3246
3246
3247
3247
3247
3248
3248
3248
3249
3250
3250
3250
3251
3251
3251
3252
3252
3253
3254
3255
3256
3256
3257
3258
3258
3259
3260
3260
3261
3261
3262
3262
3262
3263
3263
3264
3265
3265
3267
3269
3269
3269
3270
3271
3272
3273
3273
3274
3275
3275
3278
3278
3279
3279
3280
3280
3281
3281
3282
3282
3283
3283
3284
3284
3285
3285
3286
3287
3287
3287
3288
3288
3288
3289
3290
3290
3291
3291
3291
3292
3292
3293
3293
3293
3293
3294
3294
3295
3295
3296
3296
3297
3297
3297
3297
3298
3298
3298
3299
3299
3300
3300
3301
3301
3301
3302
3302
3303
3303
3303
3304
3304
3304
3305
3306
3306
3307
3307
3307
3308
3308
3309
3309
3309
3309
3310
3310
3310
3311
3311
3311
3312
3312
3313
3313
3314
3314
3314
3315
3316
3316
3317
3318
3318
3319
3319
3320
3321
3321
3322
3322
3322
3323
3324
3324
3325
3325
3325
3325
3326
3326
3327
3327
3328
3328
3329
3329
3329
3329
3330
3330
3331
3331
3332
3332
3332
3333
3333
3334
3334
3334
3335
3335
3335
3336
3337
3337
3337
3337
3338
3338
3339
3339
3340
3340
3341
3341
3341
3341
3342
3342
3343
3343
3344
3344
3344
3345
3345
3346
3346
3346
3347
3347
3347
3348
3349
3350
3350
3351
3351
3352
3353
3353
3353
3354
3354
3355
3355
3356
3356
3357
3357
3358
3359
3360
3362
3362
3363
3364
3364
3364
3364
3365
3365
3366
3366
3367
3368
3368
3368
3369
3369
3370
3370
3371
3371
3372
3372
3372
3372
3373
3373
3374
3374
3375
3376
3377
3378
3379
3379
3379
3380
3380
3381
3381
3382
3383
3383
3383
3384
3384
3385
3385
3386
3386
3386
3386
3387
3387
3387
3388
3388
3389
3389
3390
3390
3391
3393
3393
3394
3395
3395
3395
3396
3397
3398
3399
27
26
25
37
36
33
34
35
32
31
30
29
28
16
5
4
6
7
3
2
8
9
1
0
10
11
22
17
15
14
18
19
13
23
21
20
24
12
5
5
6
7
8
9
10
15
16
16
17
17
18
21
22
22
23
23
26
26
27
27
30
30
31
33
33
34
37
37
38
41
41
42
47
47
48
48
49
50
50
51
51
52
52
55
56
56
61
61
63
64
71
64
69
69
70
72
72
73
73
76
77
82
83
83
84
84
86
86
88
88
95
96
98
98
99
99
104
104
105
105
106
107
121
157
152
131
130
122
122
123
124
128
128
129
129
130
131
134
135
140
140
141
141
145
146
150
150
151
151
152
153
153
154
154
155
156
156
157
357
358
177
176
173
164
163
158
158
160
160
161
163
161
164
166
166
167
171
167
171
173
174
176
174
177
179
179
181
182
183
183
186
187
191
191
192
192
298
299
208
209
193
194
198
199
204
205
208
209
210
210
211
211
213
218
219
222
223
228
229
230
231
232
235
234
233
233
234
235
236
236
238
242
244
244
245
249
250
250
262
254
255
256
257
261
261
262
263
264
265
265
266
266
278
267
276
267
270
271
276
277
277
278
279
279
280
281
284
287
294
295
298
299
300
304
301
303
303
304
305
338
311
312
316
317
317
318
318
320
321
352
324
324
358
327
330
564
333
334
335
337
337
338
339
339
340
340
341
341
344
345
348
348
349
352
355
355
356
356
357
359
359
362
362
546
363
363
367
367
368
368
370
371
376
376
377
377
378
380
654
655
496
497
485
486
486
457
455
456
383
382
381
381
382
383
384
456
390
391
392
393
394
395
396
397
399
402
407
408
409
410
411
413
416
420
421
422
438
431
430
423
428
429
436
437
439
444
445
446
447
452
453
454
455
457
458
458
459
459
460
477
477
480
480
481
481
484
484
485
492
493
496
497
502
498
498
499
500
502
504
504
505
505
508
508
509
509
513
514
517
518
520
520
521
521
522
522
523
523
525
524
531
532
533
534
535
538
539
766
547
543
543
545
545
546
547
549
549
550
550
552
552
553
553
555
555
556
558
556
558
565
561
560
559
559
560
563
561
562
564
565
568
566
566
567
569
569
570
570
572
575
578
581
583
583
584
584
585
585
587
587
590
590
591
591
594
594
595
595
599
602
607
607
608
608
609
609
610
610
611
611
612
613
616
691
617
655
622
623
623
624
624
626
627
648
649
650
650
651
651
652
653
654
656
656
657
667
668
669
670
671
673
673
674
674
675
675
678
678
747
748
749
679
679
681
681
682
684
682
684
685
685
687
687
688
690
688
690
691
692
692
694
693
693
694
702
697
697
698
701
702
703
703
704
708
708
709
711
711
712
712
720
720
721
721
723
724
730
730
731
731
732
732
733
733
734
734
735
735
739
740
743
745
746
746
747
748
749
750
750
751
754
759
760
763
763
764
764
765
765
766
767
767
772
773
774
778
779
780
781
781
782
782
788
789
790
791
793
793
797
797
949
842
843
833
832
798
799
800
800
801
801
806
806
807
807
808
808
809
809
814
814
815
815
816
816
817
818
819
819
820
820
821
821
822
827
828
828
830
831
832
833
834
834
838
839
842
843
844
844
846
847
848
848
850
850
851
853
851
853
854
854
856
856
857
859
857
859
860
860
862
862
863
865
863
865
866
866
868
868
869
871
869
871
873
873
874
874
875
876
881
881
885
883
882
882
883
884
884
886
888
888
889
905
889
895
895
903
903
904
906
906
907
907
914
908
913
908
911
911
912
914
915
915
923
924
928
928
929
929
930
930
931
931
934
934
939
939
940
940
941
941
942
942
944
944
945
947
945
947
948
948
949
952
953
959
960
962
962
963
963
964
964
966
967
969
969
970
970
980
981
983
983
984
984
990
991
992
992
993
993
994
1123
994
998
998
999
999
1000
1001
1005
1006
1075
1034
1035
1036
1037
1007
1007
1009
1010
1011
1011
1014
1017
1030
1031
1034
1035
1036
1037
1038
1038
1040
1039
1041
1042
1042
1043
1043
1044
1045
1046
1046
1047
1052
1053
1053
1054
1055
1055
1056
1056
1057
1057
1058
1058
1059
1059
1060
1060
1061
1061
1062
1062
1063
1063
1065
1065
1066
1068
1066
1068
1069
1069
1071
1071
1072
1074
1072
1074
1075
1154
1078
1078
1080
1079
1079
1080
1081
1081
1083
1084
1085
1086
1088
1088
1091
1091
1094
1094
1098
1098
1099
1102
1104
1104
1105
1105
1107
1110
1112
1112
1113
1113
1122
1127
1127
1193
1194
1195
1166
1129
1128
1128
1129
1154
1155
1155
1156
1156
1157
1157
1158
1161
1158
1159
1159
1160
1160
1161
1162
1162
1163
1163
1164
1164
1165
1165
1166
1172
1176
1176
1180
1181
1183
1183
1184
1184
1187
1187
1188
1189
1191
1191
1229
1215
1214
1192
1192
1193
1194
1195
1202
1203
1204
1205
1206
1206
1207
1207
1208
1208
1212
1213
1214
1215
1217
1221
1221
1222
1222
1223
1225
1225
1226
1297
1226
1227
1229
1232
1232
1233
1233
1243
1244
1245
1246
1247
1248
1249
1250
1252
1252
1253
1253
1256
1256
1257
1257
1261
1262
1265
1265
1266
1267
1268
1268
1269
1269
1270
1273
1271
1272
1272
1273
1278
1277
1274
1274
1275
1275
1276
1276
1277
1278
1279
1279
1280
1280
1281
1281
1290
1290
1300
1291
1293
1291
1298
1300
1301
1311
1301
1302
1304
1304
1305
1305
1307
1312
1314
1314
1315
1344
1315
1316
1318
1318
1319
1319
1320
1320
1325
1325
1327
1326
1328
1333
1333
1334
1334
1335
1336
1336
1337
1337
1338
1338
1339
1339
1345
1347
1347
1348
1349
1353
1353
1540
1354
1354
1355
1355
1360
1361
1364
1364
1365
1365
1367
1366
1366
1367
1386
1387
1390
1391
1392
1393
1394
1395
1396
1399
1401
1403
1404
1404
1405
1405
1406
1406
1407
1407
1408
1408
1409
1409
1410
1410
1411
1411
1421
1422
1423
1416
1416
1421
1422
1423
1424
1425
1426
1427
1428
1429
1431
1431
1432
1432
1437
1437
1438
1438
1440
1440
1441
1441
1444
1444
1445
1445
1446
1446
1449
1449
1450
1450
1480
1479
1451
1451
1453
1454
1458
1459
1460
1460
1461
1461
1469
1472
1475
1476
1477
1477
1478
1478
1479
1480
1481
1481
1482
1482
1483
1483
1486
1486
1487
1487
1488
1492
1493
1496
1496
1497
1497
1498
1498
1510
1511
1512
1513
1516
1516
1517
1517
1518
1518
1521
1521
1648
1647
1523
1522
1522
1523
1525
1525
1526
1526
1528
1528
1529
1531
1529
1531
1532
1532
1534
1534
1535
1537
1535
1537
1538
1538
1539
1539
1541
1545
1546
1550
1550
1551
1551
1552
1553
1553
1554
1554
1710
1555
1709
1555
1556
1561
1573
1562
1562
1563
1564
1564
1565
1565
1566
1567
1568
1568
1569
1569
1570
1571
1571
1572
1572
1573
1574
1574
1580
1581
1586
1586
1587
1587
1588
1740
1588
1595
1596
1601
1602
1609
1610
1614
1615
1621
1622
1626
1627
1631
1632
1633
1633
1634
1634
1637
1639
1639
1640
1643
1646
1646
1647
1648
1649
1649
1653
1654
1657
1657
1658
1658
1659
1659
1662
1662
1664
1664
1665
1666
1666
1667
1667
1680
1680
1681
1681
1682
1682
1683
1683
1684
1684
1685
1685
1686
1686
1687
1687
1688
1689
1689
1690
1691
1692
1693
1694
1694
1695
1695
1696
1696
1702
1702
1703
1703
1704
1704
1705
1705
1706
1706
1707
1707
1717
1708
1710
1712
1713
1714
1715
1716
1718
1718
1719
1719
1720
1721
1724
1725
1726
1727
1730
1731
1765
1732
1732
1733
1733
1734
1734
1738
1735
1735
1738
1739
1739
1747
1748
1749
1750
1756
1757
1760
1760
1761
1762
1762
1763
1763
1764
1764
1765
1766
1766
1768
1769
1776
1777
1778
1779
1783
1784
1787
1788
1789
1790
1791
1791
1792
1792
1793
1793
1963
1794
1810
1794
1795
1799
1799
1800
1804
1800
1802
1803
1805
1805
1811
1814
1818
1831
1832
1832
1819
1819
1822
1822
1829
1829
1830
1830
1834
1831
1833
1833
1835
1838
1838
1839
1839
1840
1840
1841
1841
1842
1842
1845
1843
1843
1844
1844
1845
1846
1846
1849
1849
1850
1850
1852
1853
1858
1858
1859
1859
1860
1862
1865
1866
1864
1863
1863
1864
1865
1866
1867
1872
1873
1874
1881
1881
1882
1882
1883
1883
1884
1885
1886
1887
1888
1888
1889
1890
1891
1892
1899
1899
1900
1901
1902
1905
1906
1906
1908
1907
1909
1916
1917
1918
1919
1920
1920
1921
1921
1922
1923
1932
1933
1934
1935
1936
1937
1941
1944
1945
1946
1947
1948
1948
1949
1949
1950
1956
1957
1958
1959
1960
1961
1962
1962
1963
1964
1964
1967
1967
1968
1968
1977
1978
1981
1982
1984
1984
1985
1985
1986
1986
1987
1987
1988
1988
1989
1989
1990
1990
2019
1991
1993
1991
1994
2000
2001
2004
2005
2008
2015
2015
2016
2016
2017
2017
2119
2018
2018
2019
2020
2020
2021
2022
2024
2024
2025
2028
2029
2030
2035
2035
2036
2037
2043
2044
2045
2046
2061
2061
2062
2063
2063
2064
2064
2065
2066
2067
2067
2068
2068
2069
2070
2070
2071
2071
2072
2072
2073
2073
2076
2076
2077
2077
2078
2078
2080
2080
2081
2083
2081
2083
2084
2084
2086
2086
2087
2089
2087
2089
2092
2093
2093
2094
2094
2095
2096
2099
2099
2101
2101
2102
2104
2102
2104
2105
2105
2107
2107
2108
2110
2108
2110
2111
2111
2112
2112
2117
2117
2178
2156
2154
2155
2118
2118
2119
2120
2120
2122
2123
2125
2123
2126
2128
2128
2129
2165
2129
2130
2155
2131
2131
2132
2132
2134
2134
2135
2269
2142
2143
2146
2147
2148
2149
2152
2153
2154
2159
2156
2158
2166
2167
2167
2168
2168
2169
2170
2173
2174
2175
2176
2177
2179
2179
2181
2182
2186
2186
2187
2187
2188
2196
2197
2198
2199
2203
2204
2207
2208
2209
2212
2213
2214
2221
2223
2222
2222
2224
2223
2224
2225
2226
2227
2229
2228
2228
2229
2367
2364
2233
2230
2230
2231
2231
2232
2239
2239
2240
2240
2244
2244
2261
2246
2245
2245
2246
2249
2250
2255
2255
2256
2259
2260
2260
2261
2262
2262
2269
2270
2270
2271
2272
2273
2274
2277
2277
2278
2278
2288
2288
2289
2289
2290
2290
2291
2291
2292
2292
2293
2293
2294
2294
2295
2295
2296
2296
2297
2297
2298
2298
2299
2299
2300
2300
2306
2306
2307
2307
2320
2320
2321
2321
2322
2322
2323
2325
2326
2331
2331
2332
2333
2334
2334
2360
2335
2335
2336
2337
2338
2339
2341
2342
2343
2344
2345
2346
2347
2348
2349
2352
2358
2359
2360
2361
2361
2362
2362
2363
2368
2372
2373
2377
2378
2379
2379
2380
2380
2381
2381
2382
2382
2384
2385
2388
2389
2395
2396
2397
2398
2402
2403
2404
2405
2406
2408
2408
2409
2409
2410
2410
2411
2411
2412
2412
2413
2413
2414
2414
2415
2415
2416
2416
2417
2418
2419
2419
2420
2420
2427
2427
2428
2428
2429
2429
2431
2430
2432
2432
2433
2433
2434
2434
2435
2435
2436
2437
2438
2439
2440
2441
2442
2443
2447
2447
2448
2448
2449
2452
2454
2520
2459
2453
2453
2454
2455
2456
2457
2515
2457
2458
2466
2469
2472
2473
2476
2477
2478
2479
2483
2484
2487
2490
2493
2493
2494
2494
2508
2495
2497
2495
2497
2498
2498
2500
2500
2501
2503
2501
2503
2504
2504
2505
2506
2506
2507
2507
2508
2509
2509
2510
2510
2511
2512
2514
2518
2518
2519
2521
2524
2525
2526
2531
2531
2533
2532
2534
2535
2535
2536
2536
2537
2538
2539
2542
2543
2546
2547
2547
2548
2548
2565
2549
2552
2549
2550
2550
2551
2561
2564
2566
2565
2566
2570
2567
2567
2569
2570
2572
2573
2576
2577
2580
2580
2581
2581
2582
2583
2583
2584
2584
2585
2585
2586
2586
2588
2589
2593
2594
2600
2601
2602
2603
2608
2608
2609
2609
2611
2610
2610
2611
2612
2612
2615
2616
2621
2621
2622
2623
2627
2635
2636
2640
2640
2641
2641
2642
2642
2643
2643
2648
2648
2649
2649
2650
2652
2653
2655
2654
2654
2655
2656
2656
2657
2657
2658
2658
2665
2666
2667
2668
2670
2670
2671
2671
2681
2681
2682
2682
2683
2686
2684
2685
2685
2686
2798
2797
2792
2696
2695
2690
2689
2687
2687
2689
2690
2692
2692
2693
2693
2695
2696
2698
2698
2699
2699
2700
2700
2701
2701
2702
2702
2709
2710
2711
2711
2714
2715
2716
2719
2719
2720
2720
2721
2722
2723
2724
2725
2726
2731
2732
2733
2734
2735
2736
2737
2738
2745
2746
2749
2750
2752
2752
2753
2753
2754
2754
2755
2755
2879
2756
2757
2757
2758
2760
2760
2761
2765
2772
2773
2773
2774
2774
2775
2778
2779
2780
2781
2786
2787
2787
2788
2788
2789
2792
2794
2794
2795
2795
2797
2798
2800
2800
2801
2801
2803
2803
2804
2808
2804
2808
2810
2810
2811
2813
2811
2813
2814
2814
2815
2815
2816
2816
2817
2817
2818
2819
2821
2821
2822
2822
2826
2826
2831
2832
2837
2832
2835
2835
2836
2838
2838
2839
2839
2840
2840
2841
2841
2842
2843
2845
2845
2846
2850
2851
2851
2853
3083
2859
2854
2857
2858
2864
2865
2866
2867
2878
2880
2881
2885
2885
2892
2891
2886
2888
2888
2889
2889
2890
2893
2894
2894
2907
2906
2895
2896
2900
2901
2902
2902
2903
2903
2904
2912
2904
2905
2908
2911
2915
2915
2926
2925
2918
2917
2916
2919
2924
2927
2928
2929
2930
2931
2932
2932
2942
2937
2938
2941
2943
2944
2945
2946
2947
2951
2952
2955
2956
2957
2962
2963
2964
2965
2966
2967
2968
2974
2974
2980
2975
2975
2976
2976
2977
2977
2978
2978
2979
2981
2982
2982
2983
2984
2985
2991
2994
2996
2997
2998
2999
3003
3006
3007
3008
3009
3010
3014
3015
3020
3020
3021
3021
3022
3028
3022
3025
3025
3029
3105
3090
3089
3037
3036
3030
3035
3036
3037
3046
3046
3047
3047
3048
3048
3049
3049
3050
3050
3051
3051
3053
3054
3056
3055
3055
3056
3057
3057
3058
3058
3059
3062
3063
3063
3064
3064
3065
3066
3070
3070
3071
3071
3073
3073
3074
3074
3076
3077
3079
3077
3080
3080
3081
3081
3082
3082
3083
3101
3084
3088
3089
3090
3093
3094
3101
3102
3103
3104
3104
3105
3106
3106
3107
3111
3114
3115
3115
3116
3120
3121
3122
3122
3123
3123
3124
3124
3128
3129
3131
3129
3132
3142
3143
3145
3146
3147
3150
3151
3152
3153
3154
3155
3158
3159
3159
3161
3161
3162
3164
3162
3164
3165
3165
3167
3167
3168
3170
3168
3170
3171
3171
3173
3173
3174
3174
3175
3176
3181
3182
3183
3184
3185
3185
3186
3186
3187
3187
3188
3189
3194
3195
3196
3196
3201
3202
3203
3204
3208
3208
3209
3209
3235
3210
3210
3211
3211
3212
3217
3218
3221
3222
3222
3223
3223
3224
3224
3225
3229
3230
3231
3236
3237
3237
3238
3239
3240
3251
3252
3253
3254
3255
3256
3258
3259
3259
3270
3261
3260
3262
3263
3266
3266
3267
3267
3268
3268
3269
3269
3270
3275
3276
3277
3277
3278
3279
3280
3281
3282
3283
3284
3285
3286
3287
3287
3292
3293
3294
3300
3300
3301
3301
3304
3305
3306
3307
3313
3314
3317
3318
3319
3320
3321
3322
3327
3327
3328
3328
3329
3330
3333
3334
3339
3339
3340
3340
3341
3342
3345
3346
3349
3350
3351
3352
3373
3370
3365
3353
3356
3357
3358
3362
3363
3364
3371
3372
3376
3377
3378
3395
3396
3389
3384
3379
3379
3382
3382
3383
3390
3397
3398
3399
3400
4
3
2
1
0
12
11
0
10
12
14
13
13
19
19
21
20
20
24
24
25
25
28
28
29
29
31
32
32
35
35
36
190
323
178
180
169
175
170
172
45
165
46
162
40
159
39
38
53
39
40
42
197
44
54
196
200
49
201
43
43
44
46
45
53
54
57
58
58
59
59
220
221
224
225
195
212
214
214
184
168
203
206
241
243
237
239
75
79
80
89
87
85
60
62
60
159
62
63
74
65
65
162
67
71
78
70
81
66
66
67
68
68
165
74
75
78
79
80
81
91
126
127
90
139
133
137
138
91
92
92
96
97
94
100
93
97
93
172
94
175
100
95
125
101
101
102
102
178
103
323
103
108
106
132
108
107
136
109
109
111
113
118
112
119
110
120
110
111
322
360
112
361
113
544
114
548
114
117
115
551
115
116
116
117
118
119
120
264
268
147
155
121
144
125
126
132
133
136
137
143
148
142
149
269
273
274
275
143
144
147
148
168
170
169
184
180
185
188
185
182
202
181
207
186
293
310
316
187
297
188
190
319
354
189
315
189
196
197
200
201
202
203
206
207
215
216
217
218
220
225
231
226
232
227
226
239
241
292
296
290
240
240
246
248
247
252
253
258
251
259
260
263
272
268
269
272
273
280
326
325
563
326
328
283
282
281
286
284
285
285
286
389
388
386
289
288
287
386
290
302
291
292
293
296
297
306
306
309
313
307
307
336
308
309
310
313
314
314
320
319
315
321
342
347
349
350
351
350
364
351
353
353
361
354
360
322
328
329
588
586
573
574
579
580
603
598
601
603
598
600
580
582
577
579
574
576
571
573
325
329
589
592
593
596
370
491
369
372
371
495
343
346
332
488
331
487
332
331
342
343
346
347
364
544
365
369
365
548
366
551
366
372
373
373
374
374
554
375
557
375
379
378
619
380
620
379
384
385
385
387
398
404
401
400
399
404
402
403
403
405
406
412
412
415
414
413
416
417
417
419
418
424
427
426
425
432
435
434
433
440
443
442
441
448
451
450
449
461
490
494
618
621
464
463
462
462
489
463
501
464
625
465
628
465
467
472
466
473
466
554
467
557
468
680
468
471
469
683
469
470
470
471
472
473
562
571
568
576
567
577
582
612
615
614
600
613
601
616
700
699
695
698
696
701
474
686
474
614
475
615
475
689
476
849
476
699
606
700
606
852
478
479
482
483
490
491
494
495
506
503
510
507
536
537
540
526
511
511
513
512
514
526
515
516
519
518
777
517
530
527
529
530
777
528
541
771
770
775
768
542
597
604
605
855
605
618
619
620
621
629
630
645
644
631
630
631
643
633
642
752
753
632
641
632
633
805
804
803
802
758
761
635
639
634
640
635
634
636
636
823
826
637
637
829
638
644
645
647
647
657
658
672
646
671
670
756
676
677
669
755
753
755
752
756
646
658
659
659
680
660
660
672
683
661
686
661
676
662
662
677
689
663
849
663
736
664
664
737
852
665
855
665
738
666
666
741
858
728
861
742
741
738
737
736
668
757
667
762
695
696
704
705
705
710
717
710
706
707
709
707
706
714
725
722
714
723
713
724
877
726
715
875
716
876
716
715
713
719
864
718
861
717
858
718
722
719
725
726
727
727
867
870
872
795
870
794
867
729
864
792
794
729
744
728
742
739
824
740
825
743
837
745
841
744
757
758
761
762
879
887
878
880
872
877
880
943
769
783
776
840
836
784
835
784
785
785
845
787
965
951
954
786
968
786
787
938
937
936
935
813
812
811
810
926
927
796
792
791
950
790
955
789
956
788
961
795
796
823
824
825
826
836
837
840
841
878
885
893
886
894
887
879
946
890
890
1064
891
1067
891
902
892
892
896
905
897
904
902
901
898
913
897
896
894
893
898
899
899
912
900
900
901
909
909
1070
910
910
1073
916
916
981
982
918
985
917
982
917
1153
918
1152
1089
1151
1077
1152
1076
1153
997
1073
996
1070
922
1067
921
1064
920
946
919
943
919
927
920
926
921
925
922
932
932
925
924
1015
923
1016
933
933
950
951
954
955
956
958
958
957
1013
1018
1016
1018
1013
1015
957
961
971
972
972
973
973
1008
974
1012
974
975
975
977
976
979
978
1028
1032
1051
1048
985
980
1130
986
986
987
988
1150
987
1151
988
989
989
991
1167
990
1170
995
995
1149
1132
1146
1131
1147
1096
1148
1095
1149
1090
1150
1093
1095
1090
1092
1087
1089
1004
1077
1003
1076
997
1002
996
1000
1029
1002
1001
1033
1003
1006
1049
1005
1050
1004
1019
1020
1027
1020
1021
1021
1026
1022
1025
1022
1023
1023
1024
1028
1029
1032
1033
1048
1049
1050
1051
1082
1082
1100
1086
1087
1092
1085
1103
1084
1106
1093
1097
1083
1111
1096
1097
1100
1101
1108
1109
1109
1111
1106
1108
1101
1103
1114
1114
1260
1120
1119
1118
1117
1116
1115
1115
1251
1116
1254
1117
1255
1118
1258
1260
1263
1120
1356
1119
1259
1121
1121
1190
1186
1185
1182
1126
1124
1123
1171
1122
1173
1124
1125
1148
1125
1126
1130
1138
1144
1137
1145
1131
1134
1132
1133
1133
1134
1267
1264
1266
1136
1270
1359
1271
1363
1135
1135
1136
1137
1138
1433
1436
1139
1430
1139
1439
1436
1442
1140
1147
1140
1182
1141
1185
1141
1146
1142
1145
1142
1186
1143
1190
1143
1144
1167
1174
1175
1178
1219
1220
1177
1168
1218
1295
1169
1296
1168
1224
1169
1231
1230
1170
1171
1173
1174
1178
1179
1179
1181
1180
1211
1188
1216
1189
1228
1197
1205
1292
1204
1303
1196
1196
1197
1198
1198
1439
1199
1442
1199
1200
1209
1200
1443
1201
1201
1447
1203
1306
1209
1210
1202
1317
1210
1294
1309
1342
1308
1317
1342
1306
1308
1303
1309
1292
1294
1228
1295
1216
1218
1211
1219
1381
1380
1379
1378
1234
1234
1299
1235
1310
1235
1236
1236
1313
1237
1237
1343
1238
1341
1351
1239
1352
1238
1346
1239
1240
1543
1548
1241
1549
1240
1542
1241
1362
1358
1357
1242
1368
1242
1263
1264
1283
1282
1287
1286
1285
1284
1289
1288
1321
1321
1527
1324
1530
1323
1326
1340
1327
1350
1322
1322
1323
1324
1328
1329
1329
1331
1544
1335
1547
1330
1330
1332
1332
1536
1331
1533
1340
1341
1350
1351
1358
1359
1362
1363
1369
1413
1370
1679
1370
1377
1371
1376
1371
1678
1373
1677
1372
1676
1372
1373
1375
1374
1374
1375
1376
1377
1559
1558
1557
1563
1560
1566
1567
1594
1570
1597
1383
1384
1389
1382
1384
1386
1385
1387
1388
1389
1396
1397
1398
1399
1620
1400
1400
1624
1623
1620
1402
1635
1628
1625
1630
1629
1636
1637
1401
1412
1412
1455
1429
1430
1433
1428
1452
1427
1470
1434
1500
1426
1471
1471
1473
1468
1470
1452
1456
1455
1456
1414
1457
1414
1413
1415
1415
1417
1418
1419
1420
1468
1473
1490
1494
1519
1514
1515
1499
1425
1491
1424
1495
1434
1435
1435
1443
1447
1448
1448
1500
1462
1463
1464
1465
1466
1466
1474
1467
1484
1484
1489
1524
1485
1490
1491
1494
1495
1499
1501
1501
1527
1502
1502
1515
1530
1503
1533
1503
1514
1504
1504
1519
1536
1506
1679
1513
1641
1512
1642
1642
1644
1505
1641
1505
1644
1645
1638
1507
1660
1506
1520
1507
1678
1508
1677
1508
1661
1509
1509
1668
1676
1671
1675
1511
1652
1520
1660
1510
1656
1543
1544
1547
1548
1557
1558
1559
1560
1575
1576
1577
1577
1578
1578
1579
1579
1592
1593
1598
1585
1582
1581
1600
1580
1603
1582
1583
1583
1675
1584
1584
1674
1585
1589
1589
1701
1741
1740
1755
1599
1590
1590
1591
1593
1594
1597
1598
1599
1600
1603
1604
1604
1754
1808
1711
1752
1607
1753
1606
1737
1605
1736
1606
1605
1607
1611
1608
1609
1619
1610
1618
1612
1613
1614
1615
1617
1616
1616
1617
1618
1619
1651
1655
1663
1650
1651
1652
1655
1656
1661
1665
1688
1668
1670
1693
1692
1669
1669
1670
1671
1672
1672
1673
1697
1673
1701
1674
1691
1697
1698
1690
1698
1699
1699
1700
1700
1809
1812
1815
1816
1746
1969
1745
1966
1744
1965
1743
1751
1711
1722
1723
1728
1729
1741
1742
1759
1742
1798
2074
1973
1972
1746
1745
1744
1743
1754
1755
1758
1758
1761
1759
1767
1768
1775
1769
1770
1780
1780
1775
1774
1773
1786
1781
1772
1771
1781
1783
1782
1784
1785
1786
1795
1796
1796
1798
1797
1801
1797
2075
1801
1807
1804
1806
1823
1824
1803
1813
1828
1825
1834
1999
1802
1817
1806
1807
1809
1808
1812
1813
1815
1816
1817
1820
1820
2079
1824
1821
1823
1821
2082
1825
1826
1826
2085
1827
1827
2088
1828
1835
1998
1993
1997
1992
1837
1995
1836
1992
1836
2100
1837
2103
1852
1851
1854
1853
1847
1847
1851
2074
1848
2075
1848
1854
1855
1855
1856
1856
2079
1857
2082
1857
1861
1860
1862
1861
1868
1871
1876
1875
1870
1884
1885
1869
1877
1878
1894
1893
1880
1886
1887
1879
1895
1896
1904
1903
1898
1907
1908
1897
1909
1910
1911
1912
1914
1915
1922
1913
1923
1924
1925
1926
1927
1928
1928
1932
1931
1938
1929
1929
1933
1930
1939
1940
1940
1956
1955
1941
1943
1942
1950
1951
2036
2034
2027
2026
2141
1953
1952
1953
1957
1954
1970
1971
1971
1999
2002
1972
1973
2023
1974
2121
2003
2006
1974
1975
1975
2124
1983
1980
1979
1976
1977
2141
1978
2140
1981
2139
1982
2138
1994
1995
2009
2010
2007
2046
1996
1996
1997
1998
2002
2003
2006
2007
2009
2010
2011
2011
2045
2048
2047
2014
2048
2012
2047
2012
2106
2014
2109
2013
2287
2013
2031
2032
2033
2037
2038
2127
2038
2039
2039
2164
2040
2163
2160
2040
2041
2041
2162
2161
2157
2161
2042
2160
2042
2044
2049
2113
2043
2157
2049
2050
2113
2050
2286
2116
2285
2341
2343
2342
2062
2054
2053
2065
2069
2066
2052
2051
2051
2052
2053
2054
2055
2055
2085
2056
2056
2088
2057
2100
2057
2058
2058
2103
2059
2106
2060
2090
2059
2091
2060
2109
2097
2287
2091
2092
2095
2090
2096
2098
2268
2097
2133
2098
2286
2136
2285
2114
2114
2116
2115
2284
2115
2268
2133
2135
2271
2137
2276
2136
2267
2137
2284
2279
2283
2189
2190
2192
2193
2194
2195
2139
2140
2145
2144
2150
2151
2138
2171
2172
2172
2180
2178
2180
2177
2183
2238
2241
2176
2247
2175
2251
2242
2184
2248
2252
2253
2258
2254
2257
2185
2189
2190
2257
2258
2318
2319
2174
2263
2173
2324
2183
2184
2191
2196
2200
2197
2236
2200
2234
2202
2205
2206
2201
2210
2215
2216
2211
2217
2218
2219
2220
2225
2221
2226
2227
2235
2236
2305
2308
2243
2282
2237
2283
2237
2241
2238
2242
2243
2247
2248
2251
2252
2263
2327
2327
2328
2482
2266
2265
2264
2264
2330
2265
2329
2266
2485
2486
2491
2482
2492
2276
2267
2272
2274
2275
2301
2273
2275
2279
2281
2301
2280
2302
2280
2281
2282
2302
2417
2418
2303
2303
2304
2304
2496
2305
2308
2319
2309
2318
2309
2496
2310
2499
2310
2317
2311
2316
2311
2502
2313
2688
2312
2691
2312
2313
2315
2314
2314
2315
2316
2317
2323
2488
2489
2505
2489
2491
2486
2488
2324
2328
2336
2340
2337
2355
2340
2357
2356
2355
2344
2345
2346
2347
2366
2365
2370
2369
2386
2383
2384
2385
2374
2371
2376
2375
2390
2387
2388
2389
2353
2354
2394
2399
2465
2401
2400
2464
2444
2393
2392
2445
2461
2460
2463
2462
2470
2471
2474
2475
2544
2541
2540
2545
2527
2522
2523
2528
2590
2587
2481
2480
2468
2467
2407
2351
2350
2348
2354
2349
2352
2401
2353
2391
2406
2421
2421
2430
2431
2422
2422
2424
2423
2423
2499
2424
2502
2426
2451
2425
2450
2425
2688
2426
2691
2436
2437
2438
2439
2446
2455
2456
2515
2516
2517
2532
2533
2530
2529
2534
2706
2707
2708
2705
2712
2713
2714
2715
2672
2669
2451
2450
2449
2452
2668
2667
2465
2466
2471
2469
2470
2479
2511
2512
2513
2514
2541
2542
2544
2551
2552
2560
2559
2558
2603
2604
2607
2557
2602
2558
2575
2559
2563
2560
2562
2562
2563
2554
2571
2553
2568
2553
2554
2555
2555
2574
2575
2556
2556
2579
2578
2557
2578
2588
2598
2589
2597
2591
2592
2593
2594
2596
2595
2595
2596
2597
2598
2728
2727
2625
2626
2624
2599
2599
2620
2614
2618
2638
2639
2601
2613
2600
2617
2604
2605
2605
2694
2606
2606
2697
2607
2613
2614
2617
2618
2619
2624
2626
2628
2629
2660
2625
2659
2629
2630
2630
2636
2637
2634
2644
2633
2637
2632
2638
2631
2639
2631
2793
2632
2796
2633
2799
2634
2802
2644
2635
2651
2645
2645
2646
2646
2809
2647
2812
2647
2830
2650
2847
2830
2831
2848
2661
2847
2651
2660
2661
2662
2662
2844
2741
2852
2849
3032
3033
2824
3072
2825
2827
2806
2812
2807
2809
2677
2802
2676
2799
2675
2796
2674
2793
2664
2697
2663
2694
2663
2669
2664
2672
2666
2673
2680
2665
2673
2674
2675
2680
2676
2679
2677
2678
2678
2679
2683
2684
2818
2805
2820
2819
3061
3060
3052
2823
3054
3053
2759
2758
2762
2763
2764
2772
2771
2776
2775
2777
2770
2769
2782
2786
2785
2790
2789
2730
2729
2704
2703
2716
2717
2891
2718
2739
2740
2874
2875
2876
2877
2860
2855
2856
2861
2868
2863
2862
2869
2741
2742
2742
3075
2743
3078
2743
3004
2993
2992
2751
2748
2747
2744
2745
2855
2746
2860
2749
2863
2750
2868
2767
2768
2923
2766
2766
2767
2783
2784
2791
2920
2886
2887
2934
2890
2805
2807
2806
2820
2823
2825
2824
3052
2827
2833
2829
2837
3031
2836
3034
2828
2828
2829
2833
2834
2834
3072
2848
2849
2870
2871
2872
2873
2882
2897
2884
2892
2893
2883
2898
2899
2901
2900
2909
2910
2913
2912
2914
2911
2921
2922
2928
2929
2931
2933
2973
2930
2935
2936
2949
2948
2969
2970
2971
2972
3059
3062
3066
3067
3068
3065
2939
2939
2940
2940
2950
2954
2959
2958
2952
2951
2953
2961
2954
2962
2959
2963
2960
2964
2983
2995
2990
2989
3000
3012
3002
3001
3011
3180
2988
2987
3179
3178
2986
2985
2984
2990
2991
2994
2995
3002
3003
3005
3006
3012
3013
3013
3142
3141
3040
3108
3026
3027
3019
3016
3015
3038
3014
3087
3016
3017
3017
3160
3018
3018
3163
3019
3023
3023
3166
3027
3024
3026
3024
3169
3028
3091
3029
3095
3031
3032
3033
3034
3038
3085
3085
3086
3039
3039
3040
3100
3099
3098
3118
3092
3045
3172
3044
3169
3043
3166
3042
3163
3041
3160
3041
3060
3042
3061
3043
3067
3044
3068
3045
3069
3069
3086
3087
3091
3092
3095
3096
3097
3119
3096
3107
3108
3109
3109
3172
3110
3112
3113
3117
3117
3113
3110
3112
3126
3127
3119
3118
3125
3127
3126
3130
3133
3134
3134
3135
3136
3137
3138
3139
3140
3143
3144
3154
3156
3153
3157
3148
3149
3144
3156
3157
3233
3232
3228
3249
3158
3191
3190
3193
3192
3200
3199
3206
3205
3207
3198
3197
3177
3176
3175
3213
3214
3215
3216
3289
3288
3286
3295
3290
3291
3296
3285
3299
3302
3284
3303
3298
3297
3308
3312
3315
3216
3218
3215
3219
3361
3360
3359
3220
3220
3225
3228
3227
3253
3226
3227
3250
3257
3226
3234
3243
3242
3241
3244
3236
3235
3245
3271
3247
3248
3264
3246
3254
3265
3274
3272
3273
3278
3279
3280
3281
3282
3283
3309
3310
3311
3315
3316
3316
3323
3318
3317
3323
3324
3324
3354
3332
3331
3326
3325
3335
3336
3344
3343
3338
3337
3347
3348
3374
3369
3366
3350
3349
3355
3355
3367
3359
3360
3361
3362
3367
3376
3375
3368
3368
3375
3378
3377
3380
3381
3385
3388
3391
3392
3387
3394
3393
3386
3393
3394
3399
3400
2978
3218
3219
3317
3318
3349
3350
3356
3361
3362
3376
3377
3378
3399
3400
3045
3046
3069
3106
3107
3108
3109
3110
3114
3115
3116
3116
3117
3132
3133
3134
3135
3158
3171
3172
3173
3174
3226
3236
3244
3245
3254
3255
3256
3257
3265
3266
3267
3271
3272
3273
3273
3274
3275
3276
3277
3278
3381
3382
3383
3386
3390
3391
3392
3393
3397
3398
3399
36
85
87
89
138
139
127
90
274
275
149
142
586
588
589
592
593
596
597
602
603
604
604
694
695
696
706
707
713
714
715
716
893
894
896
897
898
899
916
1130
1167
1168
1170
1175
1174
1171
1172
1175
1176
1177
1220
1223
1230
1230
1231
1233
1378
1379
1380
1381
1386
1384
1391
1392
1383
1383
1392
1401
1401
1403
1402
1402
1403
1627
1628
1635
1634
1637
1884
1885
1886
1887
1907
1908
1909
1922
1941
1941
2341
2342
2343
2345
2344
2346
2347
2436
2437
2438
2439
2511
2763
2757
2512
2513
2756
2756
2765
2763
2764
2764
2765
2926
2925
2768
2767
2929
2928
2929
2951
2953
2975
3220
3221
3221
3356
3357
3358
4
247
260
259
478
479
482
483
503
506
507
510
518
528
542
768
783
769
774
775
776
777
778
779
780
782
783
802
803
804
805
810
811
812
813
935
936
937
938
976
977
978
979
1282
1283
1284
1285
1286
1287
1288
1289
1417
1418
1419
1420
1462
1463
1464
1465
1484
1485
1485
1487
1488
1524
1645
1638
1650
1654
1655
1656
1663
1662
1663
1664
1689
1839
1838
1841
1840
1863
1864
1866
1865
2072
2061
2070
2071
2132
2131
2410
2411
2412
2413
2414
2415
2432
2433
2434
2435
2448
2447
2702
2701
2700
2699
2815
2814
2817
2816
3055
3056
3058
3057
3063
3064
3174
)


// ************************************************************************* //
