/*--------------------------------*- C++ -*----------------------------------*\
| =========                 |                                                 |
| \\      /  F ield         | OpenFOAM: The Open Source CFD Toolbox           |
|  \\    /   O peration     | Version:  2412                                  |
|   \\  /    A nd           | Website:  www.openfoam.com                      |
|    \\/     M anipulation  |                                                 |
\*---------------------------------------------------------------------------*/
FoamFile
{
    version     2.0;
    format      ascii;
    arch        "LSB;label=32;scalar=64";
    class       faceList;
    location    "constant/claddingZone/polyMesh";
    object      faces;
}
// * * * * * * * * * * * * * * * * * * * * * * * * * * * * * * * * * * * * * //


3200
(
4(765 777 1178 1172)
4(765 1172 1162 691)
4(691 693 777 765)
4(766 778 1179 1173)
4(766 1173 1172 765)
4(765 777 778 766)
4(773 781 1180 1176)
4(773 1176 1173 766)
4(766 778 781 773)
4(774 782 1181 1177)
4(774 1177 1176 773)
4(773 781 782 774)
4(944 1207 1177 774)
4(774 782 946 944)
4(772 1175 1177 774)
4(943 1206 1175 772)
4(772 774 944 943)
4(771 1174 1176 773)
4(772 1175 1174 771)
4(771 773 774 772)
4(764 1171 1173 766)
4(771 1174 1171 764)
4(764 766 773 771)
4(763 1170 1172 765)
4(764 1171 1170 763)
4(763 765 766 764)
4(763 1170 1161 690)
4(690 691 765 763)
4(678 763 1170 1155)
4(552 690 763 678)
4(679 764 1171 1156)
4(679 1156 1155 678)
4(678 763 764 679)
4(686 771 1174 1159)
4(686 1159 1156 679)
4(679 764 771 686)
4(687 772 1175 1160)
4(687 1160 1159 686)
4(686 771 772 687)
4(810 1189 1160 687)
4(687 772 943 810)
4(685 1158 1160 687)
4(808 1187 1158 685)
4(685 687 810 808)
4(684 1157 1159 686)
4(685 1158 1157 684)
4(684 686 687 685)
4(677 1154 1156 679)
4(684 1157 1154 677)
4(677 679 686 684)
4(677 1154 1153 676)
4(676 678 679 677)
4(663 677 1154 1148)
4(663 1148 1147 662)
4(662 676 677 663)
4(670 684 1157 1151)
4(670 1151 1148 663)
4(663 677 684 670)
4(671 685 1158 1152)
4(671 1152 1151 670)
4(670 684 685 671)
4(803 808 1187 1185)
4(803 1185 1152 671)
4(671 685 808 803)
4(804 1186 1185 803)
4(803 808 809 804)
4(801 1183 1185 803)
4(802 1184 1183 801)
4(801 803 804 802)
4(669 1150 1152 671)
4(801 1183 1150 669)
4(669 671 803 801)
4(668 1149 1151 670)
4(669 1150 1149 668)
4(668 670 671 669)
4(661 1146 1148 663)
4(668 1149 1146 661)
4(661 663 670 668)
4(660 662 663 661)
4(227 668 1149 1076)
4(227 1076 1073 220)
4(220 661 668 227)
4(228 669 1150 1077)
4(228 1077 1076 227)
4(227 668 669 228)
4(383 801 1183 1124)
4(383 1124 1077 228)
4(228 669 801 383)
4(384 1125 1124 383)
4(383 801 802 384)
4(382 1123 1125 384)
4(387 1126 1123 382)
4(382 384 388 387)
4(381 1122 1124 383)
4(382 1123 1122 381)
4(381 383 384 382)
4(226 1075 1077 228)
4(381 1122 1075 226)
4(226 228 383 381)
4(225 1074 1076 227)
4(226 1075 1074 225)
4(225 227 228 226)
4(225 1074 1072 219)
4(219 220 227 225)
4(215 225 1074 1070)
4(208 219 225 215)
4(216 226 1075 1071)
4(216 1071 1070 215)
4(215 225 226 216)
4(367 381 1122 1116)
4(367 1116 1071 216)
4(216 226 381 367)
4(368 382 1123 1117)
4(368 1117 1116 367)
4(367 381 382 368)
4(375 1120 1117 368)
4(368 382 387 375)
4(373 1118 1120 375)
4(374 1119 1118 373)
4(373 375 376 374)
4(366 1115 1117 368)
4(373 1118 1115 366)
4(366 368 375 373)
4(365 1114 1116 367)
4(366 1115 1114 365)
4(365 367 368 366)
4(214 1069 1071 216)
4(365 1114 1069 214)
4(214 216 367 365)
4(214 1069 1068 213)
4(213 215 216 214)
4(102 214 1069 1043)
4(101 213 214 102)
4(304 365 1114 1096)
4(304 1096 1043 102)
4(102 214 365 304)
4(305 366 1115 1097)
4(305 1097 1096 304)
4(304 365 366 305)
4(312 373 1118 1100)
4(312 1100 1097 305)
4(305 366 373 312)
4(313 1101 1100 312)
4(312 373 374 313)
4(311 1099 1101 313)
4(359 1112 1099 311)
4(311 313 360 359)
4(310 1098 1100 312)
4(311 1099 1098 310)
4(310 312 313 311)
4(303 1095 1097 305)
4(310 1098 1095 303)
4(303 305 312 310)
4(302 1094 1096 304)
4(303 1095 1094 302)
4(302 304 305 303)
4(302 1094 1041 100)
4(100 102 304 302)
4(288 302 1094 1088)
4(96 100 302 288)
4(289 303 1095 1089)
4(289 1089 1088 288)
4(288 302 303 289)
4(296 310 1098 1092)
4(296 1092 1089 289)
4(289 303 310 296)
4(297 311 1099 1093)
4(297 1093 1092 296)
4(296 310 311 297)
4(320 1104 1093 297)
4(297 311 359 320)
4(318 1102 1104 320)
4(319 1103 1102 318)
4(318 320 321 319)
4(295 1091 1093 297)
4(318 1102 1091 295)
4(295 297 320 318)
4(294 1090 1092 296)
4(295 1091 1090 294)
4(294 296 297 295)
4(287 1087 1089 289)
4(294 1090 1087 287)
4(287 289 296 294)
4(286 288 289 287)
4(993 294 1090 1213)
4(993 1213 1210 986)
4(986 287 294 993)
4(994 295 1091 1214)
4(994 1214 1213 993)
4(993 294 295 994)
4(1017 318 1102 1225)
4(1017 1225 1214 994)
4(994 295 318 1017)
4(1018 319 1103 1226)
4(1018 1226 1225 1017)
4(1017 318 319 1018)
4(1024 1229 1226 1018)
4(1018 319 356 1024)
4(1016 1224 1226 1018)
4(1022 1227 1224 1016)
4(1016 1018 1024 1022)
4(1015 1223 1225 1017)
4(1016 1224 1223 1015)
4(1015 1017 1018 1016)
4(992 1212 1214 994)
4(1015 1223 1212 992)
4(992 994 1017 1015)
4(991 1211 1213 993)
4(992 1212 1211 991)
4(991 993 994 992)
4(985 986 993 991)
4(938 992 1212 1205)
4(937 991 992 938)
4(1001 1015 1223 1217)
4(1001 1217 1205 938)
4(938 992 1015 1001)
4(1002 1016 1224 1218)
4(1002 1218 1217 1001)
4(1001 1015 1016 1002)
4(1009 1022 1227 1221)
4(1009 1221 1218 1002)
4(1002 1016 1022 1009)
4(1010 1222 1221 1009)
4(1009 1022 1023 1010)
4(1008 1220 1222 1010)
4(703 1167 1220 1008)
4(1008 1010 705 703)
4(1007 1219 1221 1009)
4(1008 1220 1219 1007)
4(1007 1009 1010 1008)
4(1000 1216 1218 1002)
4(1007 1219 1216 1000)
4(1000 1002 1009 1007)
4(999 1215 1217 1001)
4(1000 1216 1215 999)
4(999 1001 1002 1000)
4(999 1215 1203 936)
4(936 938 1001 999)
4(923 999 1215 1197)
4(796 936 999 923)
4(924 1000 1216 1198)
4(924 1198 1197 923)
4(923 999 1000 924)
4(931 1007 1219 1201)
4(931 1201 1198 924)
4(924 1000 1007 931)
4(932 1008 1220 1202)
4(932 1202 1201 931)
4(931 1007 1008 932)
4(579 703 1167 1140)
4(579 1140 1202 932)
4(932 1008 703 579)
4(580 1141 1140 579)
4(579 703 704 580)
4(578 1139 1141 580)
4(584 1142 1139 578)
4(578 580 586 584)
4(577 1138 1140 579)
4(578 1139 1138 577)
4(577 579 580 578)
4(930 1200 1202 932)
4(577 1138 1200 930)
4(930 932 579 577)
4(929 1199 1201 931)
4(930 1200 1199 929)
4(929 931 932 930)
4(922 1196 1198 924)
4(929 1199 1196 922)
4(922 924 931 929)
4(921 923 924 922)
4(915 929 1199 1193)
4(908 922 929 915)
4(916 930 1200 1194)
4(916 1194 1193 915)
4(915 929 930 916)
4(563 577 1138 1132)
4(563 1132 1194 916)
4(916 930 577 563)
4(564 578 1139 1133)
4(564 1133 1132 563)
4(563 577 578 564)
4(571 584 1142 1136)
4(571 1136 1133 564)
4(564 578 584 571)
4(572 1137 1136 571)
4(571 584 585 572)
4(570 1135 1137 572)
4(697 1164 1135 570)
4(570 572 699 697)
4(569 1134 1136 571)
4(570 1135 1134 569)
4(569 571 572 570)
4(562 1131 1133 564)
4(569 1134 1131 562)
4(562 564 571 569)
4(561 1130 1132 563)
4(562 1131 1130 561)
4(561 563 564 562)
4(914 1192 1194 916)
4(561 1130 1192 914)
4(914 916 563 561)
4(913 915 916 914)
4(167 561 1130 1046)
4(467 914 561 167)
4(168 562 1131 1047)
4(168 1047 1046 167)
4(167 561 562 168)
4(175 569 1134 1050)
4(175 1050 1047 168)
4(168 562 569 175)
4(176 570 1135 1051)
4(176 1051 1050 175)
4(175 569 570 176)
4(199 697 1164 1062)
4(199 1062 1051 176)
4(176 570 697 199)
4(200 1063 1062 199)
4(199 697 698 200)
4(198 1061 1063 200)
4(204 1064 1061 198)
4(198 200 206 204)
4(197 1060 1062 199)
4(198 1061 1060 197)
4(197 199 200 198)
4(174 1049 1051 176)
4(197 1060 1049 174)
4(174 176 199 197)
4(173 1048 1050 175)
4(174 1049 1048 173)
4(173 175 176 174)
4(166 1045 1047 168)
4(173 1048 1045 166)
4(166 168 175 173)
4(165 167 168 166)
4(93 173 1048 1038)
4(86 166 173 93)
4(94 174 1049 1039)
4(94 1039 1038 93)
4(93 173 174 94)
4(183 197 1060 1054)
4(183 1054 1039 94)
4(94 174 197 183)
4(184 198 1061 1055)
4(184 1055 1054 183)
4(183 197 198 184)
4(191 204 1064 1058)
4(191 1058 1055 184)
4(184 198 204 191)
4(192 205 1065 1059)
4(192 1059 1058 191)
4(191 204 205 192)
4(351 1108 1059 192)
4(192 205 354 351)
4(349 1106 1108 351)
4(350 1107 1106 349)
4(349 351 352 350)
4(190 1057 1059 192)
4(349 1106 1057 190)
4(190 192 351 349)
4(189 1056 1058 191)
4(190 1057 1056 189)
4(189 191 192 190)
4(182 1053 1055 184)
4(189 1056 1053 182)
4(182 184 191 189)
4(181 1052 1054 183)
4(182 1053 1052 181)
4(181 183 184 182)
4(92 1037 1039 94)
4(181 1052 1037 92)
4(92 94 183 181)
4(91 93 94 92)
4(75 181 1052 1029)
4(32 92 181 75)
4(76 182 1053 1030)
4(75 181 182 76)
4(83 189 1056 1033)
4(83 1033 1030 76)
4(76 182 189 83)
4(84 190 1057 1034)
4(84 1034 1033 83)
4(83 189 190 84)
4(280 349 1106 1084)
4(280 1084 1034 84)
4(84 190 349 280)
4(281 1085 1084 280)
4(280 349 350 281)
4(278 1082 1084 280)
4(279 1083 1082 278)
4(278 280 281 279)
4(82 1032 1034 84)
4(278 1082 1032 82)
4(82 84 280 278)
4(81 1031 1033 83)
4(82 1032 1031 81)
4(81 83 84 82)
4(74 76 83 81)
4(70 82 1032 1027)
4(69 81 82 70)
4(272 278 1082 1080)
4(70 82 278 272)
4(273 1081 1080 272)
4(272 278 279 273)
4(270 272 273 271)
4(507 508 1334 1333)
4(505 506 508 507)
4(587 588 1352 1351)
4(587 1351 1333 507)
4(507 508 588 587)
4(589 590 1354 1353)
4(589 1353 1351 587)
4(587 588 590 589)
4(706 707 1367 1366)
4(706 1366 1353 589)
4(589 590 707 706)
4(708 1368 1366 706)
4(706 707 709 708)
4(451 1312 1368 708)
4(473 1329 1312 451)
4(451 708 710 473)
4(449 1310 1366 706)
4(451 1312 1310 449)
4(449 706 708 451)
4(333 1287 1353 589)
4(449 1310 1287 333)
4(333 589 706 449)
4(331 1285 1351 587)
4(333 1287 1285 331)
4(331 587 589 333)
4(331 1285 1280 326)
4(326 507 587 331)
4(330 331 1285 1284)
4(325 326 331 330)
4(332 333 1287 1286)
4(332 1286 1284 330)
4(330 331 333 332)
4(448 449 1310 1309)
4(448 1309 1286 332)
4(332 333 449 448)
4(450 451 1312 1311)
4(450 1311 1309 448)
4(448 449 451 450)
4(472 1328 1311 450)
4(450 451 473 472)
4(469 1325 1328 472)
4(471 1327 1325 469)
4(469 472 474 471)
4(447 1308 1311 450)
4(469 1325 1308 447)
4(447 450 472 469)
4(445 1306 1309 448)
4(447 1308 1306 445)
4(445 448 450 447)
4(329 1283 1286 332)
4(445 1306 1283 329)
4(329 332 448 445)
4(327 330 332 329)
4(444 445 1306 1305)
4(444 1305 1282 328)
4(328 329 445 444)
4(446 447 1308 1307)
4(446 1307 1305 444)
4(444 445 447 446)
4(468 469 1325 1324)
4(468 1324 1307 446)
4(446 447 469 468)
4(470 471 1327 1326)
4(470 1326 1324 468)
4(468 469 471 470)
4(898 1414 1326 470)
4(470 471 899 898)
4(792 1388 1414 898)
4(794 1390 1388 792)
4(792 898 900 794)
4(417 1304 1326 470)
4(792 1388 1304 417)
4(417 470 898 792)
4(415 1302 1324 468)
4(417 1304 1302 415)
4(415 468 470 417)
4(409 1296 1307 446)
4(415 1302 1296 409)
4(409 446 468 415)
4(407 1294 1305 444)
4(409 1296 1294 407)
4(407 444 446 409)
4(322 328 444 407)
4(408 409 1296 1295)
4(406 407 409 408)
4(414 415 1302 1301)
4(414 1301 1295 408)
4(408 409 415 414)
4(416 417 1304 1303)
4(416 1303 1301 414)
4(414 415 417 416)
4(791 792 1388 1387)
4(791 1387 1303 416)
4(416 417 792 791)
4(793 794 1390 1389)
4(793 1389 1387 791)
4(791 792 794 793)
4(865 1411 1389 793)
4(793 794 866 865)
4(862 1408 1411 865)
4(864 1410 1408 862)
4(862 865 867 864)
4(790 1386 1389 793)
4(862 1408 1386 790)
4(790 793 865 862)
4(788 1384 1387 791)
4(790 1386 1384 788)
4(788 791 793 790)
4(413 1300 1303 416)
4(788 1384 1300 413)
4(413 416 791 788)
4(411 1298 1301 414)
4(413 1300 1298 411)
4(411 414 416 413)
4(405 408 414 411)
4(412 413 1300 1299)
4(410 411 413 412)
4(787 788 1384 1383)
4(787 1383 1299 412)
4(412 413 788 787)
4(789 790 1386 1385)
4(789 1385 1383 787)
4(787 788 790 789)
4(861 862 1408 1407)
4(861 1407 1385 789)
4(789 790 862 861)
4(863 864 1410 1409)
4(863 1409 1407 861)
4(861 862 864 863)
4(976 1432 1409 863)
4(863 864 977 976)
4(151 1267 1432 976)
4(153 1269 1267 151)
4(151 976 978 153)
4(48 1250 1409 863)
4(151 1267 1250 48)
4(48 863 976 151)
4(46 1248 1407 861)
4(48 1250 1248 46)
4(46 861 863 48)
4(40 1242 1385 789)
4(46 1248 1242 40)
4(40 789 861 46)
4(38 1240 1383 787)
4(40 1242 1240 38)
4(38 787 789 40)
4(783 412 787 38)
4(39 40 1242 1241)
4(37 38 40 39)
4(45 46 1248 1247)
4(45 1247 1241 39)
4(39 40 46 45)
4(47 48 1250 1249)
4(47 1249 1247 45)
4(45 46 48 47)
4(150 151 1267 1266)
4(150 1266 1249 47)
4(47 48 151 150)
4(152 153 1269 1268)
4(152 1268 1266 150)
4(150 151 153 152)
4(233 1275 1268 152)
4(152 153 234 233)
4(232 1274 1277 235)
4(636 1356 1274 232)
4(232 235 639 636)
4(230 1272 1275 233)
4(232 1274 1272 230)
4(230 233 235 232)
4(149 1265 1268 152)
4(230 1272 1265 149)
4(149 152 233 230)
4(147 1263 1266 150)
4(149 1265 1263 147)
4(147 150 152 149)
4(44 1246 1249 47)
4(147 1263 1246 44)
4(44 47 150 147)
4(42 1244 1247 45)
4(44 1246 1244 42)
4(42 45 47 44)
4(36 39 45 42)
4(43 44 1246 1245)
4(41 42 44 43)
4(146 147 1263 1262)
4(146 1262 1245 43)
4(43 44 147 146)
4(148 149 1265 1264)
4(148 1264 1262 146)
4(146 147 149 148)
4(229 230 1272 1271)
4(229 1271 1264 148)
4(148 149 230 229)
4(231 232 1274 1273)
4(231 1273 1271 229)
4(229 230 232 231)
4(635 636 1356 1355)
4(635 1355 1273 231)
4(231 232 636 635)
4(637 1357 1355 635)
4(635 636 638 637)
4(544 1348 1360 640)
4(546 1350 1348 544)
4(544 640 641 546)
4(538 1342 1357 637)
4(544 1348 1342 538)
4(538 637 640 544)
4(536 1340 1355 635)
4(538 1342 1340 536)
4(536 635 637 538)
4(127 1261 1273 231)
4(536 1340 1261 127)
4(127 231 635 536)
4(125 1259 1271 229)
4(127 1261 1259 125)
4(125 229 231 127)
4(121 1255 1264 148)
4(125 1259 1255 121)
4(121 148 229 125)
4(119 1253 1262 146)
4(119 146 148 121)
4(33 43 146 119)
4(124 125 1259 1258)
4(120 121 125 124)
4(126 127 1261 1260)
4(126 1260 1258 124)
4(124 125 127 126)
4(535 536 1340 1339)
4(535 1339 1260 126)
4(126 127 536 535)
4(537 538 1342 1341)
4(537 1341 1339 535)
4(535 536 538 537)
4(543 544 1348 1347)
4(543 1347 1341 537)
4(537 538 544 543)
4(545 546 1350 1349)
4(545 1349 1347 543)
4(543 544 546 545)
4(721 722 1372 1371)
4(721 1371 1349 545)
4(545 546 722 721)
4(723 1373 1371 721)
4(721 722 724 723)
4(726 1376 1379 729)
4(728 1378 1376 726)
4(726 729 730 728)
4(659 1365 1373 723)
4(726 1376 1365 659)
4(659 723 729 726)
4(657 1363 1371 721)
4(659 1365 1363 657)
4(657 721 723 659)
4(542 1346 1349 545)
4(657 1363 1346 542)
4(542 545 721 657)
4(540 1344 1347 543)
4(542 1346 1344 540)
4(540 543 545 542)
4(534 1338 1341 537)
4(540 1344 1338 534)
4(534 537 543 540)
4(532 1336 1339 535)
4(534 1338 1336 532)
4(532 535 537 534)
4(123 1257 1260 126)
4(123 126 535 532)
4(122 124 126 123)
4(533 534 1338 1337)
4(531 532 534 533)
4(539 540 1344 1343)
4(539 1343 1337 533)
4(533 534 540 539)
4(541 542 1346 1345)
4(541 1345 1343 539)
4(539 540 542 541)
4(656 657 1363 1362)
4(656 1362 1345 541)
4(541 542 657 656)
4(658 659 1365 1364)
4(658 1364 1362 656)
4(656 657 659 658)
4(725 726 1376 1375)
4(725 1375 1364 658)
4(658 659 726 725)
4(727 728 1378 1377)
4(727 1377 1375 725)
4(725 726 728 727)
4(16 17 1231 1230)
4(16 1230 1377 727)
4(727 728 17 16)
4(18 19 1233 1232)
4(18 1232 1230 16)
4(16 17 19 18)
4(20 1234 1232 18)
4(18 19 21 20)
4(963 1427 1252 66)
4(967 1431 1427 963)
4(963 66 154 967)
4(961 1425 1251 65)
4(963 1427 1425 961)
4(961 65 66 963)
4(828 1406 1236 22)
4(961 1425 1406 828)
4(828 22 65 961)
4(826 1404 1234 20)
4(828 1406 1404 826)
4(826 20 22 828)
4(820 1398 1232 18)
4(826 1404 1398 820)
4(820 18 20 826)
4(818 1396 1230 16)
4(820 1398 1396 818)
4(818 16 18 820)
4(465 1323 1377 727)
4(818 1396 1323 465)
4(465 727 16 818)
4(463 1321 1375 725)
4(465 1323 1321 463)
4(463 725 727 465)
4(459 1317 1364 658)
4(463 1321 1317 459)
4(459 658 725 463)
4(457 1315 1362 656)
4(459 1317 1315 457)
4(457 656 658 459)
4(339 1291 1345 541)
4(457 1315 1291 339)
4(339 541 656 457)
4(337 1289 1343 539)
4(337 539 541 339)
4(336 533 539 337)
4(456 457 1315 1314)
4(338 339 457 456)
4(458 459 1317 1316)
4(456 457 459 458)
4(462 463 1321 1320)
4(462 1320 1316 458)
4(458 459 463 462)
4(464 465 1323 1322)
4(464 1322 1320 462)
4(462 463 465 464)
4(817 818 1396 1395)
4(817 1395 1322 464)
4(464 465 818 817)
4(819 820 1398 1397)
4(819 1397 1395 817)
4(817 818 820 819)
4(825 826 1404 1403)
4(825 1403 1397 819)
4(819 820 826 825)
4(827 828 1406 1405)
4(827 1405 1403 825)
4(825 826 828 827)
4(960 961 1425 1424)
4(960 1424 1405 827)
4(827 828 961 960)
4(962 963 1427 1426)
4(962 1426 1424 960)
4(960 961 963 962)
4(966 1430 1426 962)
4(962 963 967 966)
4(959 1423 1426 962)
4(965 1429 1423 959)
4(959 962 966 965)
4(957 1421 1424 960)
4(959 1423 1421 957)
4(957 960 962 959)
4(824 1402 1405 827)
4(957 1421 1402 824)
4(824 827 960 957)
4(822 1400 1403 825)
4(824 1402 1400 822)
4(822 825 827 824)
4(816 1394 1397 819)
4(822 1400 1394 816)
4(816 819 825 822)
4(814 1392 1395 817)
4(816 1394 1392 814)
4(814 817 819 816)
4(461 1319 1322 464)
4(461 464 817 814)
4(460 1318 1320 462)
4(460 462 464 461)
4(455 458 462 460)
4(815 816 1394 1393)
4(813 814 816 815)
4(821 822 1400 1399)
4(815 816 822 821)
4(823 824 1402 1401)
4(821 822 824 823)
4(956 957 1421 1420)
4(956 1420 1401 823)
4(823 824 957 956)
4(958 959 1423 1422)
4(958 1422 1420 956)
4(956 957 959 958)
4(964 1428 1422 958)
4(958 959 965 964)
4(948 1418 1422 958)
4(948 958 964 949)
4(947 1417 1420 956)
4(947 956 958 948)
4(786 823 956 947)
4(268 272 273 269)
4(266 268 269 267)
4(274 278 279 275)
4(268 272 278 274)
4(268 274 275 269)
4(276 280 281 277)
4(274 276 277 275)
4(274 278 280 276)
4(345 349 350 346)
4(276 280 349 345)
4(276 345 346 277)
4(345 347 348 346)
4(345 349 351 347)
4(188 202 353 347)
4(188 347 351 192)
4(188 192 205 202)
4(490 717 347 188)
4(490 188 202 503)
4(490 503 720 717)
4(715 345 347 717)
4(715 716 346 345)
4(715 717 718 716)
4(186 345 347 188)
4(488 715 345 186)
4(488 186 188 490)
4(488 490 717 715)
4(186 345 349 190)
4(186 190 192 188)
4(80 186 345 276)
4(80 276 280 84)
4(80 84 190 186)
4(605 715 345 276)
4(404 605 276 80)
4(404 80 186 488)
4(404 488 715 605)
4(605 606 277 276)
4(605 715 716 606)
4(603 274 276 605)
4(603 604 275 274)
4(603 605 606 604)
4(78 274 276 80)
4(402 603 274 78)
4(402 78 80 404)
4(402 404 605 603)
4(78 274 278 82)
4(78 82 84 80)
4(68 78 274 268)
4(68 70 82 78)
4(597 603 274 268)
4(390 68 78 402)
4(390 402 603 597)
4(597 598 269 268)
4(597 603 604 598)
4(595 597 598 596)
4(77 81 82 78)
4(67 77 78 68)
4(79 83 84 80)
4(77 79 80 78)
4(77 81 83 79)
4(185 189 190 186)
4(79 83 189 185)
4(79 185 186 80)
4(187 191 192 188)
4(185 187 188 186)
4(185 189 191 187)
4(187 191 204 201)
4(187 201 202 188)
4(194 201 203 196)
4(496 502 201 194)
4(496 194 196 498)
4(496 498 504 502)
4(194 201 204 198)
4(194 198 200 196)
4(180 194 201 187)
4(180 187 191 184)
4(180 184 198 194)
4(489 502 201 187)
4(482 489 187 180)
4(482 180 194 496)
4(482 496 502 489)
4(489 490 188 187)
4(489 502 503 490)
4(487 185 187 489)
4(487 488 186 185)
4(487 489 490 488)
4(178 185 187 180)
4(480 487 185 178)
4(480 178 180 482)
4(480 482 489 487)
4(178 185 189 182)
4(178 182 184 180)
4(73 178 185 79)
4(73 79 83 76)
4(73 76 182 178)
4(403 487 185 79)
4(396 403 79 73)
4(396 73 178 480)
4(396 480 487 403)
4(403 404 80 79)
4(403 487 488 404)
4(401 77 79 403)
4(401 402 78 77)
4(401 403 404 402)
4(71 77 79 73)
4(394 396 403 401)
4(389 401 402 390)
4(177 181 182 178)
4(72 75 181 177)
4(72 177 178 73)
4(179 183 184 180)
4(177 179 180 178)
4(177 181 183 179)
4(193 197 198 194)
4(179 183 197 193)
4(179 193 194 180)
4(195 199 200 196)
4(193 195 196 194)
4(193 197 199 195)
4(195 199 697 694)
4(195 694 695 196)
4(566 694 696 568)
4(881 904 694 566)
4(881 566 568 883)
4(881 883 906 904)
4(566 694 697 570)
4(566 570 572 568)
4(172 566 694 195)
4(172 195 199 176)
4(172 176 570 566)
4(497 904 694 195)
4(443 497 195 172)
4(443 172 566 881)
4(443 881 904 497)
4(497 498 196 195)
4(497 904 905 498)
4(495 193 195 497)
4(495 496 194 193)
4(495 497 498 496)
4(170 193 195 172)
4(441 495 193 170)
4(441 170 172 443)
4(441 443 497 495)
4(170 193 197 174)
4(170 174 176 172)
4(90 170 193 179)
4(90 179 183 94)
4(90 94 174 170)
4(481 495 193 179)
4(427 481 179 90)
4(427 90 170 441)
4(427 441 495 481)
4(481 482 180 179)
4(481 495 496 482)
4(479 177 179 481)
4(479 480 178 177)
4(479 481 482 480)
4(88 177 179 90)
4(425 479 177 88)
4(425 88 90 427)
4(425 427 481 479)
4(88 177 181 92)
4(88 92 94 90)
4(31 88 177 72)
4(395 479 177 72)
4(324 425 479 395)
4(395 479 480 396)
4(89 93 94 90)
4(87 89 90 88)
4(169 173 174 170)
4(89 93 173 169)
4(89 169 170 90)
4(171 175 176 172)
4(169 171 172 170)
4(169 173 175 171)
4(565 569 570 566)
4(171 175 569 565)
4(171 565 566 172)
4(567 571 572 568)
4(565 567 568 566)
4(565 569 571 567)
4(567 571 584 581)
4(567 581 582 568)
4(574 581 583 576)
4(889 895 581 574)
4(889 574 576 891)
4(889 891 897 895)
4(574 581 584 578)
4(574 578 580 576)
4(560 574 581 567)
4(560 567 571 564)
4(560 564 578 574)
4(882 895 581 567)
4(875 882 567 560)
4(875 560 574 889)
4(875 889 895 882)
4(882 883 568 567)
4(882 895 896 883)
4(880 565 567 882)
4(880 881 566 565)
4(880 882 883 881)
4(558 565 567 560)
4(873 880 565 558)
4(873 558 560 875)
4(873 875 882 880)
4(558 565 569 562)
4(558 562 564 560)
4(164 558 565 171)
4(164 171 175 168)
4(164 168 562 558)
4(442 880 565 171)
4(435 442 171 164)
4(435 164 558 873)
4(435 873 880 442)
4(442 443 172 171)
4(442 880 881 443)
4(440 169 171 442)
4(440 441 170 169)
4(440 442 443 441)
4(162 169 171 164)
4(433 440 169 162)
4(433 162 164 435)
4(433 435 442 440)
4(162 169 173 166)
4(162 166 168 164)
4(85 162 169 89)
4(426 440 169 89)
4(419 433 440 426)
4(426 427 90 89)
4(426 440 441 427)
4(424 426 427 425)
4(163 167 168 164)
4(161 163 164 162)
4(557 561 562 558)
4(163 167 561 557)
4(163 557 558 164)
4(559 563 564 560)
4(557 559 560 558)
4(557 561 563 559)
4(573 577 578 574)
4(559 563 577 573)
4(559 573 574 560)
4(575 579 580 576)
4(573 575 576 574)
4(573 577 579 575)
4(575 579 703 700)
4(575 700 701 576)
4(1004 700 702 1006)
4(249 982 700 1004)
4(249 1004 1006 251)
4(249 251 984 982)
4(1004 700 703 1008)
4(1004 1008 1010 1006)
4(928 1004 700 575)
4(928 575 579 932)
4(928 932 1008 1004)
4(890 982 700 575)
4(118 890 575 928)
4(118 928 1004 249)
4(118 249 982 890)
4(890 891 576 575)
4(890 982 983 891)
4(888 573 575 890)
4(888 889 574 573)
4(888 890 891 889)
4(926 573 575 928)
4(116 888 573 926)
4(116 926 928 118)
4(116 118 890 888)
4(926 573 577 930)
4(926 930 932 928)
4(912 926 573 559)
4(912 559 563 916)
4(912 916 930 926)
4(874 888 573 559)
4(58 874 559 912)
4(58 912 926 116)
4(58 116 888 874)
4(874 875 560 559)
4(874 888 889 875)
4(872 557 559 874)
4(872 873 558 557)
4(872 874 875 873)
4(910 557 559 912)
4(56 872 557 910)
4(56 910 912 58)
4(56 58 874 872)
4(910 557 561 914)
4(910 914 916 912)
4(466 910 557 163)
4(434 872 557 163)
4(785 56 872 434)
4(434 435 164 163)
4(434 872 873 435)
4(432 434 435 433)
4(911 915 916 912)
4(909 911 912 910)
4(925 929 930 926)
4(911 915 929 925)
4(911 925 926 912)
4(927 931 932 928)
4(925 927 928 926)
4(925 929 931 927)
4(1003 1007 1008 1004)
4(927 931 1007 1003)
4(927 1003 1004 928)
4(1005 1009 1010 1006)
4(1003 1005 1006 1004)
4(1003 1007 1009 1005)
4(1005 1009 1022 1019)
4(1005 1019 1020 1006)
4(1014 315 355 1021)
4(1014 1021 1024 1018)
4(1014 1018 319 315)
4(259 265 1021 1014)
4(259 1014 315 647)
4(259 647 651 265)
4(1012 1019 1021 1014)
4(257 263 1019 1012)
4(257 1012 1014 259)
4(257 259 265 263)
4(1012 1019 1022 1016)
4(1012 1016 1018 1014)
4(998 1012 1019 1005)
4(998 1005 1009 1002)
4(998 1002 1016 1012)
4(250 263 1019 1005)
4(243 250 1005 998)
4(243 998 1012 257)
4(243 257 263 250)
4(250 251 1006 1005)
4(250 263 264 251)
4(248 1003 1005 250)
4(248 249 1004 1003)
4(248 250 251 249)
4(996 1003 1005 998)
4(241 248 1003 996)
4(241 996 998 243)
4(241 243 250 248)
4(996 1003 1007 1000)
4(996 1000 1002 998)
4(920 996 1003 927)
4(920 927 931 924)
4(920 924 1000 996)
4(117 248 1003 927)
4(110 117 927 920)
4(110 920 996 241)
4(110 241 248 117)
4(117 118 928 927)
4(117 248 249 118)
4(115 925 927 117)
4(115 116 926 925)
4(115 117 118 116)
4(918 925 927 920)
4(108 115 925 918)
4(108 918 920 110)
4(108 110 117 115)
4(918 925 929 922)
4(918 922 924 920)
4(907 918 925 911)
4(57 115 925 911)
4(50 108 115 57)
4(57 58 912 911)
4(57 115 116 58)
4(55 57 58 56)
4(919 923 924 920)
4(917 919 920 918)
4(995 999 1000 996)
4(919 923 999 995)
4(919 995 996 920)
4(997 1001 1002 998)
4(995 997 998 996)
4(995 999 1001 997)
4(1011 1015 1016 1012)
4(997 1001 1015 1011)
4(997 1011 1012 998)
4(1013 1017 1018 1014)
4(1011 1013 1014 1012)
4(1011 1015 1017 1013)
4(314 318 319 315)
4(1013 1017 318 314)
4(1013 314 315 1014)
4(314 316 317 315)
4(314 318 320 316)
4(307 357 358 309)
4(632 654 357 307)
4(632 307 309 634)
4(632 634 655 654)
4(307 357 359 311)
4(307 311 313 309)
4(293 307 357 316)
4(293 316 320 297)
4(293 297 311 307)
4(618 648 316 293)
4(618 293 307 632)
4(618 632 654 648)
4(646 314 316 648)
4(646 647 315 314)
4(646 648 649 647)
4(291 314 316 293)
4(616 646 314 291)
4(616 291 293 618)
4(616 618 648 646)
4(291 314 318 295)
4(291 295 297 293)
4(990 291 314 1013)
4(990 1013 1017 994)
4(990 994 295 291)
4(258 646 314 1013)
4(145 258 1013 990)
4(145 990 291 616)
4(145 616 646 258)
4(258 259 1014 1013)
4(258 646 647 259)
4(256 1011 1013 258)
4(256 257 1012 1011)
4(256 258 259 257)
4(988 1011 1013 990)
4(143 256 1011 988)
4(143 988 990 145)
4(143 145 258 256)
4(988 1011 1015 992)
4(988 992 994 990)
4(935 988 1011 997)
4(935 997 1001 938)
4(935 938 992 988)
4(242 256 1011 997)
4(133 242 997 935)
4(133 935 988 143)
4(133 143 256 242)
4(242 243 998 997)
4(242 256 257 243)
4(240 995 997 242)
4(240 241 996 995)
4(240 242 243 241)
4(933 995 997 935)
4(131 240 995 933)
4(131 133 242 240)
4(933 995 999 936)
4(795 933 995 919)
4(109 240 995 919)
4(35 131 240 109)
4(109 110 920 919)
4(109 240 241 110)
4(107 109 110 108)
4(987 991 992 988)
4(934 987 988 935)
4(989 993 994 990)
4(987 989 990 988)
4(987 991 993 989)
4(290 294 295 291)
4(989 993 294 290)
4(989 290 291 990)
4(292 296 297 293)
4(290 292 293 291)
4(290 294 296 292)
4(306 310 311 307)
4(292 296 310 306)
4(292 306 307 293)
4(308 312 313 309)
4(306 308 309 307)
4(306 310 312 308)
4(369 373 374 370)
4(308 312 373 369)
4(308 369 370 309)
4(369 371 372 370)
4(369 373 375 371)
4(378 385 386 380)
4(752 757 385 378)
4(752 378 380 754)
4(752 754 758 757)
4(378 385 387 382)
4(378 382 384 380)
4(364 378 385 371)
4(364 371 375 368)
4(364 368 382 378)
4(738 745 371 364)
4(738 364 378 752)
4(738 752 757 745)
4(743 369 371 745)
4(743 744 370 369)
4(743 745 746 744)
4(362 369 371 364)
4(736 743 369 362)
4(736 362 364 738)
4(736 738 745 743)
4(362 369 373 366)
4(362 366 368 364)
4(301 362 369 308)
4(301 308 312 305)
4(301 305 366 362)
4(633 743 369 308)
4(626 633 308 301)
4(626 301 362 736)
4(626 736 743 633)
4(633 634 309 308)
4(633 743 744 634)
4(631 306 308 633)
4(631 632 307 306)
4(631 633 634 632)
4(299 306 308 301)
4(624 631 306 299)
4(624 299 301 626)
4(624 626 633 631)
4(299 306 310 303)
4(299 303 305 301)
4(285 299 306 292)
4(285 292 296 289)
4(285 289 303 299)
4(617 631 306 292)
4(610 617 292 285)
4(610 285 299 624)
4(610 624 631 617)
4(617 618 293 292)
4(617 631 632 618)
4(615 290 292 617)
4(615 616 291 290)
4(615 617 618 616)
4(283 290 292 285)
4(608 615 290 283)
4(608 283 285 610)
4(608 610 617 615)
4(283 290 294 287)
4(283 287 289 285)
4(940 283 290 989)
4(940 989 993 986)
4(144 615 290 989)
4(137 144 989 940)
4(137 608 615 144)
4(144 145 990 989)
4(144 615 616 145)
4(142 987 989 144)
4(142 143 988 987)
4(142 144 145 143)
4(939 987 989 940)
4(136 137 144 142)
4(132 142 143 133)
4(284 288 289 285)
4(282 284 285 283)
4(298 302 303 299)
4(284 288 302 298)
4(284 298 299 285)
4(300 304 305 301)
4(298 300 301 299)
4(298 302 304 300)
4(361 365 366 362)
4(300 304 365 361)
4(300 361 362 301)
4(363 367 368 364)
4(361 363 364 362)
4(361 365 367 363)
4(377 381 382 378)
4(363 367 381 377)
4(363 377 378 364)
4(379 383 384 380)
4(377 379 380 378)
4(377 381 383 379)
4(797 801 802 798)
4(379 383 801 797)
4(379 797 798 380)
4(799 803 804 800)
4(797 799 800 798)
4(797 801 803 799)
4(799 803 808 805)
4(799 805 806 800)
4(770 780 945 942)
4(770 942 944 774)
4(770 774 782 780)
4(7 158 942 770)
4(7 770 780 15)
4(7 15 160 158)
4(768 941 942 770)
4(5 157 941 768)
4(5 768 770 7)
4(5 7 158 157)
4(768 941 943 772)
4(768 772 774 770)
4(683 768 941 807)
4(683 807 810 687)
4(683 687 772 768)
4(860 64 807 683)
4(860 683 768 5)
4(860 5 157 64)
4(681 805 807 683)
4(858 62 805 681)
4(858 681 683 860)
4(858 860 64 62)
4(681 805 808 685)
4(681 685 687 683)
4(667 681 805 799)
4(667 799 803 671)
4(667 671 685 681)
4(29 62 805 799)
4(844 29 799 667)
4(844 667 681 858)
4(844 858 62 29)
4(29 30 800 799)
4(29 62 63 30)
4(27 797 799 29)
4(27 28 798 797)
4(27 29 30 28)
4(665 797 799 667)
4(842 27 797 665)
4(842 665 667 844)
4(842 844 29 27)
4(665 797 801 669)
4(665 669 671 667)
4(224 665 797 379)
4(224 379 383 228)
4(224 228 669 665)
4(753 27 797 379)
4(530 753 379 224)
4(530 224 665 842)
4(530 842 27 753)
4(753 754 380 379)
4(753 27 28 754)
4(751 377 379 753)
4(751 752 378 377)
4(751 753 754 752)
4(222 377 379 224)
4(528 751 377 222)
4(528 222 224 530)
4(528 530 753 751)
4(222 377 381 226)
4(222 226 228 224)
4(212 222 377 363)
4(212 363 367 216)
4(212 216 226 222)
4(737 751 377 363)
4(518 737 363 212)
4(518 212 222 528)
4(518 528 751 737)
4(737 738 364 363)
4(737 751 752 738)
4(735 361 363 737)
4(735 736 362 361)
4(735 737 738 736)
4(210 361 363 212)
4(516 735 361 210)
4(516 210 212 518)
4(516 518 737 735)
4(210 361 365 214)
4(210 214 216 212)
4(99 210 361 300)
4(99 300 304 102)
4(99 102 214 210)
4(625 735 361 300)
4(454 625 300 99)
4(454 99 210 516)
4(454 516 735 625)
4(625 626 301 300)
4(625 735 736 626)
4(623 298 300 625)
4(623 624 299 298)
4(623 625 626 624)
4(97 298 300 99)
4(452 623 298 97)
4(452 454 625 623)
4(97 298 302 100)
4(95 97 298 284)
4(609 623 298 284)
4(341 452 623 609)
4(609 610 285 284)
4(609 623 624 610)
4(607 609 610 608)
4(209 213 214 210)
4(98 209 210 99)
4(211 215 216 212)
4(209 211 212 210)
4(221 225 226 222)
4(211 215 225 221)
4(211 221 222 212)
4(223 227 228 224)
4(221 223 224 222)
4(221 225 227 223)
4(664 668 669 665)
4(223 227 668 664)
4(223 664 665 224)
4(666 670 671 667)
4(664 666 667 665)
4(664 668 670 666)
4(680 684 685 681)
4(666 670 684 680)
4(666 680 681 667)
4(682 686 687 683)
4(680 682 683 681)
4(680 684 686 682)
4(767 771 772 768)
4(682 686 771 767)
4(682 767 768 683)
4(769 773 774 770)
4(767 769 770 768)
4(767 771 773 769)
4(769 773 781 779)
4(769 779 780 770)
4(762 776 779 769)
4(762 769 773 766)
4(762 766 778 776)
4(6 14 779 769)
4(975 6 769 762)
4(975 762 776 11)
4(975 11 14 6)
4(6 7 770 769)
4(6 14 15 7)
4(4 767 769 6)
4(4 5 768 767)
4(4 6 7 5)
4(760 767 769 762)
4(973 4 767 760)
4(973 760 762 975)
4(973 975 6 4)
4(760 767 771 764)
4(760 764 766 762)
4(675 760 767 682)
4(675 682 686 679)
4(675 679 764 760)
4(859 4 767 682)
4(852 859 682 675)
4(852 675 760 973)
4(852 973 4 859)
4(859 860 683 682)
4(859 4 5 860)
4(857 680 682 859)
4(857 858 681 680)
4(857 859 860 858)
4(673 680 682 675)
4(850 857 680 673)
4(850 673 675 852)
4(850 852 859 857)
4(673 680 684 677)
4(673 677 679 675)
4(556 673 680 666)
4(556 666 670 663)
4(556 663 677 673)
4(843 857 680 666)
4(836 843 666 556)
4(836 556 673 850)
4(836 850 857 843)
4(843 844 667 666)
4(843 857 858 844)
4(841 664 666 843)
4(841 842 665 664)
4(841 843 844 842)
4(554 664 666 556)
4(834 841 664 554)
4(834 554 556 836)
4(834 836 843 841)
4(554 664 668 661)
4(554 661 663 556)
4(218 554 664 223)
4(218 223 227 220)
4(529 841 664 223)
4(522 529 223 218)
4(522 834 841 529)
4(529 530 224 223)
4(529 841 842 530)
4(527 221 223 529)
4(527 528 222 221)
4(527 529 530 528)
4(217 221 223 218)
4(521 527 221 217)
4(521 522 529 527)
4(217 221 225 219)
4(207 217 221 211)
4(517 527 221 211)
4(510 521 527 517)
4(517 518 212 211)
4(517 527 528 518)
4(515 516 210 209)
4(515 517 518 516)
4(453 515 516 454)
4(555 662 663 556)
4(553 555 556 554)
4(672 676 677 673)
4(555 672 673 556)
4(674 678 679 675)
4(672 674 675 673)
4(759 763 764 760)
4(674 678 763 759)
4(674 759 760 675)
4(761 765 766 762)
4(759 761 762 760)
4(759 763 765 761)
4(761 765 777 775)
4(761 775 776 762)
4(689 692 775 761)
4(689 761 765 691)
4(974 10 775 761)
4(953 974 761 689)
4(953 955 10 974)
4(974 975 762 761)
4(974 10 11 975)
4(972 759 761 974)
4(972 973 760 759)
4(972 974 975 973)
4(688 759 761 689)
4(952 972 759 688)
4(952 953 974 972)
4(688 759 763 690)
4(551 688 759 674)
4(851 972 759 674)
4(812 952 972 851)
4(851 852 675 674)
4(851 972 973 852)
4(849 850 673 672)
4(849 851 852 850)
4(835 836 556 555)
4(835 849 850 836)
4(833 835 836 834)
4(493 494 902 901)
4(470 493 901 898)
4(470 471 494 493)
4(493 497 904 901)
4(493 494 498 497)
4(877 901 903 879)
4(792 898 901 877)
4(792 877 879 794)
4(877 901 904 881)
4(877 881 883 879)
4(439 877 901 493)
4(439 443 881 877)
4(439 493 497 443)
4(417 439 877 792)
4(417 470 493 439)
4(438 439 877 876)
4(791 876 877 792)
4(416 438 876 791)
4(416 417 439 438)
4(876 880 881 877)
4(438 442 880 876)
4(438 439 443 442)
4(878 882 883 879)
4(876 878 879 877)
4(876 880 882 878)
4(878 882 895 892)
4(878 892 893 879)
4(885 892 894 887)
4(862 865 892 885)
4(862 885 887 864)
4(885 892 895 889)
4(885 889 891 887)
4(871 885 892 878)
4(871 878 882 875)
4(871 875 889 885)
4(793 865 892 878)
4(790 793 878 871)
4(790 871 885 862)
4(793 794 879 878)
4(791 876 878 793)
4(869 876 878 871)
4(788 791 876 869)
4(788 869 871 790)
4(869 876 880 873)
4(869 873 875 871)
4(431 869 876 438)
4(431 435 873 869)
4(431 438 442 435)
4(413 431 869 788)
4(413 416 438 431)
4(430 431 869 868)
4(787 868 869 788)
4(412 430 868 787)
4(412 413 431 430)
4(868 872 873 869)
4(430 434 872 868)
4(430 431 435 434)
4(870 874 875 871)
4(868 870 871 869)
4(868 872 874 870)
4(884 888 889 885)
4(870 874 888 884)
4(870 884 885 871)
4(886 890 891 887)
4(884 886 887 885)
4(884 888 890 886)
4(886 890 982 979)
4(886 979 980 887)
4(245 979 981 247)
4(151 976 979 245)
4(151 245 247 153)
4(245 979 982 249)
4(245 249 251 247)
4(114 245 979 886)
4(114 886 890 118)
4(114 118 249 245)
4(863 976 979 886)
4(48 863 886 114)
4(48 114 245 151)
4(863 864 887 886)
4(861 884 886 863)
4(861 862 885 884)
4(112 884 886 114)
4(46 861 884 112)
4(46 112 114 48)
4(112 884 888 116)
4(112 116 118 114)
4(54 112 884 870)
4(54 870 874 58)
4(54 58 116 112)
4(789 861 884 870)
4(40 789 870 54)
4(40 54 112 46)
4(789 790 871 870)
4(787 868 870 789)
4(52 868 870 54)
4(38 787 868 52)
4(38 52 54 40)
4(52 868 872 56)
4(52 56 58 54)
4(784 52 868 430)
4(53 57 58 54)
4(51 53 54 52)
4(111 115 116 112)
4(53 57 115 111)
4(53 111 112 54)
4(113 117 118 114)
4(111 113 114 112)
4(111 115 117 113)
4(244 248 249 245)
4(113 117 248 244)
4(113 244 245 114)
4(246 250 251 247)
4(244 246 247 245)
4(244 248 250 246)
4(246 250 263 260)
4(246 260 261 247)
4(255 643 650 262)
4(255 262 265 259)
4(255 259 647 643)
4(232 235 262 255)
4(232 255 643 636)
4(253 260 262 255)
4(230 233 260 253)
4(230 253 255 232)
4(253 260 263 257)
4(253 257 259 255)
4(239 253 260 246)
4(239 246 250 243)
4(239 243 257 253)
4(152 233 260 246)
4(149 152 246 239)
4(149 239 253 230)
4(152 153 247 246)
4(150 244 246 152)
4(150 151 245 244)
4(237 244 246 239)
4(147 150 244 237)
4(147 237 239 149)
4(237 244 248 241)
4(237 241 243 239)
4(106 237 244 113)
4(106 113 117 110)
4(106 110 241 237)
4(47 150 244 113)
4(44 47 113 106)
4(44 106 237 147)
4(47 48 114 113)
4(45 111 113 47)
4(45 46 112 111)
4(104 111 113 106)
4(42 45 111 104)
4(42 104 106 44)
4(104 111 115 108)
4(104 108 110 106)
4(49 104 111 53)
4(39 45 111 53)
4(39 40 54 53)
4(105 109 110 106)
4(103 105 106 104)
4(236 240 241 237)
4(105 109 240 236)
4(105 236 237 106)
4(238 242 243 239)
4(236 238 239 237)
4(236 240 242 238)
4(252 256 257 253)
4(238 242 256 252)
4(238 252 253 239)
4(254 258 259 255)
4(252 254 255 253)
4(252 256 258 254)
4(642 646 647 643)
4(254 258 646 642)
4(254 642 643 255)
4(642 644 645 643)
4(642 646 648 644)
4(628 652 653 630)
4(544 640 652 628)
4(544 628 630 546)
4(628 652 654 632)
4(628 632 634 630)
4(614 628 652 644)
4(614 644 648 618)
4(614 618 632 628)
4(538 637 644 614)
4(538 614 628 544)
4(635 642 644 637)
4(635 636 643 642)
4(612 642 644 614)
4(536 635 642 612)
4(536 612 614 538)
4(612 642 646 616)
4(612 616 618 614)
4(141 612 642 254)
4(141 254 258 145)
4(141 145 616 612)
4(231 635 642 254)
4(127 231 254 141)
4(127 141 612 536)
4(231 232 255 254)
4(229 252 254 231)
4(229 230 253 252)
4(139 252 254 141)
4(125 229 252 139)
4(125 139 141 127)
4(139 252 256 143)
4(139 143 145 141)
4(130 139 252 238)
4(130 238 242 133)
4(130 133 143 139)
4(148 229 252 238)
4(121 148 238 130)
4(121 130 139 125)
4(148 149 239 238)
4(146 236 238 148)
4(146 147 237 236)
4(128 236 238 130)
4(119 146 236 128)
4(128 236 240 131)
4(34 128 236 105)
4(43 146 236 105)
4(43 44 106 105)
4(138 142 143 139)
4(129 138 139 130)
4(140 144 145 141)
4(138 140 141 139)
4(138 142 144 140)
4(611 615 616 612)
4(140 144 615 611)
4(140 611 612 141)
4(613 617 618 614)
4(611 613 614 612)
4(611 615 617 613)
4(627 631 632 628)
4(613 617 631 627)
4(613 627 628 614)
4(629 633 634 630)
4(627 629 630 628)
4(627 631 633 629)
4(739 743 744 740)
4(629 633 743 739)
4(629 739 740 630)
4(739 741 742 740)
4(739 743 745 741)
4(748 755 756 750)
4(726 729 755 748)
4(726 748 750 728)
4(748 755 757 752)
4(748 752 754 750)
4(734 748 755 741)
4(734 741 745 738)
4(734 738 752 748)
4(659 723 741 734)
4(659 734 748 726)
4(721 739 741 723)
4(721 722 740 739)
4(732 739 741 734)
4(657 721 739 732)
4(657 732 734 659)
4(732 739 743 736)
4(732 736 738 734)
4(622 732 739 629)
4(622 629 633 626)
4(622 626 736 732)
4(545 721 739 629)
4(542 545 629 622)
4(542 622 732 657)
4(545 546 630 629)
4(543 627 629 545)
4(543 544 628 627)
4(620 627 629 622)
4(540 543 627 620)
4(540 620 622 542)
4(620 627 631 624)
4(620 624 626 622)
4(550 620 627 613)
4(550 613 617 610)
4(550 610 624 620)
4(537 543 627 613)
4(534 537 613 550)
4(534 550 620 540)
4(537 538 614 613)
4(535 611 613 537)
4(535 536 612 611)
4(548 611 613 550)
4(532 535 611 548)
4(532 548 550 534)
4(548 611 615 608)
4(548 608 610 550)
4(135 548 611 140)
4(135 140 144 137)
4(126 535 611 140)
4(123 126 140 135)
4(126 127 141 140)
4(124 138 140 126)
4(124 125 139 138)
4(134 138 140 135)
4(549 609 610 550)
4(547 549 550 548)
4(619 623 624 620)
4(549 609 623 619)
4(549 619 620 550)
4(621 625 626 622)
4(619 621 622 620)
4(619 623 625 621)
4(731 735 736 732)
4(621 625 735 731)
4(621 731 732 622)
4(733 737 738 734)
4(731 733 734 732)
4(731 735 737 733)
4(747 751 752 748)
4(733 737 751 747)
4(733 747 748 734)
4(749 753 754 750)
4(747 749 750 748)
4(747 751 753 749)
4(23 27 28 24)
4(749 753 27 23)
4(749 23 24 750)
4(25 29 30 26)
4(23 25 26 24)
4(23 27 29 25)
4(25 29 62 59)
4(25 59 60 26)
4(3 13 159 156)
4(3 156 158 7)
4(3 7 15 13)
4(963 66 156 3)
4(963 3 13 967)
4(1 155 156 3)
4(961 65 155 1)
4(961 1 3 963)
4(1 155 157 5)
4(1 5 7 3)
4(856 1 155 61)
4(856 61 64 860)
4(856 860 5 1)
4(828 22 61 856)
4(828 856 1 961)
4(854 59 61 856)
4(826 20 59 854)
4(826 854 856 828)
4(854 59 62 858)
4(854 858 860 856)
4(840 854 59 25)
4(840 25 29 844)
4(840 844 858 854)
4(18 20 59 25)
4(820 18 25 840)
4(820 840 854 826)
4(18 19 26 25)
4(16 23 25 18)
4(16 17 24 23)
4(838 23 25 840)
4(818 16 23 838)
4(818 838 840 820)
4(838 23 27 842)
4(838 842 844 840)
4(526 838 23 749)
4(526 749 753 530)
4(526 530 842 838)
4(727 16 23 749)
4(465 727 749 526)
4(465 526 838 818)
4(727 728 750 749)
4(725 747 749 727)
4(725 726 748 747)
4(524 747 749 526)
4(463 725 747 524)
4(463 524 526 465)
4(524 747 751 528)
4(524 528 530 526)
4(514 524 747 733)
4(514 733 737 518)
4(514 518 528 524)
4(658 725 747 733)
4(459 658 733 514)
4(459 514 524 463)
4(658 659 734 733)
4(656 731 733 658)
4(656 657 732 731)
4(512 731 733 514)
4(457 656 731 512)
4(457 512 514 459)
4(512 731 735 516)
4(512 516 518 514)
4(344 512 731 621)
4(344 621 625 454)
4(344 454 516 512)
4(541 656 731 621)
4(339 541 621 344)
4(339 344 512 457)
4(541 542 622 621)
4(539 619 621 541)
4(539 540 620 619)
4(342 619 621 344)
4(337 539 619 342)
4(342 619 623 452)
4(340 342 619 549)
4(533 539 619 549)
4(533 534 550 549)
4(511 515 516 512)
4(343 511 512 344)
4(513 517 518 514)
4(511 513 514 512)
4(523 527 528 524)
4(513 517 527 523)
4(513 523 524 514)
4(525 529 530 526)
4(523 525 526 524)
4(523 527 529 525)
4(837 841 842 838)
4(525 529 841 837)
4(525 837 838 526)
4(839 843 844 840)
4(837 839 840 838)
4(837 841 843 839)
4(853 857 858 854)
4(839 843 857 853)
4(839 853 854 840)
4(855 859 860 856)
4(853 855 856 854)
4(853 857 859 855)
4(0 4 5 1)
4(855 859 4 0)
4(855 0 1 856)
4(2 6 7 3)
4(0 2 3 1)
4(0 4 6 2)
4(2 6 14 12)
4(2 12 13 3)
4(971 9 12 2)
4(971 2 6 975)
4(971 975 11 9)
4(962 966 12 2)
4(959 962 2 971)
4(959 971 9 965)
4(962 963 3 2)
4(960 0 2 962)
4(960 961 1 0)
4(969 0 2 971)
4(957 960 0 969)
4(957 969 971 959)
4(969 0 4 973)
4(969 973 975 971)
4(848 969 0 855)
4(848 855 859 852)
4(848 852 973 969)
4(827 960 0 855)
4(824 827 855 848)
4(824 848 969 957)
4(827 828 856 855)
4(825 853 855 827)
4(825 826 854 853)
4(846 853 855 848)
4(822 825 853 846)
4(822 846 848 824)
4(846 853 857 850)
4(846 850 852 848)
4(832 846 853 839)
4(832 839 843 836)
4(832 836 850 846)
4(819 825 853 839)
4(816 819 839 832)
4(816 832 846 822)
4(819 820 840 839)
4(817 837 839 819)
4(817 818 838 837)
4(830 837 839 832)
4(814 817 837 830)
4(814 830 832 816)
4(830 837 841 834)
4(830 834 836 832)
4(520 830 837 525)
4(520 525 529 522)
4(464 817 837 525)
4(461 464 525 520)
4(464 465 526 525)
4(462 523 525 464)
4(462 463 524 523)
4(519 523 525 520)
4(460 462 523 519)
4(519 523 527 521)
4(509 519 523 513)
4(458 462 523 513)
4(458 459 514 513)
4(456 457 512 511)
4(831 835 836 832)
4(829 831 832 830)
4(845 849 850 846)
4(831 845 846 832)
4(847 851 852 848)
4(845 847 848 846)
4(968 972 973 969)
4(847 851 972 968)
4(847 968 969 848)
4(970 974 975 971)
4(968 970 971 969)
4(968 972 974 970)
4(970 974 10 8)
4(970 8 9 971)
4(951 954 8 970)
4(951 970 974 953)
4(958 964 8 970)
4(948 958 970 951)
4(958 959 971 970)
4(956 968 970 958)
4(956 957 969 968)
4(950 968 970 951)
4(947 956 968 950)
4(950 968 972 952)
4(811 950 968 847)
4(823 956 968 847)
4(823 824 848 847)
4(821 822 846 845)
4(815 816 832 831)
4(429 431 435 433)
4(428 430 431 429)
4(436 438 442 440)
4(429 436 440 433)
4(429 431 438 436)
4(437 439 443 441)
4(436 437 441 440)
4(436 438 439 437)
4(491 493 497 495)
4(437 491 495 441)
4(437 439 493 491)
4(492 494 498 496)
4(491 492 496 495)
4(491 493 494 492)
4(492 499 502 496)
4(492 494 501 499)
4(593 597 598 594)
4(591 593 594 592)
4(599 603 604 600)
4(593 597 603 599)
4(593 599 600 594)
4(601 605 606 602)
4(599 601 602 600)
4(599 603 605 601)
4(711 715 716 712)
4(601 605 715 711)
4(601 711 712 602)
4(711 713 714 712)
4(711 715 717 713)
4(486 500 719 713)
4(486 713 717 490)
4(486 490 503 500)
4(451 708 713 486)
4(451 486 500 473)
4(706 711 713 708)
4(706 707 712 711)
4(484 711 713 486)
4(449 706 711 484)
4(449 484 486 451)
4(484 711 715 488)
4(484 488 490 486)
4(400 484 711 601)
4(400 601 605 404)
4(400 404 488 484)
4(589 706 711 601)
4(333 589 601 400)
4(333 400 484 449)
4(589 590 602 601)
4(587 599 601 589)
4(587 588 600 599)
4(398 599 601 400)
4(331 587 599 398)
4(331 398 400 333)
4(398 599 603 402)
4(398 402 404 400)
4(335 398 599 593)
4(335 390 402 398)
4(507 587 599 593)
4(326 335 398 331)
4(507 508 594 593)
4(397 401 402 398)
4(334 397 398 335)
4(399 403 404 400)
4(397 399 400 398)
4(397 401 403 399)
4(483 487 488 484)
4(399 403 487 483)
4(399 483 484 400)
4(485 489 490 486)
4(483 485 486 484)
4(483 487 489 485)
4(485 489 502 499)
4(485 499 500 486)
4(478 492 499 485)
4(478 485 489 482)
4(478 482 496 492)
4(469 492 499 472)
4(450 472 499 485)
4(447 450 485 478)
4(447 478 492 469)
4(469 492 494 471)
4(450 451 486 485)
4(448 483 485 450)
4(448 449 484 483)
4(476 483 485 478)
4(445 448 483 476)
4(445 476 478 447)
4(476 483 487 480)
4(476 480 482 478)
4(393 476 483 399)
4(393 399 403 396)
4(393 396 480 476)
4(332 448 483 399)
4(329 332 399 393)
4(329 393 476 445)
4(332 333 400 399)
4(330 397 399 332)
4(330 331 398 397)
4(391 397 399 393)
4(475 479 480 476)
4(392 395 479 475)
4(392 475 476 393)
4(477 481 482 478)
4(475 477 478 476)
4(475 479 481 477)
4(477 481 495 491)
4(477 491 492 478)
4(423 437 491 477)
4(423 477 481 427)
4(423 427 441 437)
4(415 437 491 468)
4(446 468 491 477)
4(409 446 477 423)
4(409 423 437 415)
4(468 470 493 491)
4(415 437 439 417)
4(468 469 492 491)
4(446 447 478 477)
4(444 475 477 446)
4(444 445 476 475)
4(421 475 477 423)
4(407 444 475 421)
4(407 421 423 409)
4(421 475 479 425)
4(421 425 427 423)
4(323 421 475 392)
4(328 444 475 392)
4(422 426 427 423)
4(420 422 423 421)
4(422 426 440 436)
4(422 436 437 423)
4(418 429 436 422)
4(411 429 436 414)
4(408 414 436 422)
4(414 416 438 436)
4(411 429 431 413)
4(414 415 437 436)
4(408 409 423 422)
4(1279 1284 1285 1280)
4(1281 1283 1286 1284)
4(1284 1286 1287 1285)
4(1293 1295 1296 1294)
4(1297 1299 1300 1298)
4(1292 1298 1301 1295)
4(1295 1301 1302 1296)
4(1298 1300 1303 1301)
4(1301 1303 1304 1302)
4(1278 1294 1305 1282)
4(1282 1305 1306 1283)
4(1294 1296 1307 1305)
4(1305 1307 1308 1306)
4(1283 1306 1309 1286)
4(1286 1309 1310 1287)
4(1306 1308 1311 1309)
4(1309 1311 1312 1310)
4(1296 1302 1324 1307)
4(1307 1324 1325 1308)
4(1302 1304 1326 1324)
4(1324 1326 1327 1325)
4(1308 1325 1328 1311)
4(1311 1328 1329 1312)
4(1325 1327 1330 1328)
4(1331 1333 1334 1332)
4(1280 1285 1351 1333)
4(1333 1351 1352 1334)
4(1285 1287 1353 1351)
4(1351 1353 1354 1352)
4(1287 1310 1366 1353)
4(1353 1366 1367 1354)
4(1310 1312 1368 1366)
4(1366 1368 1369 1367)
4(1312 1329 1370 1368)
4(1239 1241 1242 1240)
4(1243 1245 1246 1244)
4(1238 1244 1247 1241)
4(1241 1247 1248 1242)
4(1244 1246 1249 1247)
4(1247 1249 1250 1248)
4(1254 1258 1259 1255)
4(1256 1257 1260 1258)
4(1258 1260 1261 1259)
4(1237 1253 1262 1245)
4(1245 1262 1263 1246)
4(1253 1255 1264 1262)
4(1262 1264 1265 1263)
4(1246 1263 1266 1249)
4(1249 1266 1267 1250)
4(1263 1265 1268 1266)
4(1266 1268 1269 1267)
4(1255 1259 1271 1264)
4(1264 1271 1272 1265)
4(1259 1261 1273 1271)
4(1271 1273 1274 1272)
4(1265 1272 1275 1268)
4(1268 1275 1276 1269)
4(1272 1274 1277 1275)
4(1290 1314 1315 1291)
4(1314 1316 1317 1315)
4(1313 1318 1320 1316)
4(1316 1320 1321 1317)
4(1318 1319 1322 1320)
4(1320 1322 1323 1321)
4(1335 1337 1338 1336)
4(1257 1336 1339 1260)
4(1260 1339 1340 1261)
4(1336 1338 1341 1339)
4(1339 1341 1342 1340)
4(1288 1289 1343 1337)
4(1337 1343 1344 1338)
4(1289 1291 1345 1343)
4(1343 1345 1346 1344)
4(1338 1344 1347 1341)
4(1341 1347 1348 1342)
4(1344 1346 1349 1347)
4(1347 1349 1350 1348)
4(1261 1340 1355 1273)
4(1273 1355 1356 1274)
4(1340 1342 1357 1355)
4(1355 1357 1358 1356)
4(1274 1356 1359 1277)
4(1342 1348 1360 1357)
4(1348 1350 1361 1360)
4(1291 1315 1362 1345)
4(1345 1362 1363 1346)
4(1315 1317 1364 1362)
4(1362 1364 1365 1363)
4(1346 1363 1371 1349)
4(1349 1371 1372 1350)
4(1363 1365 1373 1371)
4(1371 1373 1374 1372)
4(1317 1321 1375 1364)
4(1364 1375 1376 1365)
4(1321 1323 1377 1375)
4(1375 1377 1378 1376)
4(1365 1376 1379 1373)
4(1376 1378 1380 1379)
4(1391 1393 1394 1392)
4(1319 1392 1395 1322)
4(1322 1395 1396 1323)
4(1392 1394 1397 1395)
4(1395 1397 1398 1396)
4(1393 1399 1400 1394)
4(1399 1401 1402 1400)
4(1394 1400 1403 1397)
4(1397 1403 1404 1398)
4(1400 1402 1405 1403)
4(1403 1405 1406 1404)
4(1382 1417 1420 1401)
4(1401 1420 1421 1402)
4(1417 1418 1422 1420)
4(1420 1422 1423 1421)
4(1402 1421 1424 1405)
4(1405 1424 1425 1406)
4(1421 1423 1426 1424)
4(1424 1426 1427 1425)
4(1418 1419 1428 1422)
4(1422 1428 1429 1423)
4(1423 1429 1430 1426)
4(1426 1430 1431 1427)
4(1323 1396 1230 1377)
4(1377 1230 1231 1378)
4(1396 1398 1232 1230)
4(1230 1232 1233 1231)
4(1398 1404 1234 1232)
4(1232 1234 1235 1233)
4(1404 1406 1236 1234)
4(1406 1425 1251 1236)
4(1425 1427 1252 1251)
4(1427 1431 1270 1252)
4(1381 1240 1383 1299)
4(1299 1383 1384 1300)
4(1240 1242 1385 1383)
4(1383 1385 1386 1384)
4(1300 1384 1387 1303)
4(1303 1387 1388 1304)
4(1384 1386 1389 1387)
4(1387 1389 1390 1388)
4(1242 1248 1407 1385)
4(1385 1407 1408 1386)
4(1248 1250 1409 1407)
4(1407 1409 1410 1408)
4(1386 1408 1411 1389)
4(1389 1411 1412 1390)
4(1408 1410 1413 1411)
4(1304 1388 1414 1326)
4(1326 1414 1415 1327)
4(1388 1390 1416 1414)
4(1250 1267 1432 1409)
4(1409 1432 1433 1410)
4(1267 1269 1434 1432)
4(1026 1027 1032 1031)
4(1028 1031 1033 1030)
4(1031 1032 1034 1033)
4(1036 1037 1039 1038)
4(1044 1045 1047 1046)
4(1035 1038 1048 1045)
4(1038 1039 1049 1048)
4(1045 1048 1050 1047)
4(1048 1049 1051 1050)
4(1025 1029 1052 1037)
4(1029 1030 1053 1052)
4(1037 1052 1054 1039)
4(1052 1053 1055 1054)
4(1030 1033 1056 1053)
4(1033 1034 1057 1056)
4(1053 1056 1058 1055)
4(1056 1057 1059 1058)
4(1039 1054 1060 1049)
4(1054 1055 1061 1060)
4(1049 1060 1062 1051)
4(1060 1061 1063 1062)
4(1055 1058 1064 1061)
4(1058 1059 1065 1064)
4(1061 1064 1066 1063)
4(1078 1079 1081 1080)
4(1027 1080 1082 1032)
4(1080 1081 1083 1082)
4(1032 1082 1084 1034)
4(1082 1083 1085 1084)
4(1034 1084 1106 1057)
4(1084 1085 1107 1106)
4(1057 1106 1108 1059)
4(1106 1107 1109 1108)
4(1059 1108 1110 1065)
4(1191 1192 1194 1193)
4(1195 1196 1198 1197)
4(1190 1193 1199 1196)
4(1193 1194 1200 1199)
4(1196 1199 1201 1198)
4(1199 1200 1202 1201)
4(1204 1205 1212 1211)
4(1209 1211 1213 1210)
4(1211 1212 1214 1213)
4(1182 1197 1215 1203)
4(1197 1198 1216 1215)
4(1203 1215 1217 1205)
4(1215 1216 1218 1217)
4(1198 1201 1219 1216)
4(1201 1202 1220 1219)
4(1216 1219 1221 1218)
4(1219 1220 1222 1221)
4(1205 1217 1223 1212)
4(1217 1218 1224 1223)
4(1212 1223 1225 1214)
4(1223 1224 1226 1225)
4(1218 1221 1227 1224)
4(1221 1222 1228 1227)
4(1224 1227 1229 1226)
4(1042 1043 1069 1068)
4(1068 1069 1071 1070)
4(1067 1070 1074 1072)
4(1070 1071 1075 1074)
4(1072 1074 1076 1073)
4(1074 1075 1077 1076)
4(1086 1087 1089 1088)
4(1210 1213 1090 1087)
4(1213 1214 1091 1090)
4(1087 1090 1092 1089)
4(1090 1091 1093 1092)
4(1040 1088 1094 1041)
4(1088 1089 1095 1094)
4(1041 1094 1096 1043)
4(1094 1095 1097 1096)
4(1089 1092 1098 1095)
4(1092 1093 1099 1098)
4(1095 1098 1100 1097)
4(1098 1099 1101 1100)
4(1214 1225 1102 1091)
4(1225 1226 1103 1102)
4(1091 1102 1104 1093)
4(1102 1103 1105 1104)
4(1226 1229 1111 1103)
4(1093 1104 1112 1099)
4(1099 1112 1113 1101)
4(1043 1096 1114 1069)
4(1096 1097 1115 1114)
4(1069 1114 1116 1071)
4(1114 1115 1117 1116)
4(1097 1100 1118 1115)
4(1100 1101 1119 1118)
4(1115 1118 1120 1117)
4(1118 1119 1121 1120)
4(1071 1116 1122 1075)
4(1116 1117 1123 1122)
4(1075 1122 1124 1077)
4(1122 1123 1125 1124)
4(1117 1120 1126 1123)
4(1123 1126 1127 1125)
4(1145 1146 1148 1147)
4(1073 1076 1149 1146)
4(1076 1077 1150 1149)
4(1146 1149 1151 1148)
4(1149 1150 1152 1151)
4(1147 1148 1154 1153)
4(1153 1154 1156 1155)
4(1148 1151 1157 1154)
4(1151 1152 1158 1157)
4(1154 1157 1159 1156)
4(1157 1158 1160 1159)
4(1129 1155 1170 1161)
4(1155 1156 1171 1170)
4(1161 1170 1172 1162)
4(1170 1171 1173 1172)
4(1156 1159 1174 1171)
4(1159 1160 1175 1174)
4(1171 1174 1176 1173)
4(1174 1175 1177 1176)
4(1162 1172 1178 1163)
4(1172 1173 1179 1178)
4(1173 1176 1180 1179)
4(1176 1177 1181 1180)
4(1077 1124 1183 1150)
4(1124 1125 1184 1183)
4(1150 1183 1185 1152)
4(1183 1184 1186 1185)
4(1152 1185 1187 1158)
4(1185 1186 1188 1187)
4(1158 1187 1189 1160)
4(1160 1189 1206 1175)
4(1175 1206 1207 1177)
4(1177 1207 1208 1181)
4(1128 1046 1130 1192)
4(1046 1047 1131 1130)
4(1192 1130 1132 1194)
4(1130 1131 1133 1132)
4(1047 1050 1134 1131)
4(1050 1051 1135 1134)
4(1131 1134 1136 1133)
4(1134 1135 1137 1136)
4(1194 1132 1138 1200)
4(1132 1133 1139 1138)
4(1200 1138 1140 1202)
4(1138 1139 1141 1140)
4(1133 1136 1142 1139)
4(1136 1137 1143 1142)
4(1139 1142 1144 1141)
4(1051 1062 1164 1135)
4(1062 1063 1165 1164)
4(1135 1164 1166 1137)
4(1202 1140 1167 1220)
4(1140 1141 1168 1167)
4(1220 1167 1169 1222)
4(946 782 1181 1208)
4(944 946 1208 1207)
4(943 944 1207 1206)
4(810 943 1206 1189)
4(808 810 1189 1187)
4(809 808 1187 1188)
4(804 809 1188 1186)
4(802 804 1186 1184)
4(384 802 1184 1125)
4(388 384 1125 1127)
4(387 388 1127 1126)
4(375 387 1126 1120)
4(376 375 1120 1121)
4(374 376 1121 1119)
4(313 374 1119 1101)
4(360 313 1101 1113)
4(359 360 1113 1112)
4(320 359 1112 1104)
4(321 320 1104 1105)
4(319 321 1105 1103)
4(356 319 1103 1111)
4(1024 356 1111 1229)
4(1022 1024 1229 1227)
4(1023 1022 1227 1228)
4(1010 1023 1228 1222)
4(705 1010 1222 1169)
4(703 705 1169 1167)
4(704 703 1167 1168)
4(580 704 1168 1141)
4(586 580 1141 1144)
4(584 586 1144 1142)
4(585 584 1142 1143)
4(572 585 1143 1137)
4(699 572 1137 1166)
4(697 699 1166 1164)
4(698 697 1164 1165)
4(200 698 1165 1063)
4(206 200 1063 1066)
4(354 205 1065 1110)
4(204 206 1066 1064)
4(205 204 1064 1065)
4(351 354 1110 1108)
4(352 351 1108 1109)
4(350 352 1109 1107)
4(709 707 1367 1369)
4(708 709 1369 1368)
4(710 708 1368 1370)
4(473 710 1370 1329)
4(472 473 1329 1328)
4(474 472 1328 1330)
4(471 474 1330 1327)
4(899 471 1327 1415)
4(898 899 1415 1414)
4(900 898 1414 1416)
4(794 900 1416 1390)
4(866 794 1390 1412)
4(865 866 1412 1411)
4(867 865 1411 1413)
4(864 867 1413 1410)
4(977 864 1410 1433)
4(976 977 1433 1432)
4(978 976 1432 1434)
4(153 978 1434 1269)
4(234 153 1269 1276)
4(233 234 1276 1275)
4(235 233 1275 1277)
4(639 235 1277 1359)
4(636 639 1359 1356)
4(638 636 1356 1358)
4(637 638 1358 1357)
4(640 637 1357 1360)
4(641 640 1360 1361)
4(724 722 1372 1374)
4(546 641 1361 1350)
4(722 546 1350 1372)
4(723 724 1374 1373)
4(729 723 1373 1379)
4(730 729 1379 1380)
4(21 19 1233 1235)
4(19 17 1231 1233)
4(728 730 1380 1378)
4(17 728 1378 1231)
4(20 21 1235 1234)
4(22 20 1234 1236)
4(65 22 1236 1251)
4(66 65 1251 1252)
4(154 66 1252 1270)
4(967 154 1270 1431)
4(716 718 348 346)
4(346 348 352 350)
4(347 351 352 348)
4(347 353 354 351)
4(503 202 353 720)
4(202 205 354 353)
4(717 720 353 347)
4(717 347 348 718)
4(201 204 205 202)
4(201 203 206 204)
4(196 200 206 203)
4(196 695 698 200)
4(498 196 203 504)
4(498 905 695 196)
4(502 504 203 201)
4(502 201 202 503)
4(694 697 698 695)
4(694 696 699 697)
4(568 572 699 696)
4(568 582 585 572)
4(883 568 696 906)
4(883 896 582 568)
4(904 906 696 694)
4(904 694 695 905)
4(581 584 585 582)
4(581 583 586 584)
4(576 580 586 583)
4(576 701 704 580)
4(891 576 583 897)
4(891 983 701 576)
4(895 897 583 581)
4(895 581 582 896)
4(700 703 704 701)
4(700 702 705 703)
4(1006 1010 705 702)
4(1006 1020 1023 1010)
4(251 1006 702 984)
4(251 264 1020 1006)
4(982 984 702 700)
4(982 700 701 983)
4(1019 1022 1023 1020)
4(1019 1021 1024 1022)
4(1021 355 356 1024)
4(647 315 355 651)
4(647 649 317 315)
4(315 319 356 355)
4(315 317 321 319)
4(265 651 355 1021)
4(263 265 1021 1019)
4(263 1019 1020 264)
4(316 320 321 317)
4(316 357 359 320)
4(357 358 360 359)
4(744 746 372 370)
4(370 372 376 374)
4(309 313 360 358)
4(309 370 374 313)
4(634 309 358 655)
4(634 744 370 309)
4(654 655 358 357)
4(648 654 357 316)
4(648 316 317 649)
4(371 375 376 372)
4(371 385 387 375)
4(385 386 388 387)
4(800 806 809 804)
4(30 63 806 800)
4(28 30 800 798)
4(798 800 804 802)
4(380 384 388 386)
4(380 798 802 384)
4(754 380 386 758)
4(754 28 798 380)
4(757 758 386 385)
4(745 757 385 371)
4(745 371 372 746)
4(805 808 809 806)
4(805 807 810 808)
4(807 941 943 810)
4(941 942 944 943)
4(942 945 946 944)
4(15 780 945 160)
4(780 782 946 945)
4(158 160 945 942)
4(157 158 942 941)
4(64 157 941 807)
4(62 64 807 805)
4(62 805 806 63)
4(494 902 905 498)
4(494 498 504 501)
4(471 899 902 494)
4(471 494 501 474)
4(898 901 902 899)
4(901 904 905 902)
4(901 903 906 904)
4(879 883 906 903)
4(879 893 896 883)
4(794 879 903 900)
4(794 866 893 879)
4(898 900 903 901)
4(892 895 896 893)
4(892 894 897 895)
4(887 891 897 894)
4(887 980 983 891)
4(864 887 894 867)
4(864 977 980 887)
4(865 867 894 892)
4(865 892 893 866)
4(979 982 983 980)
4(979 981 984 982)
4(247 251 984 981)
4(247 261 264 251)
4(153 247 981 978)
4(153 234 261 247)
4(976 978 981 979)
4(976 979 980 977)
4(260 263 264 261)
4(260 262 265 263)
4(262 650 651 265)
4(636 643 650 639)
4(636 638 645 643)
4(643 647 651 650)
4(643 645 649 647)
4(235 639 650 262)
4(233 235 262 260)
4(233 260 261 234)
4(644 648 649 645)
4(644 652 654 648)
4(652 653 655 654)
4(722 724 742 740)
4(740 742 746 744)
4(630 634 655 653)
4(630 740 744 634)
4(546 630 653 641)
4(546 722 740 630)
4(640 641 653 652)
4(637 640 652 644)
4(637 644 645 638)
4(741 745 746 742)
4(741 755 757 745)
4(755 756 758 757)
4(26 60 63 30)
4(19 21 60 26)
4(17 19 26 24)
4(24 26 30 28)
4(750 754 758 756)
4(750 24 28 754)
4(728 750 756 730)
4(728 17 24 750)
4(729 730 756 755)
4(723 729 755 741)
4(723 741 742 724)
4(59 62 63 60)
4(59 61 64 62)
4(61 155 157 64)
4(155 156 158 157)
4(156 159 160 158)
4(967 13 159 154)
4(13 15 160 159)
4(66 154 159 156)
4(65 66 156 155)
4(22 65 155 61)
4(20 22 61 59)
4(20 59 60 21)
4(499 501 504 502)
4(499 502 503 500)
4(500 503 720 719)
4(707 709 714 712)
4(712 714 718 716)
4(713 717 718 714)
4(713 719 720 717)
4(473 500 719 710)
4(708 710 719 713)
4(708 713 714 709)
4(472 474 501 499)
4(472 499 500 473)
4(691 1162 1163 693)
4(690 1161 1162 691)
4(552 1129 1161 690)
4(678 1155 1129 552)
4(676 1153 1155 678)
4(662 1147 1153 676)
4(660 1145 1147 662)
4(661 1146 1145 660)
4(220 1073 1146 661)
4(219 1072 1073 220)
4(208 1067 1072 219)
4(215 1070 1067 208)
4(213 1068 1070 215)
4(101 1042 1068 213)
4(102 1043 1042 101)
4(100 1041 1043 102)
4(96 1040 1041 100)
4(288 1088 1040 96)
4(286 1086 1088 288)
4(287 1087 1086 286)
4(986 1210 1087 287)
4(985 1209 1210 986)
4(991 1211 1209 985)
4(937 1204 1211 991)
4(938 1205 1204 937)
4(936 1203 1205 938)
4(796 1182 1203 936)
4(923 1197 1182 796)
4(921 1195 1197 923)
4(922 1196 1195 921)
4(908 1190 1196 922)
4(915 1193 1190 908)
4(913 1191 1193 915)
4(914 1192 1191 913)
4(467 1128 1192 914)
4(167 1046 1128 467)
4(165 1044 1046 167)
4(166 1045 1044 165)
4(86 1035 1045 166)
4(93 1038 1035 86)
4(91 1036 1038 93)
4(92 1037 1036 91)
4(32 1025 1037 92)
4(75 1029 1025 32)
4(76 1030 1029 75)
4(74 1028 1030 76)
4(81 1031 1028 74)
4(69 1026 1031 81)
4(70 1027 1026 69)
4(272 1080 1027 70)
4(270 1078 1080 272)
4(271 1079 1078 270)
4(505 1331 1332 506)
4(507 1333 1331 505)
4(326 1280 1333 507)
4(325 1279 1280 326)
4(330 1284 1279 325)
4(327 1281 1284 330)
4(329 1283 1281 327)
4(328 1282 1283 329)
4(322 1278 1282 328)
4(407 1294 1278 322)
4(406 1293 1294 407)
4(408 1295 1293 406)
4(405 1292 1295 408)
4(411 1298 1292 405)
4(410 1297 1298 411)
4(412 1299 1297 410)
4(783 1381 1299 412)
4(38 1240 1381 783)
4(37 1239 1240 38)
4(39 1241 1239 37)
4(36 1238 1241 39)
4(42 1244 1238 36)
4(41 1243 1244 42)
4(43 1245 1243 41)
4(121 1255 1253 119)
4(33 1237 1245 43)
4(119 1253 1237 33)
4(120 1254 1255 121)
4(124 1258 1254 120)
4(532 1336 1257 123)
4(122 1256 1258 124)
4(123 1257 1256 122)
4(531 1335 1336 532)
4(533 1337 1335 531)
4(339 1291 1289 337)
4(336 1288 1337 533)
4(337 1289 1288 336)
4(338 1290 1291 339)
4(456 1314 1290 338)
4(458 1316 1314 456)
4(814 1392 1319 461)
4(461 1319 1318 460)
4(455 1313 1316 458)
4(460 1318 1313 455)
4(813 1391 1392 814)
4(815 1393 1391 813)
4(821 1399 1393 815)
4(823 1401 1399 821)
4(949 1419 1418 948)
4(948 1418 1417 947)
4(786 1382 1401 823)
4(947 1417 1382 786)
4(266 267 271 270)
4(266 270 272 268)
4(68 268 272 70)
4(390 597 268 68)
4(595 266 268 597)
4(595 596 267 266)
4(67 68 70 69)
4(67 69 81 77)
4(394 401 77 71)
4(394 71 73 396)
4(71 77 81 74)
4(71 74 76 73)
4(389 67 77 401)
4(389 390 68 67)
4(72 73 76 75)
4(31 72 75 32)
4(31 32 92 88)
4(324 395 72 31)
4(324 31 88 425)
4(395 396 73 72)
4(87 88 92 91)
4(87 91 93 89)
4(85 89 93 86)
4(85 86 166 162)
4(419 426 89 85)
4(419 85 162 433)
4(424 87 89 426)
4(424 425 88 87)
4(161 162 166 165)
4(161 165 167 163)
4(466 163 167 467)
4(466 467 914 910)
4(785 434 163 466)
4(785 466 910 56)
4(432 161 163 434)
4(432 433 162 161)
4(909 910 914 913)
4(909 913 915 911)
4(907 911 915 908)
4(907 908 922 918)
4(50 57 911 907)
4(50 907 918 108)
4(55 909 911 57)
4(55 56 910 909)
4(917 918 922 921)
4(917 921 923 919)
4(131 933 935 133)
4(933 936 938 935)
4(795 919 923 796)
4(795 796 936 933)
4(35 109 919 795)
4(35 795 933 131)
4(107 917 919 109)
4(107 108 918 917)
4(934 935 938 937)
4(934 937 991 987)
4(940 986 287 283)
4(137 940 283 608)
4(136 142 987 939)
4(136 939 940 137)
4(939 987 991 985)
4(939 985 986 940)
4(132 934 987 142)
4(132 133 935 934)
4(282 283 287 286)
4(282 286 288 284)
4(452 97 99 454)
4(97 100 102 99)
4(95 284 288 96)
4(95 96 100 97)
4(341 609 284 95)
4(341 95 97 452)
4(607 282 284 609)
4(607 608 283 282)
4(98 99 102 101)
4(98 101 213 209)
4(209 213 215 211)
4(218 220 661 554)
4(522 218 554 834)
4(521 217 218 522)
4(217 219 220 218)
4(207 211 215 208)
4(207 208 219 217)
4(510 517 211 207)
4(510 207 217 521)
4(515 209 211 517)
4(453 98 209 515)
4(453 454 99 98)
4(553 554 661 660)
4(553 660 662 555)
4(555 662 676 672)
4(672 676 678 674)
4(689 691 693 692)
4(953 689 692 955)
4(952 688 689 953)
4(688 690 691 689)
4(551 674 678 552)
4(551 552 690 688)
4(812 851 674 551)
4(812 551 688 952)
4(849 672 674 851)
4(835 555 672 849)
4(833 553 555 835)
4(833 834 554 553)
4(784 785 56 52)
4(784 430 434 785)
4(783 784 52 38)
4(783 412 430 784)
4(37 38 52 51)
4(51 52 56 55)
4(51 55 57 53)
4(49 53 57 50)
4(49 50 108 104)
4(36 39 53 49)
4(36 49 104 42)
4(37 51 53 39)
4(103 104 108 107)
4(103 107 109 105)
4(119 128 130 121)
4(128 131 133 130)
4(34 105 109 35)
4(34 35 131 128)
4(33 43 105 34)
4(33 34 128 119)
4(41 103 105 43)
4(41 42 104 103)
4(129 130 133 132)
4(129 132 142 138)
4(135 137 608 548)
4(123 135 548 532)
4(122 124 138 134)
4(122 134 135 123)
4(134 138 142 136)
4(134 136 137 135)
4(120 129 138 124)
4(120 121 130 129)
4(547 548 608 607)
4(547 607 609 549)
4(337 342 344 339)
4(342 452 454 344)
4(340 549 609 341)
4(340 341 452 342)
4(336 533 549 340)
4(336 340 342 337)
4(531 547 549 533)
4(531 532 548 547)
4(343 344 454 453)
4(343 453 515 511)
4(511 515 517 513)
4(520 522 834 830)
4(461 520 830 814)
4(460 519 520 461)
4(519 521 522 520)
4(509 513 517 510)
4(509 510 521 519)
4(455 458 513 509)
4(455 509 519 460)
4(456 511 513 458)
4(338 343 511 456)
4(338 339 344 343)
4(829 830 834 833)
4(829 833 835 831)
4(831 835 849 845)
4(845 849 851 847)
4(951 953 955 954)
4(948 951 954 949)
4(947 950 951 948)
4(950 952 953 951)
4(811 847 851 812)
4(811 812 952 950)
4(786 823 847 811)
4(786 811 950 947)
4(821 845 847 823)
4(815 831 845 821)
4(813 829 831 815)
4(813 814 830 829)
4(428 432 434 430)
4(428 429 433 432)
4(591 592 596 595)
4(591 595 597 593)
4(335 593 597 390)
4(326 507 593 335)
4(505 591 593 507)
4(505 506 592 591)
4(334 335 390 389)
4(334 389 401 397)
4(327 330 397 391)
4(327 391 393 329)
4(391 397 401 394)
4(391 394 396 393)
4(325 334 397 330)
4(325 326 335 334)
4(392 393 396 395)
4(323 392 395 324)
4(323 324 425 421)
4(322 328 392 323)
4(322 323 421 407)
4(328 329 393 392)
4(420 421 425 424)
4(420 424 426 422)
4(418 422 426 419)
4(418 419 433 429)
4(405 408 422 418)
4(405 418 429 411)
4(406 420 422 408)
4(406 407 421 420)
4(410 428 430 412)
4(410 411 429 428)
4(782 781 1180 1181)
4(781 778 1179 1180)
4(778 777 1178 1179)
4(777 693 1163 1178)
4(966 967 1431 1430)
4(965 966 1430 1429)
4(964 965 1429 1428)
4(949 964 1428 1419)
4(779 781 782 780)
4(14 779 780 15)
4(11 776 779 14)
4(776 778 781 779)
4(775 777 778 776)
4(10 775 776 11)
4(955 692 775 10)
4(692 693 777 775)
4(12 14 15 13)
4(966 12 13 967)
4(965 9 12 966)
4(9 11 14 12)
4(8 10 11 9)
4(964 8 9 965)
4(949 954 8 964)
4(954 955 10 8)
4(281 350 1107 1085)
4(279 281 1085 1083)
4(273 279 1083 1081)
4(271 273 1081 1079)
4(707 590 1354 1367)
4(590 588 1352 1354)
4(588 508 1334 1352)
4(508 506 1332 1334)
4(277 346 350 281)
4(606 716 346 277)
4(604 606 277 275)
4(275 277 281 279)
4(269 275 279 273)
4(598 604 275 269)
4(596 598 269 267)
4(267 269 273 271)
4(602 712 716 606)
4(590 707 712 602)
4(588 590 602 600)
4(600 602 606 604)
4(594 600 604 598)
4(508 588 600 594)
4(506 508 594 592)
4(592 594 598 596)
)


// ************************************************************************* //
