/*--------------------------------*- C++ -*----------------------------------*\
| =========                 |                                                 |
| \\      /  F ield         | OpenFOAM: The Open Source CFD Toolbox           |
|  \\    /   O peration     | Version:  2412                                  |
|   \\  /    A nd           | Website:  www.openfoam.com                      |
|    \\/     M anipulation  |                                                 |
\*---------------------------------------------------------------------------*/
FoamFile
{
    version     2.0;
    format      ascii;
    arch        "LSB;label=32;scalar=64";
    note        "nPoints:1435  nCells:912  nFaces:3200  nInternalFaces:2272";
    class       labelList;
    location    "constant/claddingZone/polyMesh";
    object      neighbour;
}
// * * * * * * * * * * * * * * * * * * * * * * * * * * * * * * * * * * * * * //


2272
(
1
9
596
2
8
595
3
7
561
4
6
560
5
514
6
14
517
7
13
559
8
12
566
9
11
594
10
601
11
602
12
18
593
13
17
567
14
16
558
15
518
16
22
521
17
21
557
18
20
572
19
592
20
28
591
21
27
573
22
26
556
23
25
522
24
513
25
32
512
26
31
527
27
30
555
28
29
578
590
30
37
579
31
36
554
32
35
528
34
511
34
42
479
35
41
510
36
40
533
37
39
553
38
584
39
585
40
47
552
41
46
534
42
45
509
44
480
44
52
477
45
51
484
46
50
508
47
49
539
48
551
49
550
50
57
540
51
56
507
52
55
485
54
476
54
62
448
55
61
475
56
60
490
57
59
506
58
545
59
546
60
67
505
61
66
491
62
65
474
64
449
64
71
446
65
70
453
66
69
473
67
68
496
504
69
77
497
70
76
472
71
75
454
72
74
445
73
420
74
81
423
75
80
444
76
79
459
77
78
471
502
79
470
80
87
460
81
86
443
82
85
424
84
419
84
92
397
85
91
418
86
90
429
87
89
442
88
465
89
466
90
99
441
91
98
430
92
97
417
93
96
398
95
395
95
104
373
96
103
394
97
102
403
98
101
416
99
100
435
440
101
436
102
111
415
103
110
404
104
109
393
105
108
374
107
371
107
116
350
108
115
370
109
114
379
110
113
392
111
112
409
414
113
410
114
123
391
115
122
380
116
121
369
117
120
351
119
348
119
128
330
120
127
347
121
126
356
122
125
368
123
124
385
390
125
386
126
137
367
127
136
357
128
135
346
129
134
331
130
133
328
132
309
132
143
308
133
142
313
134
141
327
135
140
336
136
139
345
137
138
362
366
139
363
140
344
141
147
337
142
146
326
143
145
314
144
307
145
150
306
146
149
319
147
148
325
342
149
324
150
320
151
305
304
153
869
154
161
868
155
160
863
156
159
862
158
857
158
166
856
159
165
858
160
164
861
161
163
864
162
867
163
888
164
171
885
165
170
884
166
169
879
168
878
168
175
877
169
174
876
170
173
880
171
172
883
886
173
182
902
174
181
897
175
180
896
176
179
895
178
608
178
187
610
179
186
613
180
185
894
181
184
893
182
183
898
901
184
910
185
194
909
186
193
908
187
192
614
188
191
623
190
622
190
199
618
191
198
621
192
197
624
193
196
627
194
195
907
906
196
911
197
206
628
198
205
645
199
204
644
200
203
639
202
638
202
211
634
203
210
637
204
209
640
205
208
643
206
207
646
649
208
675
209
219
674
210
218
669
211
217
668
212
216
663
215
662
214
225
657
215
224
658
216
223
661
217
222
664
218
221
667
219
220
670
673
221
705
222
234
704
223
233
699
224
232
698
225
231
693
226
230
692
229
687
228
240
683
229
239
686
230
238
688
231
237
691
232
236
694
233
235
697
234
700
703
236
739
237
251
736
238
250
735
239
249
730
240
248
729
241
247
724
242
246
723
245
718
244
258
714
245
257
717
246
256
719
247
255
722
248
254
725
249
253
728
250
252
731
251
734
737
253
785
254
274
784
255
273
779
256
272
778
257
271
773
258
270
772
259
269
767
260
268
766
261
267
761
266
760
263
285
751
264
284
752
265
283
755
266
282
756
267
281
759
268
280
762
269
279
765
270
278
768
271
277
771
272
276
774
273
275
777
274
780
783
276
825
277
824
278
294
823
279
293
818
280
292
817
281
291
812
282
290
811
283
289
806
284
288
805
285
287
800
286
799
287
300
798
288
299
801
289
298
804
290
297
807
291
296
810
292
295
813
293
816
294
819
822
296
843
297
842
298
841
299
303
840
300
302
835
301
834
302
833
303
836
839
305
323
306
320
322
307
317
319
308
314
316
311
313
310
313
328
312
333
855
312
316
854
313
315
334
859
314
327
315
319
326
316
318
339
860
317
853
318
322
852
319
321
340
865
320
325
321
324
322
343
866
323
851
850
325
343
326
340
342
327
337
339
328
334
336
331
333
330
332
354
849
331
347
332
336
346
333
335
359
875
334
874
335
339
873
336
338
360
881
337
345
338
342
344
339
341
365
882
340
872
341
343
871
342
887
870
345
363
365
346
360
362
347
357
359
348
354
356
351
353
350
352
377
611
351
370
352
356
369
353
355
382
612
354
609
355
359
848
356
358
383
847
357
368
358
362
367
359
361
388
892
360
891
361
365
890
362
364
389
899
363
366
364
365
900
889
367
389
368
386
388
369
383
385
370
380
382
371
377
379
374
376
373
375
401
619
374
394
375
379
393
376
378
406
620
377
617
378
382
616
379
381
407
625
380
392
381
385
391
382
384
412
626
383
615
384
388
846
385
387
413
845
386
390
387
388
905
389
904
903
391
413
392
410
412
393
407
409
394
404
406
395
401
403
398
400
397
399
427
635
398
418
399
403
417
400
402
432
636
401
633
402
406
632
403
405
433
641
404
416
405
409
415
406
408
438
642
407
631
408
412
630
409
411
439
647
410
414
411
412
648
413
629
844
415
439
416
436
438
417
433
435
418
430
432
419
427
429
424
426
421
423
445
422
456
656
423
425
457
659
424
444
425
429
443
426
428
462
660
427
655
428
432
654
429
431
463
665
430
442
431
435
441
432
434
468
666
433
653
434
438
652
435
437
469
671
436
440
437
438
672
439
651
650
441
469
442
466
468
443
463
465
444
460
462
445
457
459
446
454
456
451
453
448
450
488
684
449
475
450
453
474
452
493
685
452
456
682
453
455
494
689
454
473
455
459
472
456
458
499
690
457
681
458
462
680
459
461
500
695
460
471
461
465
470
462
464
503
696
463
679
464
468
678
465
467
701
466
467
468
702
469
677
676
471
503
472
500
502
473
497
499
474
494
496
475
491
493
476
488
490
477
485
487
482
484
479
481
531
715
480
510
481
484
509
483
536
716
483
487
713
484
486
537
720
485
508
486
490
507
487
489
542
721
488
712
489
493
711
490
492
543
726
491
506
492
496
505
493
495
548
727
494
710
495
499
709
496
498
549
732
497
504
498
502
499
501
733
500
708
501
503
707
502
738
706
505
549
506
546
548
507
543
545
508
540
542
509
537
539
510
534
536
511
531
533
512
528
530
513
525
527
522
524
515
517
560
516
563
750
517
519
564
753
518
559
519
521
558
520
569
754
521
523
570
757
522
557
523
527
556
524
526
575
758
525
749
526
530
748
527
529
576
763
528
555
529
533
554
530
532
581
764
531
747
532
536
746
533
535
582
769
534
553
535
539
552
536
538
587
770
537
745
538
542
744
539
541
588
775
540
551
541
545
550
542
544
589
776
543
743
544
548
742
545
547
781
546
547
548
782
549
741
740
551
589
552
588
553
585
587
554
582
584
555
579
581
556
576
578
557
573
575
558
570
572
559
567
569
560
564
566
561
563
562
566
595
563
565
598
797
564
796
565
569
795
566
568
599
802
567
594
568
572
593
569
571
604
803
570
794
571
575
793
572
574
605
808
573
592
574
578
591
575
577
606
809
576
792
577
581
791
578
580
607
814
579
590
580
584
581
583
815
582
790
583
587
789
584
586
820
585
586
587
821
588
788
589
787
786
591
607
592
606
593
605
594
602
604
595
599
601
596
598
597
601
598
600
832
599
831
600
604
830
601
603
837
602
603
604
838
605
829
606
828
607
827
826
609
613
895
612
848
611
613
623
612
616
613
615
847
614
894
615
623
627
908
616
626
846
617
623
625
620
622
619
621
639
620
632
621
625
631
622
624
644
623
624
625
627
645
626
630
627
629
845
628
907
629
645
649
911
630
648
844
631
645
647
632
642
644
633
639
641
636
638
635
637
663
636
654
637
641
653
638
640
668
639
640
644
641
643
669
642
652
643
647
651
644
646
674
645
646
647
649
675
648
650
649
651
675
652
672
674
653
669
671
654
666
668
655
663
665
660
662
657
659
681
658
692
659
661
693
660
680
661
665
679
662
664
698
663
664
668
665
667
699
666
678
667
671
677
668
670
704
669
670
674
671
673
705
672
676
673
674
675
677
705
678
702
704
679
699
701
680
696
698
681
693
695
682
690
692
687
689
684
686
724
685
711
686
689
710
688
729
688
692
689
691
730
690
709
691
695
708
692
694
735
693
694
698
695
697
736
696
707
697
701
706
698
700
739
699
700
704
701
703
702
703
704
705
707
739
708
736
738
709
733
735
710
730
732
711
727
729
712
724
726
713
721
723
718
720
715
717
767
716
746
717
720
745
719
772
719
723
720
722
773
721
744
722
726
743
723
725
778
724
725
729
726
728
779
727
742
728
732
741
729
731
784
730
731
735
732
734
785
733
740
734
738
735
737
736
737
739
738
741
785
742
782
784
743
779
781
744
776
778
745
773
775
746
770
772
747
767
769
748
764
766
749
761
763
758
760
751
753
796
752
799
753
755
800
754
795
755
757
794
756
805
757
759
806
758
793
759
763
792
760
762
811
761
762
766
763
765
812
764
791
765
769
790
766
768
817
767
768
772
769
771
818
770
789
771
775
788
772
774
823
773
774
778
775
777
824
776
787
777
781
786
778
780
825
779
780
784
781
783
782
783
784
785
787
825
788
824
789
821
823
790
818
820
791
815
817
792
812
814
793
809
811
794
806
808
795
803
805
796
800
802
797
799
798
802
831
799
801
834
800
801
805
802
804
835
803
830
804
808
829
805
807
840
806
807
811
808
810
841
809
828
810
814
827
811
813
842
812
813
817
814
816
843
815
826
816
820
817
819
818
819
823
820
822
821
822
823
824
825
827
843
828
842
829
841
830
838
840
831
835
837
832
834
833
837
834
836
835
836
840
837
839
838
839
840
841
842
843
845
911
846
905
907
847
904
908
848
892
894
849
891
895
875
877
851
869
852
866
868
853
863
865
854
860
862
857
859
856
859
874
858
878
858
862
859
861
879
860
873
861
865
872
862
864
884
863
864
868
865
867
885
866
871
867
870
868
888
869
871
888
872
885
887
873
882
884
874
879
881
875
878
876
881
891
877
878
880
896
895
879
880
884
881
883
897
882
890
883
887
889
884
886
902
885
886
888
887
890
900
902
891
897
899
892
896
893
899
904
894
896
898
909
895
908
896
897
898
902
899
901
910
900
903
901
902
904
910
905
909
906
907
909
908
911
909
910
)


// ************************************************************************* //
