/*--------------------------------*- C++ -*----------------------------------*\
| =========                 |                                                 |
| \\      /  F ield         | OpenFOAM: The Open Source CFD Toolbox           |
|  \\    /   O peration     | Version:  2412                                  |
|   \\  /    A nd           | Website:  www.openfoam.com                      |
|    \\/     M anipulation  |                                                 |
\*---------------------------------------------------------------------------*/
FoamFile
{
    version     2.0;
    format      ascii;
    arch        "LSB;label=32;scalar=64";
    note        "nPoints:5005  nCells:3906  nFaces:12747  nInternalFaces:10689";
    class       labelList;
    location    "constant/fuelZone/polyMesh";
    object      neighbour;
}
// * * * * * * * * * * * * * * * * * * * * * * * * * * * * * * * * * * * * * //


10689
(
1
19
1860
2
18
1859
3
17
1737
4
16
1736
5
15
1610
6
14
1609
7
13
1479
8
12
1478
9
11
1346
10
1345
11
51
1344
12
50
1351
13
49
1477
14
48
1484
15
47
1608
16
46
1615
17
45
1735
18
44
1742
19
43
1858
20
42
1865
21
41
1977
22
40
1980
23
39
2086
38
2089
25
79
2594
26
78
2593
27
77
2559
28
76
2558
29
75
2507
30
74
2506
31
73
2442
32
72
2441
33
71
2366
34
70
2365
35
69
2282
36
68
2281
37
67
2190
38
66
2189
39
65
2090
40
64
2085
41
63
1981
42
62
1976
43
61
1866
44
60
1857
45
59
1743
46
58
1734
47
57
1616
48
56
1607
49
55
1485
50
54
1476
51
53
1352
52
1343
53
106
1342
54
105
1357
55
104
1475
56
103
1490
57
102
1606
58
101
1621
59
100
1733
60
99
1748
61
98
1856
62
97
1871
63
96
1975
64
95
1986
65
94
2084
66
93
2095
67
92
2188
68
91
2195
69
90
2280
70
89
2287
71
88
2364
72
87
2371
73
86
2440
74
85
2447
75
84
2505
76
83
2512
77
82
2557
78
81
2564
79
80
2592
2599
81
133
2591
82
132
2565
83
131
2556
84
130
2513
85
129
2504
86
128
2448
87
127
2439
88
126
2372
89
125
2363
90
124
2288
91
123
2279
92
122
2196
93
121
2187
94
120
2096
95
119
2083
96
118
1987
97
117
1974
98
116
1872
99
115
1855
100
114
1749
101
113
1732
102
112
1622
103
111
1605
104
110
1491
105
109
1474
106
108
1358
107
1341
108
160
1340
109
159
1363
110
158
1473
111
157
1496
112
156
1604
113
155
1627
114
154
1731
115
153
1754
116
152
1854
117
151
1877
118
150
1973
119
149
1992
120
148
2082
121
147
2101
122
146
2186
123
145
2201
124
144
2278
125
143
2293
126
142
2362
127
141
2377
128
140
2438
129
139
2453
130
138
2503
131
137
2518
132
136
2555
133
135
2570
134
2590
135
189
2589
136
188
2571
137
187
2554
138
186
2519
139
185
2502
140
184
2454
141
183
2437
142
182
2378
143
181
2361
144
180
2294
145
179
2277
146
178
2202
147
177
2185
148
176
2102
149
175
2081
150
174
1993
151
173
1972
152
172
1878
153
171
1853
154
170
1755
155
169
1730
156
168
1628
157
167
1603
158
166
1497
159
165
1472
160
164
1364
161
163
1339
162
1302
163
216
1305
164
215
1338
165
214
1369
166
213
1471
167
212
1502
168
211
1602
169
210
1633
170
209
1729
171
208
1760
172
207
1852
173
206
1883
174
205
1971
175
204
1998
176
203
2080
177
202
2107
178
201
2184
179
200
2207
180
199
2276
181
198
2299
182
197
2360
183
196
2383
184
195
2436
185
194
2459
186
193
2501
187
192
2524
188
191
2553
189
190
2576
2588
191
243
2577
192
242
2552
193
241
2525
194
240
2500
195
239
2460
196
238
2435
197
237
2384
198
236
2359
199
235
2300
200
234
2275
201
233
2208
202
232
2183
203
231
2108
204
230
2079
205
229
1999
206
228
1970
207
227
1884
208
226
1851
209
225
1761
210
224
1728
211
223
1634
212
222
1601
213
221
1503
214
220
1470
215
219
1370
216
218
1337
217
1306
218
270
1309
219
269
1336
220
268
1375
221
267
1469
222
266
1508
223
265
1600
224
264
1639
225
263
1727
226
262
1766
227
261
1850
228
260
1889
229
259
1969
230
258
2004
231
257
2078
232
256
2113
233
255
2182
234
254
2213
235
253
2274
236
252
2305
237
251
2358
238
250
2389
239
249
2434
240
248
2465
241
247
2499
242
246
2530
243
245
2551
244
2582
245
2583
246
295
2550
247
294
2531
248
293
2498
249
292
2466
250
291
2433
251
290
2390
252
289
2357
253
288
2306
254
287
2273
255
286
2214
256
285
2181
257
284
2114
258
283
2077
259
282
2005
260
281
1968
261
280
1890
262
279
1849
263
278
1767
264
277
1726
265
276
1640
266
275
1599
267
274
1509
268
273
1468
269
272
1376
270
271
1335
1310
272
320
1334
273
319
1381
274
318
1467
275
317
1514
276
316
1598
277
315
1645
278
314
1725
279
313
1772
280
312
1848
281
311
1895
282
310
1967
283
309
2010
284
308
2076
285
307
2119
286
306
2180
287
305
2219
288
304
2272
289
303
2311
290
302
2356
291
301
2395
292
300
2432
293
299
2471
294
298
2497
295
297
2536
296
2549
297
2548
298
344
2537
299
343
2496
300
342
2472
301
341
2431
302
340
2396
303
339
2355
304
338
2312
305
337
2271
306
336
2220
307
335
2179
308
334
2120
309
333
2075
310
332
2011
311
331
1966
312
330
1896
313
329
1847
314
328
1773
315
327
1724
316
326
1646
317
325
1597
318
324
1515
319
323
1466
320
322
1382
321
1333
322
368
1332
323
367
1387
324
366
1465
325
365
1520
326
364
1596
327
363
1651
328
362
1723
329
361
1778
330
360
1846
331
359
1901
332
358
1965
333
357
2016
334
356
2074
335
355
2125
336
354
2178
337
353
2225
338
352
2270
339
351
2317
340
350
2354
341
349
2401
342
348
2430
343
347
2477
344
346
2495
345
2542
346
2543
347
391
2494
348
390
2478
349
389
2429
350
388
2402
351
387
2353
352
386
2318
353
385
2269
354
384
2226
355
383
2177
356
382
2126
357
381
2073
358
380
2017
359
379
1964
360
378
1902
361
377
1845
362
376
1779
363
375
1722
364
374
1652
365
373
1595
366
372
1521
367
371
1464
368
370
1388
369
1331
370
414
1330
371
413
1393
372
412
1463
373
411
1526
374
410
1594
375
409
1657
376
408
1721
377
407
1784
378
406
1844
379
405
1907
380
404
1963
381
403
2022
382
402
2072
383
401
2131
384
400
2176
385
399
2231
386
398
2268
387
397
2323
388
396
2352
389
395
2407
390
394
2428
391
393
2483
392
2493
393
2492
394
436
2484
395
435
2427
396
434
2408
397
433
2351
398
432
2324
399
431
2267
400
430
2232
401
429
2175
402
428
2132
403
427
2071
404
426
2023
405
425
1962
406
424
1908
407
423
1843
408
422
1785
409
421
1720
410
420
1658
411
419
1593
412
418
1527
413
417
1462
414
416
1394
415
1329
416
457
1328
417
456
1399
418
455
1461
419
454
1532
420
453
1592
421
452
1663
422
451
1719
423
450
1790
424
449
1842
425
448
1913
426
447
1961
427
446
2028
428
445
2070
429
444
2137
430
443
2174
431
442
2237
432
441
2266
433
440
2329
434
439
2350
435
438
2413
436
437
2426
2489
438
478
2425
439
477
2414
440
476
2349
441
475
2330
442
474
2265
443
473
2238
444
472
2173
445
471
2138
446
470
2069
447
469
2029
448
468
1960
449
467
1914
450
466
1841
451
465
1791
452
464
1718
453
463
1664
454
462
1591
455
461
1533
456
460
1460
457
459
1400
458
1327
459
498
1326
460
497
1405
461
496
1459
462
495
1538
463
494
1590
464
493
1669
465
492
1717
466
491
1796
467
490
1840
468
489
1919
469
488
1959
470
487
2034
471
486
2068
472
485
2143
473
484
2172
474
483
2243
475
482
2264
476
481
2335
477
480
2348
478
479
2419
2424
480
2420
481
517
2347
482
516
2336
483
515
2263
484
514
2244
485
513
2171
486
512
2144
487
511
2067
488
510
2035
489
509
1958
490
508
1920
491
507
1839
492
506
1797
493
505
1716
494
504
1670
495
503
1589
496
502
1539
497
501
1458
498
500
1406
499
1325
500
535
1324
501
534
1411
502
533
1457
503
532
1544
504
531
1588
505
530
1675
506
529
1715
507
528
1802
508
527
1838
509
526
1925
510
525
1957
511
524
2040
512
523
2066
513
522
2149
514
521
2170
515
520
2249
516
519
2262
517
518
2341
2346
519
2342
520
552
2261
521
551
2250
522
550
2169
523
549
2150
524
548
2065
525
547
2041
526
546
1956
527
545
1926
528
544
1837
529
543
1803
530
542
1714
531
541
1676
532
540
1587
533
539
1545
534
538
1456
535
537
1412
536
1323
537
568
1322
538
567
1417
539
566
1455
540
565
1550
541
564
1586
542
563
1681
543
562
1713
544
561
1808
545
560
1836
546
559
1931
547
558
1955
548
557
2046
549
556
2064
550
555
2155
551
554
2168
552
553
2255
2260
554
2256
555
583
2167
556
582
2156
557
581
2063
558
580
2047
559
579
1954
560
578
1932
561
577
1835
562
576
1809
563
575
1712
564
574
1682
565
573
1585
566
572
1551
567
571
1454
568
570
1418
569
1321
570
597
1320
571
596
1423
572
595
1453
573
594
1556
574
593
1584
575
592
1687
576
591
1711
577
590
1814
578
589
1834
579
588
1937
580
587
1953
581
586
2052
582
585
2062
583
584
2161
2166
585
2162
586
610
2061
587
609
2053
588
608
1952
589
607
1938
590
606
1833
591
605
1815
592
604
1710
593
603
1688
594
602
1583
595
601
1557
596
600
1452
597
599
1424
598
1319
599
621
1318
600
620
1429
601
619
1451
602
618
1562
603
617
1582
604
616
1693
605
615
1709
606
614
1820
607
613
1832
608
612
1943
609
611
1951
610
2058
2060
612
1950
613
631
1944
614
630
1831
615
629
1821
616
628
1708
617
627
1694
618
626
1581
619
625
1563
620
624
1450
621
623
1430
622
1317
623
639
1316
624
638
1435
625
637
1449
626
636
1568
627
635
1580
628
634
1699
629
633
1707
630
632
1826
631
1830
1949
633
1827
634
1706
635
645
1700
636
644
1579
637
643
1569
638
642
1448
639
641
1436
640
1315
641
649
1314
642
648
1441
643
647
1447
644
646
1574
645
1578
1705
647
1575
648
1446
649
1442
650
1313
1312
652
683
2605
653
682
2606
654
681
2609
655
680
2610
679
2613
657
3836
658
722
3835
659
721
3830
660
720
3829
661
719
3824
662
718
3823
663
717
3822
664
716
2614
665
715
2717
666
714
2716
667
713
2711
668
712
2710
669
711
2705
670
710
2704
671
709
2699
672
708
2698
673
707
2693
674
706
2692
675
705
2687
676
704
2686
677
703
2681
678
702
2680
679
701
2675
680
700
2674
681
699
2669
682
698
2668
683
697
2663
684
696
2662
685
695
2657
686
694
2656
687
693
2651
688
692
2650
689
691
2645
690
2644
691
755
2643
692
754
2646
693
753
2649
694
752
2652
695
751
2655
696
750
2658
697
749
2661
698
748
2664
699
747
2667
700
746
2670
701
745
2673
702
744
2676
703
743
2679
704
742
2682
705
741
2685
706
740
2688
707
739
2691
708
738
2694
709
737
2697
710
736
2700
711
735
2703
712
734
2706
713
733
2709
714
732
2712
715
731
2715
716
730
2718
717
729
2721
718
728
3821
719
727
3820
720
726
3825
721
725
3828
722
724
3831
723
3834
724
788
3858
725
787
3853
726
786
3852
727
785
3847
728
784
3846
729
783
3845
730
782
2722
731
781
2825
732
780
2824
733
779
2819
734
778
2818
735
777
2813
736
776
2812
737
775
2807
738
774
2806
739
773
2801
740
772
2800
741
771
2795
742
770
2794
743
769
2789
744
768
2788
745
767
2783
746
766
2782
747
765
2777
748
764
2776
749
763
2771
750
762
2770
751
761
2765
752
760
2764
753
759
2759
754
758
2758
755
757
2753
756
2752
757
820
2751
758
819
2754
759
818
2757
760
817
2760
761
816
2763
762
815
2766
763
814
2769
764
813
2772
765
812
2775
766
811
2778
767
810
2781
768
809
2784
769
808
2787
770
807
2790
771
806
2793
772
805
2796
773
804
2799
774
803
2802
775
802
2805
776
801
2808
777
800
2811
778
799
2814
779
798
2817
780
797
2820
781
796
2823
782
795
2826
783
794
2829
784
793
3844
785
792
3843
786
791
3848
787
790
3851
788
789
3854
3857
790
852
3874
791
851
3873
792
850
3868
793
849
3867
794
848
3866
795
847
2830
796
846
2933
797
845
2932
798
844
2927
799
843
2926
800
842
2921
801
841
2920
802
840
2915
803
839
2914
804
838
2909
805
837
2908
806
836
2903
807
835
2902
808
834
2897
809
833
2896
810
832
2891
811
831
2890
812
830
2885
813
829
2884
814
828
2879
815
827
2878
816
826
2873
817
825
2872
818
824
2867
819
823
2866
820
822
2861
821
2860
822
883
2859
823
882
2862
824
881
2865
825
880
2868
826
879
2871
827
878
2874
828
877
2877
829
876
2880
830
875
2883
831
874
2886
832
873
2889
833
872
2892
834
871
2895
835
870
2898
836
869
2901
837
868
2904
838
867
2907
839
866
2910
840
865
2913
841
864
2916
842
863
2919
843
862
2922
844
861
2925
845
860
2928
846
859
2931
847
858
2934
848
857
2937
849
856
3865
850
855
3864
851
854
3869
852
853
3872
3875
854
914
3890
855
913
3885
856
912
3884
857
911
3883
858
910
2938
859
909
3041
860
908
3040
861
907
3035
862
906
3034
863
905
3029
864
904
3028
865
903
3023
866
902
3022
867
901
3017
868
900
3016
869
899
3011
870
898
3010
871
897
3005
872
896
3004
873
895
2999
874
894
2998
875
893
2993
876
892
2992
877
891
2987
878
890
2986
879
889
2981
880
888
2980
881
887
2975
882
886
2974
883
885
2969
884
2968
885
944
2967
886
943
2970
887
942
2973
888
941
2976
889
940
2979
890
939
2982
891
938
2985
892
937
2988
893
936
2991
894
935
2994
895
934
2997
896
933
3000
897
932
3003
898
931
3006
899
930
3009
900
929
3012
901
928
3015
902
927
3018
903
926
3021
904
925
3024
905
924
3027
906
923
3030
907
922
3033
908
921
3036
909
920
3039
910
919
3042
911
918
3045
912
917
3882
913
916
3881
914
915
3886
3889
916
974
3898
917
973
3897
918
972
3896
919
971
3046
920
970
3149
921
969
3148
922
968
3143
923
967
3142
924
966
3137
925
965
3136
926
964
3131
927
963
3130
928
962
3125
929
961
3124
930
960
3119
931
959
3118
932
958
3113
933
957
3112
934
956
3107
935
955
3106
936
954
3101
937
953
3100
938
952
3095
939
951
3094
940
950
3089
941
949
3088
942
948
3083
943
947
3082
944
946
3077
945
3076
946
3075
947
1002
3078
948
1001
3081
949
1000
3084
950
999
3087
951
998
3090
952
997
3093
953
996
3096
954
995
3099
955
994
3102
956
993
3105
957
992
3108
958
991
3111
959
990
3114
960
989
3117
961
988
3120
962
987
3123
963
986
3126
964
985
3129
965
984
3132
966
983
3135
967
982
3138
968
981
3141
969
980
3144
970
979
3147
971
978
3150
972
977
3153
973
976
3895
974
975
3894
3899
976
3904
977
1029
3903
978
1028
3154
979
1027
3253
980
1026
3252
981
1025
3247
982
1024
3246
983
1023
3241
984
1022
3240
985
1021
3235
986
1020
3234
987
1019
3229
988
1018
3228
989
1017
3223
990
1016
3222
991
1015
3217
992
1014
3216
993
1013
3211
994
1012
3210
995
1011
3205
996
1010
3204
997
1009
3199
998
1008
3198
999
1007
3193
1000
1006
3192
1001
1005
3187
1002
1004
3186
1003
3181
1004
1056
3182
1005
1055
3185
1006
1054
3188
1007
1053
3191
1008
1052
3194
1009
1051
3197
1010
1050
3200
1011
1049
3203
1012
1048
3206
1013
1047
3209
1014
1046
3212
1015
1045
3215
1016
1044
3218
1017
1043
3221
1018
1042
3224
1019
1041
3227
1020
1040
3230
1021
1039
3233
1022
1038
3236
1023
1037
3239
1024
1036
3242
1025
1035
3245
1026
1034
3248
1027
1033
3251
1028
1032
3254
1029
1031
3257
1030
3902
1031
3905
1032
1082
3258
1033
1081
3357
1034
1080
3356
1035
1079
3351
1036
1078
3350
1037
1077
3345
1038
1076
3344
1039
1075
3339
1040
1074
3338
1041
1073
3333
1042
1072
3332
1043
1071
3327
1044
1070
3326
1045
1069
3321
1046
1068
3320
1047
1067
3315
1048
1066
3314
1049
1065
3309
1050
1064
3308
1051
1063
3303
1052
1062
3302
1053
1061
3297
1054
1060
3296
1055
1059
3291
1056
1058
3290
1057
3285
1058
3286
1059
1106
3289
1060
1105
3292
1061
1104
3295
1062
1103
3298
1063
1102
3301
1064
1101
3304
1065
1100
3307
1066
1099
3310
1067
1098
3313
1068
1097
3316
1069
1096
3319
1070
1095
3322
1071
1094
3325
1072
1093
3328
1073
1092
3331
1074
1091
3334
1075
1090
3337
1076
1089
3340
1077
1088
3343
1078
1087
3346
1079
1086
3349
1080
1085
3352
1081
1084
3355
1082
1083
3358
3361
1084
3455
1085
1129
3454
1086
1128
3449
1087
1127
3448
1088
1126
3443
1089
1125
3442
1090
1124
3437
1091
1123
3436
1092
1122
3431
1093
1121
3430
1094
1120
3425
1095
1119
3424
1096
1118
3419
1097
1117
3418
1098
1116
3413
1099
1115
3412
1100
1114
3407
1101
1113
3406
1102
1112
3401
1103
1111
3400
1104
1110
3395
1105
1109
3394
1106
1108
3389
1107
3388
1108
1151
3387
1109
1150
3390
1110
1149
3393
1111
1148
3396
1112
1147
3399
1113
1146
3402
1114
1145
3405
1115
1144
3408
1116
1143
3411
1117
1142
3414
1118
1141
3417
1119
1140
3420
1120
1139
3423
1121
1138
3426
1122
1137
3429
1123
1136
3432
1124
1135
3435
1125
1134
3438
1126
1133
3441
1127
1132
3444
1128
1131
3447
1129
1130
3450
3453
1131
3541
1132
1172
3540
1133
1171
3535
1134
1170
3534
1135
1169
3529
1136
1168
3528
1137
1167
3523
1138
1166
3522
1139
1165
3517
1140
1164
3516
1141
1163
3511
1142
1162
3510
1143
1161
3505
1144
1160
3504
1145
1159
3499
1146
1158
3498
1147
1157
3493
1148
1156
3492
1149
1155
3487
1150
1154
3486
1151
1153
3481
1152
3480
1153
1192
3479
1154
1191
3482
1155
1190
3485
1156
1189
3488
1157
1188
3491
1158
1187
3494
1159
1186
3497
1160
1185
3500
1161
1184
3503
1162
1183
3506
1163
1182
3509
1164
1181
3512
1165
1180
3515
1166
1179
3518
1167
1178
3521
1168
1177
3524
1169
1176
3527
1170
1175
3530
1171
1174
3533
1172
1173
3536
3539
1174
3619
1175
1211
3618
1176
1210
3613
1177
1209
3612
1178
1208
3607
1179
1207
3606
1180
1206
3601
1181
1205
3600
1182
1204
3595
1183
1203
3594
1184
1202
3589
1185
1201
3588
1186
1200
3583
1187
1199
3582
1188
1198
3577
1189
1197
3576
1190
1196
3571
1191
1195
3570
1192
1194
3565
1193
3564
1194
1229
3563
1195
1228
3566
1196
1227
3569
1197
1226
3572
1198
1225
3575
1199
1224
3578
1200
1223
3581
1201
1222
3584
1202
1221
3587
1203
1220
3590
1204
1219
3593
1205
1218
3596
1206
1217
3599
1207
1216
3602
1208
1215
3605
1209
1214
3608
1210
1213
3611
1211
1212
3614
3617
1213
3687
1214
3686
1215
1245
3683
1216
1244
3682
1217
1243
3677
1218
1242
3676
1219
1241
3671
1220
1240
3670
1221
1239
3665
1222
1238
3664
1223
1237
3659
1224
1236
3658
1225
1235
3653
1226
1234
3652
1227
1233
3647
1228
1232
3646
1229
1231
3641
1230
3640
1231
1260
3639
1232
1259
3642
1233
1258
3645
1234
1257
3648
1235
1256
3651
1236
1255
3654
1237
1254
3657
1238
1253
3660
1239
1252
3663
1240
1251
3666
1241
1250
3669
1242
1249
3672
1243
1248
3675
1244
1247
3678
1245
1246
3681
3684
1247
3743
1248
3742
1249
1273
3741
1250
1272
3736
1251
1271
3735
1252
1270
3730
1253
1269
3729
1254
1268
3724
1255
1267
3723
1256
1266
3718
1257
1265
3717
1258
1264
3712
1259
1263
3711
1260
1262
3706
1261
3705
1262
1284
3704
1263
1283
3707
1264
1282
3710
1265
1281
3713
1266
1280
3716
1267
1279
3719
1268
1278
3722
1269
1277
3725
1270
1276
3728
1271
1275
3731
1272
1274
3734
1273
3737
3740
1275
3783
1276
3782
1277
1293
3781
1278
1292
3776
1279
1291
3775
1280
1290
3770
1281
1289
3769
1282
1288
3764
1283
1287
3763
1284
1286
3758
1285
3757
1286
1299
3756
1287
1298
3759
1288
1297
3762
1289
1296
3765
1290
1295
3768
1291
1294
3771
1292
3774
1293
3777
3780
1295
3799
1296
3798
1297
3797
1298
3796
1299
1301
3793
1300
3792
1301
3791
3794
1303
1305
1339
1304
1366
2604
1305
1307
1367
2607
1306
1338
1307
1309
1337
1308
1372
2608
1309
1311
1373
2611
1310
1336
1311
1335
1378
2612
1313
1445
1314
1442
1444
1315
1439
1441
1316
1436
1438
1317
1433
1435
1318
1430
1432
1319
1427
1429
1320
1424
1426
1321
1421
1423
1322
1418
1420
1323
1415
1417
1324
1412
1414
1325
1409
1411
1326
1406
1408
1327
1403
1405
1328
1400
1402
1329
1397
1399
1330
1394
1396
1331
1391
1393
1332
1388
1390
1333
1385
1387
1334
1382
1384
1335
1379
1381
1336
1376
1378
1337
1373
1375
1338
1370
1372
1339
1367
1369
1340
1364
1366
1341
1361
1363
1342
1358
1360
1343
1355
1357
1344
1352
1354
1345
1349
1351
1346
1348
1347
1351
1478
1348
1350
1481
2642
1349
2641
1350
1354
2640
1351
1353
1482
2647
1352
1477
1353
1357
1476
1354
1356
1487
2648
1355
2639
1356
1360
2638
1357
1359
1488
2653
1358
1475
1359
1363
1474
1360
1362
1493
2654
1361
2637
1362
1366
2636
1363
1365
1494
2659
1364
1473
1365
1369
1472
1366
1368
1499
2660
1367
2635
1368
1372
2634
1369
1371
1500
2665
1370
1471
1371
1375
1470
1372
1374
1505
2666
1373
2633
1374
1378
2632
1375
1377
1506
2671
1376
1469
1377
1381
1468
1378
1380
1511
2672
1379
2631
1380
1384
2630
1381
1383
1512
2677
1382
1467
1383
1387
1466
1384
1386
1517
2678
1385
2629
1386
1390
2628
1387
1389
1518
2683
1388
1465
1389
1393
1464
1390
1392
1523
2684
1391
2627
1392
1396
2626
1393
1395
1524
2689
1394
1463
1395
1399
1462
1396
1398
1529
2690
1397
2625
1398
1402
2624
1399
1401
1530
2695
1400
1461
1401
1405
1460
1402
1404
1535
2696
1403
2623
1404
1408
2622
1405
1407
1536
2701
1406
1459
1407
1411
1458
1408
1410
1541
2702
1409
2621
1410
1414
2620
1411
1413
1542
2707
1412
1457
1413
1417
1456
1414
1416
1547
2708
1415
2619
1416
1420
2618
1417
1419
1548
2713
1418
1455
1419
1423
1454
1420
1422
1553
2714
1421
2617
1422
1426
2616
1423
1425
1554
2719
1424
1453
1425
1429
1452
1426
1428
1559
2720
1427
2615
1428
1432
3812
1429
1431
1560
3811
1430
1451
1431
1435
1450
1432
1434
1565
3819
1433
3818
1434
1438
3817
1435
1437
1566
3826
1436
1449
1437
1441
1448
1438
1440
1571
3827
1439
3816
1440
1444
3815
1441
1443
1572
3832
1442
1447
1443
1446
1444
1577
3833
1445
3814
3813
1447
1575
1577
1448
1572
1574
1449
1569
1571
1450
1566
1568
1451
1563
1565
1452
1560
1562
1453
1557
1559
1454
1554
1556
1455
1551
1553
1456
1548
1550
1457
1545
1547
1458
1542
1544
1459
1539
1541
1460
1536
1538
1461
1533
1535
1462
1530
1532
1463
1527
1529
1464
1524
1526
1465
1521
1523
1466
1518
1520
1467
1515
1517
1468
1512
1514
1469
1509
1511
1470
1506
1508
1471
1503
1505
1472
1500
1502
1473
1497
1499
1474
1494
1496
1475
1491
1493
1476
1488
1490
1477
1485
1487
1478
1482
1484
1479
1481
1480
1484
1609
1481
1483
1612
2750
1482
2749
1483
1487
2748
1484
1486
1613
2755
1485
1608
1486
1490
1607
1487
1489
1618
2756
1488
2747
1489
1493
2746
1490
1492
1619
2761
1491
1606
1492
1496
1605
1493
1495
1624
2762
1494
2745
1495
1499
2744
1496
1498
1625
2767
1497
1604
1498
1502
1603
1499
1501
1630
2768
1500
2743
1501
1505
2742
1502
1504
1631
2773
1503
1602
1504
1508
1601
1505
1507
1636
2774
1506
2741
1507
1511
2740
1508
1510
1637
2779
1509
1600
1510
1514
1599
1511
1513
1642
2780
1512
2739
1513
1517
2738
1514
1516
1643
2785
1515
1598
1516
1520
1597
1517
1519
1648
2786
1518
2737
1519
1523
2736
1520
1522
1649
2791
1521
1596
1522
1526
1595
1523
1525
1654
2792
1524
2735
1525
1529
2734
1526
1528
1655
2797
1527
1594
1528
1532
1593
1529
1531
1660
2798
1530
2733
1531
1535
2732
1532
1534
1661
2803
1533
1592
1534
1538
1591
1535
1537
1666
2804
1536
2731
1537
1541
2730
1538
1540
1667
2809
1539
1590
1540
1544
1589
1541
1543
1672
2810
1542
2729
1543
1547
2728
1544
1546
1673
2815
1545
1588
1546
1550
1587
1547
1549
1678
2816
1548
2727
1549
1553
2726
1550
1552
1679
2821
1551
1586
1552
1556
1585
1553
1555
1684
2822
1554
2725
1555
1559
2724
1556
1558
1685
2827
1557
1584
1558
1562
1583
1559
1561
1690
2828
1560
2723
1561
1565
3810
1562
1564
1691
3809
1563
1582
1564
1568
1581
1565
1567
1696
3842
1566
3841
1567
1571
3840
1568
1570
1697
3849
1569
1580
1570
1574
1579
1571
1573
1702
3850
1572
3839
1573
1577
3838
1574
1576
1703
3855
1575
1578
1576
1577
3856
3837
1579
1703
1705
1580
1700
1702
1581
1697
1699
1582
1694
1696
1583
1691
1693
1584
1688
1690
1585
1685
1687
1586
1682
1684
1587
1679
1681
1588
1676
1678
1589
1673
1675
1590
1670
1672
1591
1667
1669
1592
1664
1666
1593
1661
1663
1594
1658
1660
1595
1655
1657
1596
1652
1654
1597
1649
1651
1598
1646
1648
1599
1643
1645
1600
1640
1642
1601
1637
1639
1602
1634
1636
1603
1631
1633
1604
1628
1630
1605
1625
1627
1606
1622
1624
1607
1619
1621
1608
1616
1618
1609
1613
1615
1610
1612
1611
1615
1736
1612
1614
1739
2858
1613
2857
1614
1618
2856
1615
1617
1740
2863
1616
1735
1617
1621
1734
1618
1620
1745
2864
1619
2855
1620
1624
2854
1621
1623
1746
2869
1622
1733
1623
1627
1732
1624
1626
1751
2870
1625
2853
1626
1630
2852
1627
1629
1752
2875
1628
1731
1629
1633
1730
1630
1632
1757
2876
1631
2851
1632
1636
2850
1633
1635
1758
2881
1634
1729
1635
1639
1728
1636
1638
1763
2882
1637
2849
1638
1642
2848
1639
1641
1764
2887
1640
1727
1641
1645
1726
1642
1644
1769
2888
1643
2847
1644
1648
2846
1645
1647
1770
2893
1646
1725
1647
1651
1724
1648
1650
1775
2894
1649
2845
1650
1654
2844
1651
1653
1776
2899
1652
1723
1653
1657
1722
1654
1656
1781
2900
1655
2843
1656
1660
2842
1657
1659
1782
2905
1658
1721
1659
1663
1720
1660
1662
1787
2906
1661
2841
1662
1666
2840
1663
1665
1788
2911
1664
1719
1665
1669
1718
1666
1668
1793
2912
1667
2839
1668
1672
2838
1669
1671
1794
2917
1670
1717
1671
1675
1716
1672
1674
1799
2918
1673
2837
1674
1678
2836
1675
1677
1800
2923
1676
1715
1677
1681
1714
1678
1680
1805
2924
1679
2835
1680
1684
2834
1681
1683
1806
2929
1682
1713
1683
1687
1712
1684
1686
1811
2930
1685
2833
1686
1690
2832
1687
1689
1812
2935
1688
1711
1689
1693
1710
1690
1692
1817
2936
1691
2831
1692
1696
3808
1693
1695
1818
3807
1694
1709
1695
1699
1708
1696
1698
1823
3863
1697
3862
1698
1702
3861
1699
1701
1824
3870
1700
1707
1701
1705
1706
1702
1704
1829
3871
1703
3860
1704
3859
1705
3876
1707
1827
1829
1708
1824
1826
1709
1821
1823
1710
1818
1820
1711
1815
1817
1712
1812
1814
1713
1809
1811
1714
1806
1808
1715
1803
1805
1716
1800
1802
1717
1797
1799
1718
1794
1796
1719
1791
1793
1720
1788
1790
1721
1785
1787
1722
1782
1784
1723
1779
1781
1724
1776
1778
1725
1773
1775
1726
1770
1772
1727
1767
1769
1728
1764
1766
1729
1761
1763
1730
1758
1760
1731
1755
1757
1732
1752
1754
1733
1749
1751
1734
1746
1748
1735
1743
1745
1736
1740
1742
1737
1739
1738
1742
1859
1739
1741
1862
2966
1740
2965
1741
1745
2964
1742
1744
1863
2971
1743
1858
1744
1748
1857
1745
1747
1868
2972
1746
2963
1747
1751
2962
1748
1750
1869
2977
1749
1856
1750
1754
1855
1751
1753
1874
2978
1752
2961
1753
1757
2960
1754
1756
1875
2983
1755
1854
1756
1760
1853
1757
1759
1880
2984
1758
2959
1759
1763
2958
1760
1762
1881
2989
1761
1852
1762
1766
1851
1763
1765
1886
2990
1764
2957
1765
1769
2956
1766
1768
1887
2995
1767
1850
1768
1772
1849
1769
1771
1892
2996
1770
2955
1771
1775
2954
1772
1774
1893
3001
1773
1848
1774
1778
1847
1775
1777
1898
3002
1776
2953
1777
1781
2952
1778
1780
1899
3007
1779
1846
1780
1784
1845
1781
1783
1904
3008
1782
2951
1783
1787
2950
1784
1786
1905
3013
1785
1844
1786
1790
1843
1787
1789
1910
3014
1788
2949
1789
1793
2948
1790
1792
1911
3019
1791
1842
1792
1796
1841
1793
1795
1916
3020
1794
2947
1795
1799
2946
1796
1798
1917
3025
1797
1840
1798
1802
1839
1799
1801
1922
3026
1800
2945
1801
1805
2944
1802
1804
1923
3031
1803
1838
1804
1808
1837
1805
1807
1928
3032
1806
2943
1807
1811
2942
1808
1810
1929
3037
1809
1836
1810
1814
1835
1811
1813
1934
3038
1812
2941
1813
1817
2940
1814
1816
1935
3043
1815
1834
1816
1820
1833
1817
1819
1940
3044
1818
2939
1819
1823
3806
1820
1822
1941
3805
1821
1832
1822
1826
1831
1823
1825
1946
3880
1824
3879
1825
1829
3878
1826
1828
1947
3887
1827
1830
1828
1829
3888
3877
1831
1947
1949
1832
1944
1946
1833
1941
1943
1834
1938
1940
1835
1935
1937
1836
1932
1934
1837
1929
1931
1838
1926
1928
1839
1923
1925
1840
1920
1922
1841
1917
1919
1842
1914
1916
1843
1911
1913
1844
1908
1910
1845
1905
1907
1846
1902
1904
1847
1899
1901
1848
1896
1898
1849
1893
1895
1850
1890
1892
1851
1887
1889
1852
1884
1886
1853
1881
1883
1854
1878
1880
1855
1875
1877
1856
1872
1874
1857
1869
1871
1858
1866
1868
1859
1863
1865
1860
1862
1861
1865
1862
1864
3074
1863
3073
1864
1868
3072
1865
1867
1978
3079
1866
1977
1867
1871
1976
1868
1870
1983
3080
1869
3071
1870
1874
3070
1871
1873
1984
3085
1872
1975
1873
1877
1974
1874
1876
1989
3086
1875
3069
1876
1880
3068
1877
1879
1990
3091
1878
1973
1879
1883
1972
1880
1882
1995
3092
1881
3067
1882
1886
3066
1883
1885
1996
3097
1884
1971
1885
1889
1970
1886
1888
2001
3098
1887
3065
1888
1892
3064
1889
1891
2002
3103
1890
1969
1891
1895
1968
1892
1894
2007
3104
1893
3063
1894
1898
3062
1895
1897
2008
3109
1896
1967
1897
1901
1966
1898
1900
2013
3110
1899
3061
1900
1904
3060
1901
1903
2014
3115
1902
1965
1903
1907
1964
1904
1906
2019
3116
1905
3059
1906
1910
3058
1907
1909
2020
3121
1908
1963
1909
1913
1962
1910
1912
2025
3122
1911
3057
1912
1916
3056
1913
1915
2026
3127
1914
1961
1915
1919
1960
1916
1918
2031
3128
1917
3055
1918
1922
3054
1919
1921
2032
3133
1920
1959
1921
1925
1958
1922
1924
2037
3134
1923
3053
1924
1928
3052
1925
1927
2038
3139
1926
1957
1927
1931
1956
1928
1930
2043
3140
1929
3051
1930
1934
3050
1931
1933
2044
3145
1932
1955
1933
1937
1954
1934
1936
2049
3146
1935
3049
1936
1940
3048
1937
1939
2050
3151
1938
1953
1939
1943
1952
1940
1942
2055
3152
1941
3047
1942
1946
3804
1943
1945
2056
3803
1944
1951
1945
1949
1950
1946
1948
2059
3893
1947
3892
1948
3891
1949
3900
1951
2059
1952
2056
2058
1953
2053
2055
1954
2050
2052
1955
2047
2049
1956
2044
2046
1957
2041
2043
1958
2038
2040
1959
2035
2037
1960
2032
2034
1961
2029
2031
1962
2026
2028
1963
2023
2025
1964
2020
2022
1965
2017
2019
1966
2014
2016
1967
2011
2013
1968
2008
2010
1969
2005
2007
1970
2002
2004
1971
1999
2001
1972
1996
1998
1973
1993
1995
1974
1990
1992
1975
1987
1989
1976
1984
1986
1977
1981
1983
1978
1980
1979
1983
3180
1980
1982
2087
3183
1981
2086
1982
1986
2085
1983
1985
2092
3184
1984
3179
1985
1989
3178
1986
1988
2093
3189
1987
2084
1988
1992
2083
1989
1991
2098
3190
1990
3177
1991
1995
3176
1992
1994
2099
3195
1993
2082
1994
1998
2081
1995
1997
2104
3196
1996
3175
1997
2001
3174
1998
2000
2105
3201
1999
2080
2000
2004
2079
2001
2003
2110
3202
2002
3173
2003
2007
3172
2004
2006
2111
3207
2005
2078
2006
2010
2077
2007
2009
2116
3208
2008
3171
2009
2013
3170
2010
2012
2117
3213
2011
2076
2012
2016
2075
2013
2015
2122
3214
2014
3169
2015
2019
3168
2016
2018
2123
3219
2017
2074
2018
2022
2073
2019
2021
2128
3220
2020
3167
2021
2025
3166
2022
2024
2129
3225
2023
2072
2024
2028
2071
2025
2027
2134
3226
2026
3165
2027
2031
3164
2028
2030
2135
3231
2029
2070
2030
2034
2069
2031
2033
2140
3232
2032
3163
2033
2037
3162
2034
2036
2141
3237
2035
2068
2036
2040
2067
2037
2039
2146
3238
2038
3161
2039
2043
3160
2040
2042
2147
3243
2041
2066
2042
2046
2065
2043
2045
2152
3244
2044
3159
2045
2049
3158
2046
2048
2153
3249
2047
2064
2048
2052
2063
2049
2051
2158
3250
2050
3157
2051
2055
3156
2052
2054
2159
3255
2053
2062
2054
2058
2061
2055
2057
2164
3256
2056
3155
2057
2059
3802
2058
2165
3801
2060
3901
2061
2165
2062
2162
2164
2063
2159
2161
2064
2156
2158
2065
2153
2155
2066
2150
2152
2067
2147
2149
2068
2144
2146
2069
2141
2143
2070
2138
2140
2071
2135
2137
2072
2132
2134
2073
2129
2131
2074
2126
2128
2075
2123
2125
2076
2120
2122
2077
2117
2119
2078
2114
2116
2079
2111
2113
2080
2108
2110
2081
2105
2107
2082
2102
2104
2083
2099
2101
2084
2096
2098
2085
2093
2095
2086
2090
2092
2087
2089
2088
2092
3284
2089
2091
3287
2090
2091
2095
2189
2092
2094
2192
3288
2093
3283
2094
2098
3282
2095
2097
2193
3293
2096
2188
2097
2101
2187
2098
2100
2198
3294
2099
3281
2100
2104
3280
2101
2103
2199
3299
2102
2186
2103
2107
2185
2104
2106
2204
3300
2105
3279
2106
2110
3278
2107
2109
2205
3305
2108
2184
2109
2113
2183
2110
2112
2210
3306
2111
3277
2112
2116
3276
2113
2115
2211
3311
2114
2182
2115
2119
2181
2116
2118
2216
3312
2117
3275
2118
2122
3274
2119
2121
2217
3317
2120
2180
2121
2125
2179
2122
2124
2222
3318
2123
3273
2124
2128
3272
2125
2127
2223
3323
2126
2178
2127
2131
2177
2128
2130
2228
3324
2129
3271
2130
2134
3270
2131
2133
2229
3329
2132
2176
2133
2137
2175
2134
2136
2234
3330
2135
3269
2136
2140
3268
2137
2139
2235
3335
2138
2174
2139
2143
2173
2140
2142
2240
3336
2141
3267
2142
2146
3266
2143
2145
2241
3341
2144
2172
2145
2149
2171
2146
2148
2246
3342
2147
3265
2148
2152
3264
2149
2151
2247
3347
2150
2170
2151
2155
2169
2152
2154
2252
3348
2153
3263
2154
2158
3262
2155
2157
2253
3353
2156
2168
2157
2161
2167
2158
2160
2258
3354
2159
3261
2160
2164
3260
2161
2163
2259
3359
2162
2166
2163
2164
3360
2165
3259
3800
2167
2259
2168
2256
2258
2169
2253
2255
2170
2250
2252
2171
2247
2249
2172
2244
2246
2173
2241
2243
2174
2238
2240
2175
2235
2237
2176
2232
2234
2177
2229
2231
2178
2226
2228
2179
2223
2225
2180
2220
2222
2181
2217
2219
2182
2214
2216
2183
2211
2213
2184
2208
2210
2185
2205
2207
2186
2202
2204
2187
2199
2201
2188
2196
2198
2189
2193
2195
2190
2192
2191
2195
2281
2192
2194
2284
3386
2193
3385
2194
2198
3384
2195
2197
2285
3391
2196
2280
2197
2201
2279
2198
2200
2290
3392
2199
3383
2200
2204
3382
2201
2203
2291
3397
2202
2278
2203
2207
2277
2204
2206
2296
3398
2205
3381
2206
2210
3380
2207
2209
2297
3403
2208
2276
2209
2213
2275
2210
2212
2302
3404
2211
3379
2212
2216
3378
2213
2215
2303
3409
2214
2274
2215
2219
2273
2216
2218
2308
3410
2217
3377
2218
2222
3376
2219
2221
2309
3415
2220
2272
2221
2225
2271
2222
2224
2314
3416
2223
3375
2224
2228
3374
2225
2227
2315
3421
2226
2270
2227
2231
2269
2228
2230
2320
3422
2229
3373
2230
2234
3372
2231
2233
2321
3427
2232
2268
2233
2237
2267
2234
2236
2326
3428
2235
3371
2236
2240
3370
2237
2239
2327
3433
2238
2266
2239
2243
2265
2240
2242
2332
3434
2241
3369
2242
2246
3368
2243
2245
2333
3439
2244
2264
2245
2249
2263
2246
2248
2338
3440
2247
3367
2248
2252
3366
2249
2251
2339
3445
2250
2262
2251
2255
2261
2252
2254
2344
3446
2253
3365
2254
2258
3364
2255
2257
2345
3451
2256
2260
2257
2258
3452
2259
3363
3362
2261
2345
2262
2342
2344
2263
2339
2341
2264
2336
2338
2265
2333
2335
2266
2330
2332
2267
2327
2329
2268
2324
2326
2269
2321
2323
2270
2318
2320
2271
2315
2317
2272
2312
2314
2273
2309
2311
2274
2306
2308
2275
2303
2305
2276
2300
2302
2277
2297
2299
2278
2294
2296
2279
2291
2293
2280
2288
2290
2281
2285
2287
2282
2284
2283
2287
2365
2284
2286
2368
3478
2285
3477
2286
2290
3476
2287
2289
2369
3483
2288
2364
2289
2293
2363
2290
2292
2374
3484
2291
3475
2292
2296
3474
2293
2295
2375
3489
2294
2362
2295
2299
2361
2296
2298
2380
3490
2297
3473
2298
2302
3472
2299
2301
2381
3495
2300
2360
2301
2305
2359
2302
2304
2386
3496
2303
3471
2304
2308
3470
2305
2307
2387
3501
2306
2358
2307
2311
2357
2308
2310
2392
3502
2309
3469
2310
2314
3468
2311
2313
2393
3507
2312
2356
2313
2317
2355
2314
2316
2398
3508
2315
3467
2316
2320
3466
2317
2319
2399
3513
2318
2354
2319
2323
2353
2320
2322
2404
3514
2321
3465
2322
2326
3464
2323
2325
2405
3519
2324
2352
2325
2329
2351
2326
2328
2410
3520
2327
3463
2328
2332
3462
2329
2331
2411
3525
2330
2350
2331
2335
2349
2332
2334
2416
3526
2333
3461
2334
2338
3460
2335
2337
2417
3531
2336
2348
2337
2341
2347
2338
2340
2422
3532
2339
3459
2340
2344
3458
2341
2343
2423
3537
2342
2346
2343
2344
3538
2345
3457
3456
2347
2423
2348
2420
2422
2349
2417
2419
2350
2414
2416
2351
2411
2413
2352
2408
2410
2353
2405
2407
2354
2402
2404
2355
2399
2401
2356
2396
2398
2357
2393
2395
2358
2390
2392
2359
2387
2389
2360
2384
2386
2361
2381
2383
2362
2378
2380
2363
2375
2377
2364
2372
2374
2365
2369
2371
2366
2368
2367
2371
2441
2368
2370
2444
3562
2369
3561
2370
2374
3560
2371
2373
2445
3567
2372
2440
2373
2377
2439
2374
2376
2450
3568
2375
3559
2376
2380
3558
2377
2379
2451
3573
2378
2438
2379
2383
2437
2380
2382
2456
3574
2381
3557
2382
2386
3556
2383
2385
2457
3579
2384
2436
2385
2389
2435
2386
2388
2462
3580
2387
3555
2388
2392
3554
2389
2391
2463
3585
2390
2434
2391
2395
2433
2392
2394
2468
3586
2393
3553
2394
2398
3552
2395
2397
2469
3591
2396
2432
2397
2401
2431
2398
2400
2474
3592
2399
3551
2400
2404
3550
2401
2403
2475
3597
2402
2430
2403
2407
2429
2404
2406
2480
3598
2405
3549
2406
2410
3548
2407
2409
2481
3603
2408
2428
2409
2413
2427
2410
2412
2486
3604
2411
3547
2412
2416
3546
2413
2415
2487
3609
2414
2426
2415
2419
2425
2416
2418
2490
3610
2417
3545
2418
2422
3544
2419
2421
2491
3615
2420
2424
2421
2422
3616
2423
3543
3542
2425
2491
2426
2490
2427
2487
2489
2428
2484
2486
2429
2481
2483
2430
2478
2480
2431
2475
2477
2432
2472
2474
2433
2469
2471
2434
2466
2468
2435
2463
2465
2436
2460
2462
2437
2457
2459
2438
2454
2456
2439
2451
2453
2440
2448
2450
2441
2445
2447
2442
2444
2443
2447
2506
2444
2446
2509
3638
2445
3637
2446
2450
3636
2447
2449
2510
3643
2448
2505
2449
2453
2504
2450
2452
2515
3644
2451
3635
2452
2456
3634
2453
2455
2516
3649
2454
2503
2455
2459
2502
2456
2458
2521
3650
2457
3633
2458
2462
3632
2459
2461
2522
3655
2460
2501
2461
2465
2500
2462
2464
2527
3656
2463
3631
2464
2468
3630
2465
2467
2528
3661
2466
2499
2467
2471
2498
2468
2470
2533
3662
2469
3629
2470
2474
3628
2471
2473
2534
3667
2472
2497
2473
2477
2496
2474
2476
2539
3668
2475
3627
2476
2480
3626
2477
2479
2540
3673
2478
2495
2479
2483
2494
2480
2482
2545
3674
2481
3625
2482
2486
3624
2483
2485
2546
3679
2484
2493
2485
2489
2492
2486
2488
2547
3680
2487
3623
2488
2490
3622
2489
3685
2491
3621
3620
2493
2547
2494
2546
2495
2543
2545
2496
2540
2542
2497
2537
2539
2498
2534
2536
2499
2531
2533
2500
2528
2530
2501
2525
2527
2502
2522
2524
2503
2519
2521
2504
2516
2518
2505
2513
2515
2506
2510
2512
2507
2509
2508
2512
2558
2509
2511
2561
3703
2510
3702
2511
2515
3701
2512
2514
2562
3708
2513
2557
2514
2518
2556
2515
2517
2567
3709
2516
3700
2517
2521
3699
2518
2520
2568
3714
2519
2555
2520
2524
2554
2521
2523
2573
3715
2522
3698
2523
2527
3697
2524
2526
2574
3720
2525
2553
2526
2530
2552
2527
2529
2579
3721
2528
3696
2529
2533
3695
2530
2532
2580
3726
2531
2551
2532
2536
2550
2533
2535
2585
3727
2534
3694
2535
2539
3693
2536
2538
2586
3732
2537
2549
2538
2542
2548
2539
2541
2587
3733
2540
3692
2541
2545
3691
2542
2544
3738
2543
2544
2545
3739
2546
3690
2547
3689
3688
2549
2587
2550
2586
2551
2583
2585
2552
2580
2582
2553
2577
2579
2554
2574
2576
2555
2571
2573
2556
2568
2570
2557
2565
2567
2558
2562
2564
2559
2561
2560
2564
2593
2561
2563
2596
3755
2562
3754
2563
2567
3753
2564
2566
2597
3760
2565
2592
2566
2570
2591
2567
2569
2600
3761
2568
3752
2569
2573
3751
2570
2572
2601
3766
2571
2590
2572
2576
2589
2573
2575
2602
3767
2574
3750
2575
2579
3749
2576
2578
2603
3772
2577
2588
2578
2582
2579
2581
3773
2580
3748
2581
2585
3747
2582
2584
3778
2583
2584
2585
3779
2586
3746
2587
3745
3744
2589
2603
2590
2602
2591
2601
2592
2600
2593
2597
2599
2594
2596
2595
2599
2596
2598
3790
2597
3789
2598
2600
3788
2599
3795
2601
3787
2602
3786
2603
3785
3784
2605
2607
2635
2606
2662
2607
2609
2663
2608
2634
2609
2611
2633
2610
2668
2611
2613
2669
2612
2632
2613
2631
2674
2615
2717
2721
3822
2616
2720
3812
2617
2717
2719
2618
2714
2716
2619
2711
2713
2620
2708
2710
2621
2705
2707
2622
2702
2704
2623
2699
2701
2624
2696
2698
2625
2693
2695
2626
2690
2692
2627
2687
2689
2628
2684
2686
2629
2681
2683
2630
2678
2680
2631
2675
2677
2632
2672
2674
2633
2669
2671
2634
2666
2668
2635
2663
2665
2636
2660
2662
2637
2657
2659
2638
2654
2656
2639
2651
2653
2640
2648
2650
2641
2645
2647
2642
2644
2643
2647
2749
2644
2646
2752
2645
2646
2650
2647
2649
2753
2648
2748
2649
2653
2747
2650
2652
2758
2651
2652
2656
2653
2655
2759
2654
2746
2655
2659
2745
2656
2658
2764
2657
2658
2662
2659
2661
2765
2660
2744
2661
2665
2743
2662
2664
2770
2663
2664
2668
2665
2667
2771
2666
2742
2667
2671
2741
2668
2670
2776
2669
2670
2674
2671
2673
2777
2672
2740
2673
2677
2739
2674
2676
2782
2675
2676
2680
2677
2679
2783
2678
2738
2679
2683
2737
2680
2682
2788
2681
2682
2686
2683
2685
2789
2684
2736
2685
2689
2735
2686
2688
2794
2687
2688
2692
2689
2691
2795
2690
2734
2691
2695
2733
2692
2694
2800
2693
2694
2698
2695
2697
2801
2696
2732
2697
2701
2731
2698
2700
2806
2699
2700
2704
2701
2703
2807
2702
2730
2703
2707
2729
2704
2706
2812
2705
2706
2710
2707
2709
2813
2708
2728
2709
2713
2727
2710
2712
2818
2711
2712
2716
2713
2715
2819
2714
2726
2715
2719
2725
2716
2718
2824
2717
2718
2719
2721
2825
2720
2724
2721
2723
3811
2722
3821
2723
2825
2829
3845
2724
2828
3810
2725
2825
2827
2726
2822
2824
2727
2819
2821
2728
2816
2818
2729
2813
2815
2730
2810
2812
2731
2807
2809
2732
2804
2806
2733
2801
2803
2734
2798
2800
2735
2795
2797
2736
2792
2794
2737
2789
2791
2738
2786
2788
2739
2783
2785
2740
2780
2782
2741
2777
2779
2742
2774
2776
2743
2771
2773
2744
2768
2770
2745
2765
2767
2746
2762
2764
2747
2759
2761
2748
2756
2758
2749
2753
2755
2750
2752
2751
2755
2857
2752
2754
2860
2753
2754
2758
2755
2757
2861
2756
2856
2757
2761
2855
2758
2760
2866
2759
2760
2764
2761
2763
2867
2762
2854
2763
2767
2853
2764
2766
2872
2765
2766
2770
2767
2769
2873
2768
2852
2769
2773
2851
2770
2772
2878
2771
2772
2776
2773
2775
2879
2774
2850
2775
2779
2849
2776
2778
2884
2777
2778
2782
2779
2781
2885
2780
2848
2781
2785
2847
2782
2784
2890
2783
2784
2788
2785
2787
2891
2786
2846
2787
2791
2845
2788
2790
2896
2789
2790
2794
2791
2793
2897
2792
2844
2793
2797
2843
2794
2796
2902
2795
2796
2800
2797
2799
2903
2798
2842
2799
2803
2841
2800
2802
2908
2801
2802
2806
2803
2805
2909
2804
2840
2805
2809
2839
2806
2808
2914
2807
2808
2812
2809
2811
2915
2810
2838
2811
2815
2837
2812
2814
2920
2813
2814
2818
2815
2817
2921
2816
2836
2817
2821
2835
2818
2820
2926
2819
2820
2824
2821
2823
2927
2822
2834
2823
2827
2833
2824
2826
2932
2825
2826
2827
2829
2933
2828
2832
2829
2831
3809
2830
3844
2831
2933
2937
3866
2832
2936
3808
2833
2933
2935
2834
2930
2932
2835
2927
2929
2836
2924
2926
2837
2921
2923
2838
2918
2920
2839
2915
2917
2840
2912
2914
2841
2909
2911
2842
2906
2908
2843
2903
2905
2844
2900
2902
2845
2897
2899
2846
2894
2896
2847
2891
2893
2848
2888
2890
2849
2885
2887
2850
2882
2884
2851
2879
2881
2852
2876
2878
2853
2873
2875
2854
2870
2872
2855
2867
2869
2856
2864
2866
2857
2861
2863
2858
2860
2859
2863
2965
2860
2862
2968
2861
2862
2866
2863
2865
2969
2864
2964
2865
2869
2963
2866
2868
2974
2867
2868
2872
2869
2871
2975
2870
2962
2871
2875
2961
2872
2874
2980
2873
2874
2878
2875
2877
2981
2876
2960
2877
2881
2959
2878
2880
2986
2879
2880
2884
2881
2883
2987
2882
2958
2883
2887
2957
2884
2886
2992
2885
2886
2890
2887
2889
2993
2888
2956
2889
2893
2955
2890
2892
2998
2891
2892
2896
2893
2895
2999
2894
2954
2895
2899
2953
2896
2898
3004
2897
2898
2902
2899
2901
3005
2900
2952
2901
2905
2951
2902
2904
3010
2903
2904
2908
2905
2907
3011
2906
2950
2907
2911
2949
2908
2910
3016
2909
2910
2914
2911
2913
3017
2912
2948
2913
2917
2947
2914
2916
3022
2915
2916
2920
2917
2919
3023
2918
2946
2919
2923
2945
2920
2922
3028
2921
2922
2926
2923
2925
3029
2924
2944
2925
2929
2943
2926
2928
3034
2927
2928
2932
2929
2931
3035
2930
2942
2931
2935
2941
2932
2934
3040
2933
2934
2935
2937
3041
2936
2940
2937
2939
3807
2938
3865
2939
3041
3045
3883
2940
3044
3806
2941
3041
3043
2942
3038
3040
2943
3035
3037
2944
3032
3034
2945
3029
3031
2946
3026
3028
2947
3023
3025
2948
3020
3022
2949
3017
3019
2950
3014
3016
2951
3011
3013
2952
3008
3010
2953
3005
3007
2954
3002
3004
2955
2999
3001
2956
2996
2998
2957
2993
2995
2958
2990
2992
2959
2987
2989
2960
2984
2986
2961
2981
2983
2962
2978
2980
2963
2975
2977
2964
2972
2974
2965
2969
2971
2966
2968
2967
2971
3073
2968
2970
3076
2969
2970
2974
2971
2973
3077
2972
3072
2973
2977
3071
2974
2976
3082
2975
2976
2980
2977
2979
3083
2978
3070
2979
2983
3069
2980
2982
3088
2981
2982
2986
2983
2985
3089
2984
3068
2985
2989
3067
2986
2988
3094
2987
2988
2992
2989
2991
3095
2990
3066
2991
2995
3065
2992
2994
3100
2993
2994
2998
2995
2997
3101
2996
3064
2997
3001
3063
2998
3000
3106
2999
3000
3004
3001
3003
3107
3002
3062
3003
3007
3061
3004
3006
3112
3005
3006
3010
3007
3009
3113
3008
3060
3009
3013
3059
3010
3012
3118
3011
3012
3016
3013
3015
3119
3014
3058
3015
3019
3057
3016
3018
3124
3017
3018
3022
3019
3021
3125
3020
3056
3021
3025
3055
3022
3024
3130
3023
3024
3028
3025
3027
3131
3026
3054
3027
3031
3053
3028
3030
3136
3029
3030
3034
3031
3033
3137
3032
3052
3033
3037
3051
3034
3036
3142
3035
3036
3040
3037
3039
3143
3038
3050
3039
3043
3049
3040
3042
3148
3041
3042
3043
3045
3149
3044
3048
3045
3047
3805
3046
3882
3047
3149
3153
3896
3048
3152
3804
3049
3149
3151
3050
3146
3148
3051
3143
3145
3052
3140
3142
3053
3137
3139
3054
3134
3136
3055
3131
3133
3056
3128
3130
3057
3125
3127
3058
3122
3124
3059
3119
3121
3060
3116
3118
3061
3113
3115
3062
3110
3112
3063
3107
3109
3064
3104
3106
3065
3101
3103
3066
3098
3100
3067
3095
3097
3068
3092
3094
3069
3089
3091
3070
3086
3088
3071
3083
3085
3072
3080
3082
3073
3077
3079
3074
3076
3075
3079
3076
3078
3077
3078
3082
3079
3081
3181
3080
3180
3081
3085
3179
3082
3084
3186
3083
3084
3088
3085
3087
3187
3086
3178
3087
3091
3177
3088
3090
3192
3089
3090
3094
3091
3093
3193
3092
3176
3093
3097
3175
3094
3096
3198
3095
3096
3100
3097
3099
3199
3098
3174
3099
3103
3173
3100
3102
3204
3101
3102
3106
3103
3105
3205
3104
3172
3105
3109
3171
3106
3108
3210
3107
3108
3112
3109
3111
3211
3110
3170
3111
3115
3169
3112
3114
3216
3113
3114
3118
3115
3117
3217
3116
3168
3117
3121
3167
3118
3120
3222
3119
3120
3124
3121
3123
3223
3122
3166
3123
3127
3165
3124
3126
3228
3125
3126
3130
3127
3129
3229
3128
3164
3129
3133
3163
3130
3132
3234
3131
3132
3136
3133
3135
3235
3134
3162
3135
3139
3161
3136
3138
3240
3137
3138
3142
3139
3141
3241
3140
3160
3141
3145
3159
3142
3144
3246
3143
3144
3148
3145
3147
3247
3146
3158
3147
3151
3157
3148
3150
3252
3149
3150
3151
3153
3253
3152
3156
3153
3155
3803
3154
3895
3155
3253
3257
3903
3156
3256
3802
3157
3253
3255
3158
3250
3252
3159
3247
3249
3160
3244
3246
3161
3241
3243
3162
3238
3240
3163
3235
3237
3164
3232
3234
3165
3229
3231
3166
3226
3228
3167
3223
3225
3168
3220
3222
3169
3217
3219
3170
3214
3216
3171
3211
3213
3172
3208
3210
3173
3205
3207
3174
3202
3204
3175
3199
3201
3176
3196
3198
3177
3193
3195
3178
3190
3192
3179
3187
3189
3180
3184
3186
3181
3183
3182
3186
3183
3185
3285
3184
3284
3185
3189
3283
3186
3188
3290
3187
3188
3192
3189
3191
3291
3190
3282
3191
3195
3281
3192
3194
3296
3193
3194
3198
3195
3197
3297
3196
3280
3197
3201
3279
3198
3200
3302
3199
3200
3204
3201
3203
3303
3202
3278
3203
3207
3277
3204
3206
3308
3205
3206
3210
3207
3209
3309
3208
3276
3209
3213
3275
3210
3212
3314
3211
3212
3216
3213
3215
3315
3214
3274
3215
3219
3273
3216
3218
3320
3217
3218
3222
3219
3221
3321
3220
3272
3221
3225
3271
3222
3224
3326
3223
3224
3228
3225
3227
3327
3226
3270
3227
3231
3269
3228
3230
3332
3229
3230
3234
3231
3233
3333
3232
3268
3233
3237
3267
3234
3236
3338
3235
3236
3240
3237
3239
3339
3238
3266
3239
3243
3265
3240
3242
3344
3241
3242
3246
3243
3245
3345
3244
3264
3245
3249
3263
3246
3248
3350
3247
3248
3252
3249
3251
3351
3250
3262
3251
3255
3261
3252
3254
3356
3253
3254
3255
3257
3357
3256
3260
3257
3259
3801
3258
3902
3259
3357
3361
3905
3260
3360
3800
3261
3357
3359
3262
3354
3356
3263
3351
3353
3264
3348
3350
3265
3345
3347
3266
3342
3344
3267
3339
3341
3268
3336
3338
3269
3333
3335
3270
3330
3332
3271
3327
3329
3272
3324
3326
3273
3321
3323
3274
3318
3320
3275
3315
3317
3276
3312
3314
3277
3309
3311
3278
3306
3308
3279
3303
3305
3280
3300
3302
3281
3297
3299
3282
3294
3296
3283
3291
3293
3284
3288
3290
3285
3287
3286
3290
3287
3289
3288
3289
3293
3385
3290
3292
3388
3291
3292
3296
3293
3295
3389
3294
3384
3295
3299
3383
3296
3298
3394
3297
3298
3302
3299
3301
3395
3300
3382
3301
3305
3381
3302
3304
3400
3303
3304
3308
3305
3307
3401
3306
3380
3307
3311
3379
3308
3310
3406
3309
3310
3314
3311
3313
3407
3312
3378
3313
3317
3377
3314
3316
3412
3315
3316
3320
3317
3319
3413
3318
3376
3319
3323
3375
3320
3322
3418
3321
3322
3326
3323
3325
3419
3324
3374
3325
3329
3373
3326
3328
3424
3327
3328
3332
3329
3331
3425
3330
3372
3331
3335
3371
3332
3334
3430
3333
3334
3338
3335
3337
3431
3336
3370
3337
3341
3369
3338
3340
3436
3339
3340
3344
3341
3343
3437
3342
3368
3343
3347
3367
3344
3346
3442
3345
3346
3350
3347
3349
3443
3348
3366
3349
3353
3365
3350
3352
3448
3351
3352
3356
3353
3355
3449
3354
3364
3355
3359
3363
3356
3358
3454
3357
3358
3359
3361
3455
3360
3362
3361
3363
3455
3364
3452
3454
3365
3449
3451
3366
3446
3448
3367
3443
3445
3368
3440
3442
3369
3437
3439
3370
3434
3436
3371
3431
3433
3372
3428
3430
3373
3425
3427
3374
3422
3424
3375
3419
3421
3376
3416
3418
3377
3413
3415
3378
3410
3412
3379
3407
3409
3380
3404
3406
3381
3401
3403
3382
3398
3400
3383
3395
3397
3384
3392
3394
3385
3389
3391
3386
3388
3387
3391
3477
3388
3390
3480
3389
3390
3394
3391
3393
3481
3392
3476
3393
3397
3475
3394
3396
3486
3395
3396
3400
3397
3399
3487
3398
3474
3399
3403
3473
3400
3402
3492
3401
3402
3406
3403
3405
3493
3404
3472
3405
3409
3471
3406
3408
3498
3407
3408
3412
3409
3411
3499
3410
3470
3411
3415
3469
3412
3414
3504
3413
3414
3418
3415
3417
3505
3416
3468
3417
3421
3467
3418
3420
3510
3419
3420
3424
3421
3423
3511
3422
3466
3423
3427
3465
3424
3426
3516
3425
3426
3430
3427
3429
3517
3428
3464
3429
3433
3463
3430
3432
3522
3431
3432
3436
3433
3435
3523
3434
3462
3435
3439
3461
3436
3438
3528
3437
3438
3442
3439
3441
3529
3440
3460
3441
3445
3459
3442
3444
3534
3443
3444
3448
3445
3447
3535
3446
3458
3447
3451
3457
3448
3450
3540
3449
3450
3454
3451
3453
3541
3452
3456
3453
3454
3455
3457
3541
3458
3538
3540
3459
3535
3537
3460
3532
3534
3461
3529
3531
3462
3526
3528
3463
3523
3525
3464
3520
3522
3465
3517
3519
3466
3514
3516
3467
3511
3513
3468
3508
3510
3469
3505
3507
3470
3502
3504
3471
3499
3501
3472
3496
3498
3473
3493
3495
3474
3490
3492
3475
3487
3489
3476
3484
3486
3477
3481
3483
3478
3480
3479
3483
3561
3480
3482
3564
3481
3482
3486
3483
3485
3565
3484
3560
3485
3489
3559
3486
3488
3570
3487
3488
3492
3489
3491
3571
3490
3558
3491
3495
3557
3492
3494
3576
3493
3494
3498
3495
3497
3577
3496
3556
3497
3501
3555
3498
3500
3582
3499
3500
3504
3501
3503
3583
3502
3554
3503
3507
3553
3504
3506
3588
3505
3506
3510
3507
3509
3589
3508
3552
3509
3513
3551
3510
3512
3594
3511
3512
3516
3513
3515
3595
3514
3550
3515
3519
3549
3516
3518
3600
3517
3518
3522
3519
3521
3601
3520
3548
3521
3525
3547
3522
3524
3606
3523
3524
3528
3525
3527
3607
3526
3546
3527
3531
3545
3528
3530
3612
3529
3530
3534
3531
3533
3613
3532
3544
3533
3537
3543
3534
3536
3618
3535
3536
3540
3537
3539
3619
3538
3542
3539
3540
3541
3543
3619
3544
3616
3618
3545
3613
3615
3546
3610
3612
3547
3607
3609
3548
3604
3606
3549
3601
3603
3550
3598
3600
3551
3595
3597
3552
3592
3594
3553
3589
3591
3554
3586
3588
3555
3583
3585
3556
3580
3582
3557
3577
3579
3558
3574
3576
3559
3571
3573
3560
3568
3570
3561
3565
3567
3562
3564
3563
3567
3637
3564
3566
3640
3565
3566
3570
3567
3569
3641
3568
3636
3569
3573
3635
3570
3572
3646
3571
3572
3576
3573
3575
3647
3574
3634
3575
3579
3633
3576
3578
3652
3577
3578
3582
3579
3581
3653
3580
3632
3581
3585
3631
3582
3584
3658
3583
3584
3588
3585
3587
3659
3586
3630
3587
3591
3629
3588
3590
3664
3589
3590
3594
3591
3593
3665
3592
3628
3593
3597
3627
3594
3596
3670
3595
3596
3600
3597
3599
3671
3598
3626
3599
3603
3625
3600
3602
3676
3601
3602
3606
3603
3605
3677
3604
3624
3605
3609
3623
3606
3608
3682
3607
3608
3612
3609
3611
3683
3610
3622
3611
3615
3621
3612
3614
3686
3613
3614
3618
3615
3617
3687
3616
3620
3617
3618
3619
3621
3687
3622
3686
3623
3683
3685
3624
3680
3682
3625
3677
3679
3626
3674
3676
3627
3671
3673
3628
3668
3670
3629
3665
3667
3630
3662
3664
3631
3659
3661
3632
3656
3658
3633
3653
3655
3634
3650
3652
3635
3647
3649
3636
3644
3646
3637
3641
3643
3638
3640
3639
3643
3702
3640
3642
3705
3641
3642
3646
3643
3645
3706
3644
3701
3645
3649
3700
3646
3648
3711
3647
3648
3652
3649
3651
3712
3650
3699
3651
3655
3698
3652
3654
3717
3653
3654
3658
3655
3657
3718
3656
3697
3657
3661
3696
3658
3660
3723
3659
3660
3664
3661
3663
3724
3662
3695
3663
3667
3694
3664
3666
3729
3665
3666
3670
3667
3669
3730
3668
3693
3669
3673
3692
3670
3672
3735
3671
3672
3676
3673
3675
3736
3674
3691
3675
3679
3690
3676
3678
3741
3677
3678
3682
3679
3681
3742
3680
3689
3681
3685
3688
3682
3684
3743
3683
3684
3686
3685
3687
3689
3743
3690
3742
3691
3739
3741
3692
3736
3738
3693
3733
3735
3694
3730
3732
3695
3727
3729
3696
3724
3726
3697
3721
3723
3698
3718
3720
3699
3715
3717
3700
3712
3714
3701
3709
3711
3702
3706
3708
3703
3705
3704
3708
3754
3705
3707
3757
3706
3707
3711
3708
3710
3758
3709
3753
3710
3714
3752
3711
3713
3763
3712
3713
3717
3714
3716
3764
3715
3751
3716
3720
3750
3717
3719
3769
3718
3719
3723
3720
3722
3770
3721
3749
3722
3726
3748
3723
3725
3775
3724
3725
3729
3726
3728
3776
3727
3747
3728
3732
3746
3729
3731
3781
3730
3731
3735
3732
3734
3782
3733
3745
3734
3738
3744
3735
3737
3783
3736
3737
3741
3738
3740
3739
3740
3741
3742
3743
3745
3783
3746
3782
3747
3779
3781
3748
3776
3778
3749
3773
3775
3750
3770
3772
3751
3767
3769
3752
3764
3766
3753
3761
3763
3754
3758
3760
3755
3757
3756
3760
3789
3757
3759
3792
3758
3759
3763
3760
3762
3793
3761
3788
3762
3766
3787
3763
3765
3796
3764
3765
3769
3766
3768
3797
3767
3786
3768
3772
3785
3769
3771
3798
3770
3771
3775
3772
3774
3799
3773
3784
3774
3778
3775
3777
3776
3777
3781
3778
3780
3779
3780
3781
3782
3783
3785
3799
3786
3798
3787
3797
3788
3796
3789
3793
3795
3790
3792
3791
3795
3792
3794
3793
3794
3796
3795
3797
3798
3799
3801
3905
3802
3902
3803
3901
3903
3804
3893
3895
3805
3892
3896
3806
3880
3882
3807
3879
3883
3808
3863
3865
3809
3862
3866
3810
3842
3844
3811
3841
3845
3812
3819
3821
3818
3822
3814
3836
3815
3833
3835
3816
3830
3832
3817
3827
3829
3818
3824
3826
3819
3823
3820
3826
3841
3821
3823
3825
3846
3822
3845
3823
3824
3825
3829
3826
3828
3847
3827
3840
3828
3832
3839
3829
3831
3852
3830
3831
3835
3832
3834
3853
3833
3838
3834
3837
3835
3858
3836
3838
3856
3858
3839
3853
3855
3840
3850
3852
3841
3847
3849
3842
3846
3843
3849
3862
3844
3846
3848
3867
3845
3866
3846
3847
3848
3852
3849
3851
3868
3850
3861
3851
3855
3860
3852
3854
3873
3853
3854
3858
3855
3857
3874
3856
3859
3857
3858
3860
3874
3876
3861
3871
3873
3862
3868
3870
3863
3867
3864
3870
3879
3865
3867
3869
3884
3866
3883
3867
3868
3869
3873
3870
3872
3885
3871
3878
3872
3876
3877
3873
3875
3890
3874
3875
3876
3878
3888
3890
3879
3885
3887
3880
3884
3881
3887
3892
3882
3884
3886
3897
3883
3896
3884
3885
3886
3890
3887
3889
3898
3888
3891
3889
3890
3892
3898
3900
3893
3897
3894
3900
3901
3895
3897
3899
3904
3896
3903
3897
3898
3899
3900
3904
3903
3905
3904
)


// ************************************************************************* //
