/*--------------------------------*- C++ -*----------------------------------*\
| =========                 |                                                 |
| \\      /  F ield         | OpenFOAM: The Open Source CFD Toolbox           |
|  \\    /   O peration     | Version:  2412                                  |
|   \\  /    A nd           | Website:  www.openfoam.com                      |
|    \\/     M anipulation  |                                                 |
\*---------------------------------------------------------------------------*/
FoamFile
{
    version     2.0;
    format      ascii;
    arch        "LSB;label=32;scalar=64";
    note        "nPoints:1344  nCells:894  nFaces:3083  nInternalFaces:2281";
    class       labelList;
    location    "constant/claddingZone/polyMesh";
    object      neighbour;
}
// * * * * * * * * * * * * * * * * * * * * * * * * * * * * * * * * * * * * * //


2281
(
1
35
785
2
34
784
3
33
765
4
32
764
5
31
745
6
30
744
7
29
726
8
28
725
9
27
497
10
26
496
11
25
477
12
24
476
13
23
457
14
22
456
15
21
437
20
436
17
57
398
18
56
401
19
55
418
20
54
421
21
53
435
22
52
442
23
51
455
24
50
462
25
49
475
26
48
482
27
47
495
28
46
502
29
45
724
30
44
731
31
43
743
32
42
750
33
41
763
34
40
770
35
39
783
36
38
790
37
803
38
87
802
39
86
791
40
85
782
41
84
771
42
83
762
43
82
751
44
81
742
45
80
732
46
79
723
47
78
503
48
77
494
49
76
483
50
75
474
51
74
463
52
73
454
53
72
443
54
71
434
55
70
422
56
69
417
57
68
402
58
67
397
59
66
381
60
65
380
64
362
62
112
342
63
111
345
64
110
361
65
109
366
66
108
379
67
107
386
68
106
396
69
105
407
70
104
416
71
103
427
72
102
433
73
101
448
74
100
453
75
99
468
76
98
473
77
97
488
78
96
493
79
508
80
722
81
95
737
82
94
741
83
93
756
84
92
761
85
91
776
86
90
781
87
89
796
88
801
89
800
90
797
91
780
92
777
93
760
94
757
95
740
738
97
492
98
489
99
472
100
469
101
452
102
449
103
432
104
428
105
127
415
106
126
408
107
125
395
108
124
387
109
123
378
110
122
367
111
121
360
112
120
346
113
119
341
114
118
323
117
322
116
136
302
117
135
305
118
134
321
119
133
328
120
132
340
121
131
351
122
130
359
123
129
372
124
128
377
125
392
126
394
127
413
414
129
376
130
373
131
358
132
142
352
133
141
339
134
140
329
135
139
320
136
138
306
137
301
138
146
300
139
145
311
140
144
319
141
143
334
142
338
357
144
335
145
318
146
148
312
147
299
148
298
317
150
158
527
151
157
526
152
156
521
153
155
520
154
515
155
162
516
156
161
519
157
160
522
158
159
525
528
160
168
549
161
167
544
162
166
543
163
165
538
164
537
165
172
536
166
171
539
167
170
542
168
169
545
548
170
178
567
171
177
566
172
176
561
173
175
560
174
555
175
182
556
176
181
559
177
180
562
178
179
565
568
180
187
587
181
186
582
182
185
581
184
576
184
192
575
185
191
577
186
190
580
187
189
583
188
586
189
605
190
196
602
191
195
601
192
194
596
193
595
194
200
594
195
199
597
196
198
600
197
603
198
206
623
199
205
622
200
204
617
201
203
616
202
611
203
211
612
204
210
615
205
209
618
206
208
621
207
624
208
643
209
215
642
210
214
637
211
213
636
212
631
213
219
632
214
218
635
215
217
638
216
641
217
225
663
218
224
658
219
223
657
220
222
652
221
651
222
230
650
223
229
653
224
228
656
225
227
659
226
662
227
235
683
228
234
678
229
233
677
230
232
672
231
671
232
240
670
233
239
673
234
238
676
235
237
679
236
682
237
245
703
238
244
698
239
243
697
240
242
692
241
691
242
250
690
243
249
693
244
248
696
245
247
699
246
702
247
721
248
254
718
249
253
717
250
252
712
251
711
252
258
710
253
257
713
254
256
716
255
719
256
262
860
257
261
817
258
260
812
259
811
260
268
810
261
267
819
262
266
818
263
265
859
264
858
265
273
866
266
272
865
267
271
842
268
270
820
269
825
270
278
824
271
277
844
272
276
843
273
275
864
274
863
275
283
867
276
282
851
277
281
850
278
280
845
279
826
280
288
829
281
287
846
282
286
847
283
285
871
284
872
285
293
873
286
292
881
287
291
879
288
290
880
289
830
290
833
291
297
834
292
296
878
293
295
882
294
885
295
886
296
893
297
892
891
299
315
317
300
312
314
301
309
311
302
306
308
303
305
304
308
514
305
307
326
517
306
321
307
311
320
308
310
331
518
309
513
310
314
512
311
313
332
523
312
319
313
317
318
314
316
337
524
315
511
316
510
317
529
319
335
337
320
332
334
321
329
331
322
326
328
323
325
324
328
341
325
327
348
535
326
534
327
331
533
328
330
349
540
329
340
330
334
339
331
333
354
541
332
532
333
337
531
334
336
355
546
335
338
336
337
547
530
339
355
357
340
352
354
341
349
351
342
346
348
343
345
344
348
554
345
347
364
557
346
361
347
351
360
348
350
369
558
349
553
350
354
552
351
353
370
563
352
359
353
357
358
354
356
375
564
355
551
356
550
357
569
359
373
375
360
370
372
361
367
369
364
366
363
366
380
365
383
574
365
369
573
366
368
384
578
367
379
368
372
378
369
371
389
579
370
572
371
375
571
372
374
390
584
373
377
374
376
375
393
585
570
377
393
378
390
392
379
387
389
380
384
386
381
383
382
386
397
383
385
404
593
384
592
385
389
591
386
388
405
598
387
396
388
392
395
389
391
410
599
390
590
391
393
589
392
411
604
394
588
395
411
413
396
408
410
397
405
407
398
402
404
399
401
400
404
610
401
403
419
613
402
418
403
407
417
404
406
424
614
405
609
406
410
608
407
409
425
619
408
416
409
413
415
410
412
430
620
411
607
412
606
413
431
625
414
415
431
416
428
430
417
425
427
418
422
424
419
421
420
424
630
421
423
440
633
422
435
423
427
434
424
426
445
634
425
629
426
430
628
427
429
446
639
428
433
429
432
430
451
640
431
627
626
433
449
451
434
446
448
435
443
445
436
440
442
437
439
438
442
456
439
441
459
649
440
648
441
445
647
442
444
460
654
443
455
444
448
454
445
447
465
655
446
646
447
451
645
448
450
466
660
449
453
450
452
451
471
661
644
453
469
471
454
466
468
455
463
465
456
460
462
457
459
458
462
476
459
461
479
669
460
668
461
465
667
462
464
480
674
463
475
464
468
474
465
467
485
675
466
666
467
471
665
468
470
486
680
469
473
470
472
471
491
681
664
473
489
491
474
486
488
475
483
485
476
480
482
477
479
478
482
496
479
481
499
689
480
688
481
485
687
482
484
500
694
483
495
484
488
494
485
487
505
695
486
686
487
491
685
488
490
506
700
489
493
490
492
491
509
701
684
493
509
494
506
508
495
503
505
496
500
502
497
499
498
502
725
499
501
709
728
500
708
501
505
707
502
504
714
729
503
724
504
508
723
505
507
715
734
506
706
507
509
705
508
720
735
722
704
511
527
529
512
524
526
513
521
523
514
518
520
515
517
516
520
517
519
538
518
533
519
523
532
520
522
543
521
522
526
523
525
544
524
531
525
529
530
526
528
549
527
528
529
531
547
549
532
544
546
533
541
543
534
538
540
535
537
536
540
553
537
539
560
538
539
543
540
542
561
541
552
542
546
551
543
545
566
544
545
549
546
548
567
547
550
548
549
551
567
569
552
564
566
553
561
563
554
558
560
555
557
556
560
557
559
576
558
573
559
563
572
560
562
581
561
562
566
563
565
582
564
571
565
569
570
566
568
587
567
568
569
571
585
587
572
582
584
573
579
581
576
578
575
578
592
577
595
577
581
578
580
596
579
591
580
584
590
581
583
601
582
583
587
584
586
602
585
589
586
588
587
605
589
605
590
602
604
591
599
601
592
596
598
593
595
594
598
609
595
597
616
596
597
601
598
600
617
599
608
600
604
607
601
603
622
602
603
605
604
623
606
607
623
625
608
620
622
609
617
619
610
614
616
611
613
612
616
613
615
631
614
630
615
619
629
616
618
636
617
618
622
619
621
637
620
628
621
625
627
622
624
642
623
624
625
643
626
627
643
628
640
642
629
637
639
630
634
636
631
633
632
636
633
635
652
634
647
635
639
646
636
638
657
637
638
642
639
641
658
640
645
641
644
642
663
643
645
661
663
646
658
660
647
655
657
648
652
654
649
651
650
654
668
651
653
671
652
653
657
654
656
672
655
667
656
660
666
657
659
677
658
659
663
660
662
678
661
665
662
664
663
683
665
681
683
666
678
680
667
675
677
668
672
674
669
671
670
674
688
671
673
691
672
673
677
674
676
692
675
687
676
680
686
677
679
697
678
679
683
680
682
698
681
685
682
684
683
703
685
701
703
686
698
700
687
695
697
688
692
694
689
691
690
694
708
691
693
711
692
693
697
694
696
712
695
707
696
700
706
697
699
717
698
699
703
700
702
718
701
705
702
704
703
721
705
721
706
718
720
707
715
717
708
712
714
709
711
710
714
808
711
713
811
712
713
717
714
716
812
715
813
716
720
816
717
719
817
718
719
721
720
860
856
723
735
737
724
732
734
725
729
731
726
728
727
731
744
728
730
747
809
729
808
730
734
813
731
733
748
814
732
743
733
737
742
734
736
753
815
735
816
736
856
737
739
754
855
738
741
739
740
759
857
741
757
759
742
754
756
743
751
753
744
748
750
745
747
746
750
764
747
749
767
823
748
822
749
753
821
750
752
768
839
751
763
752
756
762
753
755
773
840
754
841
755
759
854
756
758
774
853
757
761
758
760
759
779
862
861
761
777
779
762
774
776
763
771
773
764
768
770
765
767
766
770
784
767
769
787
828
768
827
769
773
838
770
772
788
837
771
783
772
776
782
773
775
793
848
774
849
775
779
852
776
778
794
870
777
781
778
780
779
799
869
868
781
797
799
782
794
796
783
791
793
784
788
790
785
787
786
790
787
789
832
788
831
789
793
836
790
792
804
835
791
803
792
796
802
793
795
805
877
794
876
795
799
875
796
798
806
883
797
801
798
800
799
807
884
874
801
807
802
806
803
805
804
805
890
806
889
807
888
887
809
811
813
810
814
822
811
819
825
812
813
817
819
814
816
815
819
821
816
818
841
855
817
856
818
860
819
842
859
820
821
825
842
844
822
839
841
823
825
824
827
839
825
826
844
827
829
845
828
838
829
831
837
830
846
831
833
880
832
836
833
835
834
835
878
880
891
836
877
890
837
876
880
838
846
848
839
845
849
840
844
841
843
849
853
842
854
843
865
844
850
864
845
846
850
847
880
848
850
871
879
849
870
876
850
852
851
852
864
867
871
853
868
870
854
862
864
855
861
865
856
857
859
860
858
861
859
866
860
865
862
866
863
868
864
866
867
865
866
868
872
869
870
872
874
871
875
872
881
873
874
881
885
875
884
876
881
883
877
879
878
883
889
879
882
892
880
881
882
883
885
893
884
888
885
887
886
887
893
888
889
893
890
892
891
892
893
)


// ************************************************************************* //
