/*--------------------------------*- C++ -*----------------------------------*\
| =========                 |                                                 |
| \\      /  F ield         | OpenFOAM: The Open Source CFD Toolbox           |
|  \\    /   O peration     | Version:  2412                                  |
|   \\  /    A nd           | Website:  www.openfoam.com                      |
|    \\/     M anipulation  |                                                 |
\*---------------------------------------------------------------------------*/
FoamFile
{
    version     2.0;
    format      ascii;
    arch        "LSB;label=32;scalar=64";
    note        "nPoints:6466  nCells:3406  nFaces:13150  nInternalFaces:7286";
    class       labelList;
    location    "constant/claddingZone/polyMesh";
    object      owner;
}
// * * * * * * * * * * * * * * * * * * * * * * * * * * * * * * * * * * * * * //


13150
(
0
0
0
1
1
1
2
2
2
3
3
3
4
4
4
5
5
5
6
7
7
7
8
9
9
10
10
11
11
12
12
13
13
14
14
14
14
15
15
16
16
16
17
17
18
18
19
20
20
20
21
21
22
22
22
23
24
24
24
24
25
25
26
26
27
27
28
28
29
29
29
30
31
31
32
32
33
33
33
34
34
35
37
37
38
38
39
39
39
40
41
41
41
42
43
43
44
44
44
45
45
45
46
47
47
48
48
48
49
49
50
50
51
51
52
52
52
53
54
54
55
55
56
56
56
57
57
57
58
59
59
59
60
60
60
61
61
62
62
62
63
63
64
64
65
65
66
66
66
67
68
68
69
69
70
70
71
71
72
72
73
73
74
74
74
75
75
76
76
77
77
78
78
79
79
80
80
81
81
81
82
82
83
83
84
85
85
85
86
86
87
87
87
88
88
89
89
89
90
90
91
91
91
92
92
93
93
94
94
95
95
95
96
97
97
97
99
99
99
100
101
101
101
102
103
103
104
104
104
104
105
105
105
106
106
106
107
107
107
108
108
109
109
109
110
110
111
111
111
111
112
112
113
113
114
114
115
115
115
116
116
117
117
118
118
118
118
119
120
120
120
121
121
122
122
123
124
124
125
125
126
126
127
127
128
128
128
129
129
130
130
130
131
131
131
132
133
134
134
134
135
135
136
137
137
138
138
139
139
140
140
140
141
141
142
143
143
143
143
144
145
146
146
147
147
148
149
149
150
150
151
151
152
152
152
152
153
153
153
155
155
155
156
156
156
157
157
158
158
159
159
160
160
161
161
161
161
162
162
162
163
163
163
164
164
164
165
165
166
166
167
167
168
169
169
169
170
170
171
171
171
172
172
173
173
173
174
175
175
176
176
176
177
177
178
179
179
179
180
180
181
181
182
182
182
183
183
184
184
185
185
185
186
187
187
188
188
189
189
190
190
190
191
191
192
193
193
193
194
195
195
195
196
197
197
198
198
199
199
200
201
202
203
204
204
204
205
206
207
208
209
209
209
210
210
211
212
212
213
213
214
214
214
214
215
215
216
217
217
218
218
219
220
220
220
221
222
222
223
223
224
224
224
225
226
226
226
227
228
228
229
229
229
230
230
230
230
231
231
231
232
233
233
233
234
235
235
236
236
237
237
237
238
239
239
240
241
241
241
242
243
243
244
244
245
245
245
246
247
247
247
248
248
249
249
249
250
250
251
251
251
252
253
253
253
254
254
254
255
255
255
256
256
257
257
258
258
259
259
260
260
261
263
263
264
264
265
265
266
267
267
268
268
269
269
270
271
271
271
272
272
273
273
273
274
274
275
275
275
276
277
277
278
278
278
279
279
280
281
281
281
282
282
283
283
284
284
284
285
285
286
286
287
287
287
288
289
289
290
290
291
291
291
292
292
293
293
294
294
294
295
295
295
296
296
296
297
298
298
299
299
299
299
300
300
301
301
302
304
305
305
305
306
307
307
308
308
309
309
309
309
310
310
311
311
312
312
313
313
314
314
314
315
316
316
317
317
318
318
318
319
320
320
320
320
321
321
322
323
323
323
324
325
325
326
326
327
327
327
328
328
328
329
329
331
331
332
332
333
333
333
334
335
335
335
336
337
338
338
339
339
339
339
340
341
341
342
342
343
344
344
344
345
346
346
347
347
348
348
349
349
349
350
350
351
352
352
352
353
354
354
355
355
356
356
357
357
357
358
358
359
360
360
360
361
362
362
363
363
364
364
364
365
365
366
366
367
368
368
369
369
370
370
370
371
372
372
372
373
374
374
374
374
375
375
375
376
376
376
377
377
377
378
378
379
380
380
381
381
381
382
382
383
383
383
384
385
385
385
386
386
386
387
387
387
387
388
388
389
390
390
390
391
391
392
392
393
393
393
394
395
395
396
396
397
397
397
398
399
399
400
400
401
401
402
402
402
403
404
404
404
405
406
406
406
406
407
407
408
409
410
410
410
411
411
412
412
413
413
415
415
416
416
417
417
417
417
417
418
418
418
419
420
421
421
421
422
422
423
423
424
424
424
424
425
426
426
427
427
427
428
428
428
428
429
429
429
429
430
430
431
431
432
432
433
433
433
434
435
435
435
435
436
436
437
437
438
438
438
440
440
441
441
442
442
442
443
443
444
445
445
445
446
447
447
448
448
448
449
450
450
450
451
451
452
452
452
453
454
454
454
455
455
456
457
457
458
458
459
459
460
460
460
461
462
462
463
463
464
464
465
465
466
466
466
467
467
468
468
469
470
470
471
471
472
472
472
473
474
474
475
475
475
476
476
477
477
478
478
478
479
479
480
480
481
481
481
481
482
482
483
484
485
485
486
486
487
487
487
488
488
489
489
489
490
490
491
491
491
492
493
493
494
494
495
495
495
496
497
497
498
498
500
500
501
501
502
502
503
503
503
504
505
505
505
506
507
507
508
508
509
509
509
511
511
512
512
512
513
513
514
514
514
515
516
516
516
516
516
517
517
517
518
518
520
520
521
521
522
522
523
523
524
524
524
525
525
525
526
526
527
527
528
528
528
528
529
529
531
531
532
532
533
533
533
534
535
535
535
536
536
536
537
537
539
539
539
540
540
541
542
542
542
543
543
544
545
545
546
546
547
547
547
548
548
548
549
549
550
551
551
551
552
552
553
554
554
554
555
555
556
556
557
557
558
558
559
559
560
560
561
561
562
562
562
563
563
564
564
564
564
565
565
566
567
567
568
568
569
569
569
570
571
571
571
572
573
573
574
574
574
575
575
576
576
577
578
578
578
579
580
580
581
581
582
582
582
583
583
584
584
585
586
586
586
587
587
588
589
589
589
590
590
590
591
591
592
592
592
593
593
594
594
594
595
596
596
597
598
598
598
599
600
600
601
601
601
602
602
602
603
603
604
604
604
605
605
605
606
607
607
608
608
608
609
610
610
611
612
612
612
613
614
614
615
615
615
616
616
617
617
618
619
619
619
620
621
621
622
622
623
623
623
624
625
625
626
626
627
627
627
628
628
629
629
629
630
630
631
631
631
632
633
633
634
634
634
635
635
636
637
637
637
638
638
639
639
640
640
640
641
641
642
642
643
643
643
644
645
645
646
646
647
647
648
648
649
649
650
650
651
651
651
652
653
653
654
654
654
655
655
656
657
657
657
658
659
659
660
660
661
661
661
662
663
663
663
664
665
665
666
666
667
667
667
668
669
669
669
670
671
671
671
672
672
673
673
673
674
674
675
675
676
677
677
678
678
679
679
680
680
681
681
681
682
683
683
684
684
685
685
685
686
687
687
688
688
689
689
689
690
691
691
692
692
693
693
693
694
695
695
696
696
696
697
697
698
699
699
699
700
701
701
702
702
702
703
703
704
705
705
705
706
707
707
708
708
709
709
709
709
710
710
711
711
712
712
713
713
713
713
714
714
715
716
717
717
717
718
718
718
719
719
719
719
720
720
721
721
722
722
722
723
724
724
724
725
725
726
726
726
727
727
728
728
728
729
730
730
731
731
732
732
732
733
734
734
734
734
735
735
736
736
737
737
737
738
739
740
741
741
741
741
742
742
742
743
743
743
744
744
745
745
746
747
747
747
747
748
748
748
749
749
750
751
751
751
751
752
752
752
753
753
754
755
755
755
756
756
757
757
757
758
758
759
759
759
760
760
761
761
762
762
762
763
763
764
764
765
766
766
766
767
768
768
769
769
770
770
771
771
772
772
773
773
774
774
775
775
776
776
777
777
778
778
779
779
779
780
781
781
782
782
782
783
784
784
785
785
786
786
786
787
787
788
788
789
790
790
790
791
791
792
793
794
795
795
796
796
796
797
798
798
798
798
799
799
801
801
802
802
803
803
803
804
805
805
806
806
807
807
807
808
809
809
809
810
810
811
811
811
811
812
812
813
813
814
814
815
815
815
815
816
816
816
817
817
818
819
819
819
820
820
821
821
821
822
822
823
823
823
824
824
824
825
825
826
826
827
827
828
828
829
829
829
829
829
830
830
830
830
831
831
831
832
832
832
833
834
835
836
836
837
838
838
839
840
840
840
841
841
842
843
843
843
843
844
844
845
845
846
846
847
847
847
848
848
849
849
849
850
850
851
851
851
851
852
852
852
853
853
853
854
854
854
855
855
855
856
856
856
857
857
857
858
858
858
859
859
859
860
860
860
861
861
862
862
862
862
863
864
864
865
865
865
866
867
867
868
868
868
869
869
870
870
870
871
871
871
872
873
873
874
874
874
875
875
876
876
877
877
878
878
879
879
879
880
880
881
882
882
882
883
884
884
885
885
885
886
886
887
888
888
888
889
890
890
890
890
891
891
891
892
892
892
893
893
893
894
894
894
895
895
895
896
896
896
897
897
897
898
899
899
899
899
900
901
902
902
903
904
905
905
906
906
906
907
908
908
908
909
910
911
912
912
913
913
914
914
915
915
916
916
916
916
917
917
918
918
918
919
920
920
921
921
921
922
922
923
924
924
924
925
926
926
927
927
928
928
928
928
929
929
930
930
931
931
932
932
932
933
934
934
935
935
936
936
936
936
937
937
938
938
939
939
940
940
940
940
941
941
941
942
942
942
943
943
943
944
944
945
946
946
946
947
947
947
948
948
948
949
949
951
952
952
952
952
953
953
954
954
954
955
955
956
956
957
958
958
959
959
959
960
960
961
961
961
962
962
963
963
964
964
965
966
966
966
967
968
968
969
969
970
970
971
971
972
972
972
973
974
974
974
975
975
975
976
976
978
978
979
979
980
980
980
980
981
981
981
982
982
983
984
984
986
986
986
986
987
987
988
989
990
990
991
991
991
991
992
992
992
993
993
994
995
995
996
996
997
997
997
997
998
998
998
999
999
999
1000
1000
1001
1001
1002
1003
1004
1006
1007
1007
1008
1008
1009
1009
1009
1010
1011
1011
1012
1012
1013
1013
1013
1014
1015
1015
1016
1016
1016
1017
1017
1018
1019
1019
1020
1020
1021
1021
1022
1022
1023
1023
1024
1024
1025
1025
1026
1026
1026
1026
1027
1027
1028
1028
1028
1028
1028
1029
1029
1029
1029
1030
1030
1030
1030
1031
1031
1032
1032
1032
1033
1033
1033
1034
1035
1035
1035
1036
1036
1036
1037
1038
1039
1040
1040
1040
1041
1041
1042
1042
1042
1043
1043
1043
1044
1044
1045
1045
1045
1046
1047
1048
1048
1049
1049
1050
1050
1051
1051
1052
1052
1052
1053
1053
1054
1054
1054
1054
1055
1055
1055
1056
1056
1056
1057
1057
1058
1058
1058
1059
1059
1060
1060
1060
1061
1062
1062
1063
1063
1063
1064
1064
1065
1065
1066
1066
1066
1067
1068
1068
1069
1069
1070
1070
1070
1070
1071
1071
1072
1072
1073
1073
1074
1075
1075
1076
1076
1076
1077
1077
1078
1078
1079
1079
1080
1080
1081
1081
1082
1082
1083
1083
1084
1084
1084
1085
1085
1086
1087
1087
1087
1088
1088
1089
1089
1090
1090
1090
1090
1091
1091
1092
1092
1093
1093
1094
1095
1095
1096
1096
1096
1097
1097
1098
1098
1098
1099
1100
1100
1100
1101
1101
1101
1102
1102
1103
1103
1104
1105
1105
1106
1106
1106
1107
1107
1108
1108
1108
1109
1109
1109
1110
1111
1111
1111
1112
1112
1112
1113
1113
1114
1115
1115
1115
1116
1117
1117
1117
1118
1118
1119
1119
1119
1119
1120
1120
1121
1121
1122
1122
1123
1123
1124
1124
1124
1125
1126
1126
1126
1127
1127
1128
1129
1129
1129
1130
1131
1131
1132
1132
1132
1132
1133
1133
1134
1134
1135
1135
1136
1136
1136
1137
1138
1138
1138
1138
1139
1139
1140
1141
1142
1142
1142
1143
1143
1144
1145
1145
1146
1146
1147
1147
1147
1148
1149
1150
1151
1151
1152
1152
1153
1153
1154
1154
1154
1155
1156
1156
1156
1157
1157
1158
1158
1158
1159
1159
1160
1160
1160
1161
1161
1162
1162
1162
1163
1163
1164
1164
1164
1165
1165
1166
1166
1166
1167
1167
1168
1168
1168
1169
1170
1170
1171
1171
1172
1172
1172
1173
1173
1174
1175
1175
1176
1176
1176
1177
1178
1178
1179
1179
1180
1180
1181
1181
1182
1182
1182
1183
1184
1184
1184
1185
1186
1186
1187
1187
1188
1188
1189
1189
1190
1190
1190
1190
1191
1191
1192
1193
1194
1194
1195
1196
1197
1197
1197
1197
1197
1198
1198
1198
1198
1199
1199
1199
1200
1200
1201
1201
1202
1202
1203
1203
1203
1203
1204
1205
1206
1206
1207
1207
1208
1208
1209
1209
1209
1210
1210
1211
1212
1212
1213
1213
1214
1214
1215
1215
1215
1216
1216
1217
1218
1218
1218
1218
1219
1219
1219
1220
1220
1221
1221
1222
1223
1223
1224
1224
1224
1225
1225
1226
1226
1226
1227
1227
1227
1228
1228
1229
1229
1229
1230
1231
1232
1232
1233
1233
1233
1234
1234
1235
1235
1235
1236
1236
1237
1237
1237
1238
1238
1239
1239
1240
1240
1241
1241
1241
1242
1243
1243
1244
1244
1245
1245
1245
1246
1247
1247
1247
1248
1249
1249
1249
1250
1250
1250
1250
1251
1251
1251
1252
1252
1253
1254
1255
1255
1256
1256
1256
1257
1257
1257
1257
1258
1259
1259
1260
1260
1261
1261
1262
1262
1263
1263
1263
1264
1264
1265
1265
1265
1266
1266
1267
1267
1267
1267
1268
1268
1268
1269
1269
1270
1271
1271
1271
1272
1272
1273
1273
1273
1274
1274
1275
1275
1275
1275
1276
1276
1276
1277
1277
1278
1278
1279
1279
1279
1280
1281
1281
1282
1282
1283
1283
1283
1283
1284
1284
1284
1285
1286
1287
1287
1287
1288
1288
1289
1289
1290
1291
1291
1291
1291
1292
1292
1292
1293
1293
1294
1295
1295
1296
1296
1296
1296
1297
1297
1298
1298
1299
1299
1299
1300
1301
1301
1301
1302
1302
1303
1303
1303
1303
1303
1304
1304
1304
1304
1305
1305
1306
1306
1306
1306
1307
1307
1308
1308
1309
1309
1309
1310
1311
1311
1311
1311
1312
1312
1313
1313
1313
1314
1315
1315
1316
1317
1317
1317
1318
1318
1319
1319
1320
1320
1320
1321
1321
1321
1322
1322
1322
1323
1323
1323
1324
1324
1324
1325
1325
1325
1325
1326
1326
1327
1328
1328
1329
1330
1330
1331
1331
1332
1332
1332
1333
1334
1334
1335
1335
1336
1336
1337
1337
1338
1338
1338
1338
1339
1339
1340
1340
1340
1341
1341
1341
1342
1342
1342
1342
1343
1343
1344
1344
1344
1345
1345
1346
1347
1347
1348
1348
1349
1349
1350
1350
1350
1351
1351
1352
1352
1354
1354
1355
1355
1356
1356
1356
1357
1357
1358
1358
1359
1359
1359
1360
1360
1361
1362
1362
1362
1363
1363
1363
1364
1364
1365
1365
1366
1366
1367
1367
1367
1367
1368
1368
1368
1369
1369
1370
1371
1371
1371
1372
1373
1374
1374
1375
1375
1376
1376
1376
1376
1377
1377
1378
1379
1379
1380
1380
1381
1381
1381
1382
1383
1383
1384
1384
1385
1385
1386
1386
1386
1387
1387
1388
1389
1389
1389
1390
1390
1391
1391
1391
1392
1393
1393
1393
1393
1394
1394
1395
1395
1397
1397
1398
1399
1399
1399
1400
1401
1401
1401
1401
1402
1402
1403
1403
1403
1404
1404
1405
1405
1405
1406
1406
1406
1407
1407
1408
1408
1408
1408
1409
1409
1410
1411
1412
1413
1414
1415
1415
1416
1416
1416
1417
1418
1418
1419
1419
1420
1420
1420
1421
1421
1422
1422
1423
1423
1423
1424
1424
1425
1425
1426
1426
1426
1427
1427
1427
1428
1428
1428
1428
1429
1429
1429
1430
1430
1431
1431
1431
1432
1432
1433
1433
1433
1434
1434
1435
1435
1435
1436
1437
1437
1438
1438
1438
1439
1439
1439
1440
1440
1440
1442
1442
1442
1443
1443
1444
1444
1445
1445
1446
1446
1447
1447
1448
1448
1448
1449
1450
1450
1450
1450
1451
1452
1452
1453
1453
1453
1454
1454
1454
1454
1455
1455
1456
1456
1457
1457
1458
1458
1458
1459
1460
1460
1460
1460
1461
1461
1462
1462
1463
1463
1463
1464
1464
1466
1467
1467
1468
1468
1469
1469
1470
1470
1470
1471
1472
1473
1474
1475
1475
1476
1476
1477
1477
1478
1478
1478
1479
1479
1480
1480
1481
1482
1482
1483
1483
1483
1484
1485
1485
1486
1486
1486
1487
1488
1488
1489
1489
1489
1489
1490
1490
1491
1491
1492
1492
1492
1493
1494
1494
1495
1495
1495
1496
1496
1497
1497
1497
1498
1498
1498
1499
1500
1500
1500
1501
1501
1502
1502
1502
1502
1503
1503
1503
1504
1504
1505
1505
1505
1505
1506
1506
1507
1508
1508
1509
1510
1510
1511
1511
1511
1512
1512
1513
1513
1513
1514
1514
1514
1515
1515
1515
1516
1516
1516
1516
1517
1517
1517
1518
1518
1519
1520
1520
1521
1521
1522
1522
1523
1524
1524
1525
1525
1526
1526
1527
1528
1528
1528
1528
1529
1529
1530
1530
1530
1530
1530
1531
1531
1531
1531
1532
1532
1532
1533
1533
1534
1534
1534
1535
1535
1535
1536
1537
1537
1538
1538
1538
1539
1539
1540
1540
1540
1541
1541
1541
1542
1542
1543
1543
1543
1544
1545
1545
1546
1546
1546
1547
1547
1547
1548
1549
1549
1550
1551
1551
1551
1552
1553
1553
1553
1554
1554
1554
1555
1555
1556
1556
1557
1557
1558
1558
1558
1558
1559
1559
1559
1560
1560
1561
1562
1563
1563
1563
1564
1564
1564
1564
1565
1566
1566
1566
1567
1567
1569
1569
1569
1569
1570
1570
1571
1571
1571
1572
1572
1572
1573
1573
1575
1575
1575
1576
1576
1576
1577
1577
1578
1578
1579
1580
1580
1580
1581
1581
1582
1582
1582
1582
1582
1583
1583
1583
1583
1584
1584
1584
1584
1585
1585
1585
1586
1586
1587
1588
1588
1589
1590
1590
1591
1591
1591
1592
1592
1593
1593
1593
1594
1594
1594
1595
1596
1596
1597
1597
1598
1599
1599
1600
1601
1601
1602
1602
1602
1602
1603
1603
1604
1604
1605
1605
1606
1606
1606
1606
1607
1607
1607
1608
1608
1608
1609
1609
1610
1610
1610
1610
1611
1611
1612
1612
1613
1613
1613
1614
1615
1615
1616
1616
1617
1617
1618
1618
1619
1619
1619
1619
1620
1620
1621
1621
1621
1622
1623
1623
1624
1624
1625
1625
1625
1626
1626
1626
1627
1628
1628
1629
1629
1629
1630
1630
1630
1631
1631
1632
1632
1633
1634
1635
1635
1636
1636
1636
1637
1637
1637
1638
1639
1639
1639
1640
1641
1641
1641
1642
1642
1642
1642
1643
1643
1644
1645
1645
1645
1645
1646
1646
1647
1647
1648
1648
1649
1649
1649
1650
1651
1651
1652
1653
1653
1654
1654
1654
1655
1655
1656
1656
1656
1656
1657
1657
1657
1658
1658
1658
1659
1659
1660
1660
1662
1662
1663
1663
1664
1664
1665
1665
1666
1667
1667
1668
1668
1669
1669
1670
1670
1671
1671
1672
1672
1673
1673
1674
1675
1675
1676
1676
1677
1677
1677
1678
1679
1680
1680
1681
1681
1682
1683
1683
1684
1684
1685
1685
1686
1687
1687
1688
1688
1689
1689
1690
1691
1691
1691
1692
1693
1693
1694
1694
1695
1695
1695
1696
1696
1697
1697
1698
1698
1700
1701
1702
1702
1702
1703
1703
1703
1704
1705
1705
1705
1705
1706
1706
1707
1708
1709
1709
1709
1710
1711
1711
1712
1712
1713
1713
1713
1714
1715
1715
1715
1716
1717
1718
1718
1719
1719
1719
1720
1720
1721
1721
1722
1722
1722
1723
1724
1724
1725
1725
1726
1726
1726
1727
1728
1728
1728
1729
1729
1730
1730
1730
1731
1732
1732
1733
1733
1733
1734
1734
1735
1735
1735
1735
1736
1736
1737
1738
1738
1739
1739
1739
1740
1740
1740
1741
1741
1742
1742
1742
1743
1743
1744
1744
1744
1744
1745
1745
1745
1746
1746
1747
1748
1748
1748
1749
1749
1749
1750
1750
1751
1752
1752
1752
1753
1754
1754
1754
1755
1755
1756
1756
1756
1756
1757
1757
1758
1758
1759
1759
1760
1760
1760
1761
1761
1761
1762
1762
1763
1763
1764
1764
1764
1765
1765
1766
1766
1767
1767
1767
1768
1768
1769
1769
1769
1769
1770
1771
1771
1771
1771
1772
1772
1773
1773
1774
1774
1775
1775
1775
1776
1777
1777
1778
1779
1779
1779
1780
1780
1781
1781
1782
1782
1782
1783
1783
1783
1783
1784
1785
1785
1785
1785
1786
1786
1787
1787
1788
1788
1789
1789
1789
1790
1791
1791
1792
1793
1793
1793
1794
1794
1795
1795
1796
1796
1796
1797
1797
1797
1797
1798
1799
1799
1800
1800
1800
1800
1801
1801
1801
1802
1802
1803
1804
1805
1805
1806
1806
1806
1807
1807
1807
1807
1808
1808
1809
1809
1810
1810
1810
1811
1812
1812
1813
1813
1813
1814
1815
1815
1816
1816
1817
1817
1817
1817
1818
1818
1819
1820
1821
1821
1822
1822
1823
1823
1824
1824
1826
1826
1827
1827
1828
1828
1829
1829
1830
1830
1830
1830
1831
1831
1831
1832
1832
1832
1833
1833
1834
1835
1836
1837
1838
1838
1838
1839
1839
1839
1840
1840
1841
1841
1842
1842
1842
1842
1842
1843
1843
1843
1844
1845
1845
1845
1846
1846
1847
1848
1848
1848
1849
1850
1850
1851
1851
1853
1853
1853
1854
1854
1854
1855
1855
1855
1855
1855
1856
1856
1856
1857
1857
1858
1858
1858
1859
1859
1859
1860
1860
1860
1861
1861
1861
1862
1862
1862
1863
1863
1864
1864
1864
1864
1865
1865
1867
1867
1868
1868
1869
1869
1870
1870
1870
1871
1871
1871
1872
1873
1873
1873
1874
1874
1874
1875
1875
1876
1876
1876
1876
1877
1877
1878
1878
1878
1878
1879
1879
1880
1880
1881
1881
1882
1882
1882
1883
1884
1885
1886
1887
1888
1889
1889
1889
1890
1891
1892
1892
1893
1893
1894
1895
1896
1896
1897
1898
1898
1898
1899
1899
1899
1900
1900
1901
1901
1901
1902
1902
1902
1903
1903
1904
1904
1906
1907
1908
1908
1909
1909
1910
1910
1910
1911
1911
1911
1912
1912
1912
1913
1913
1913
1914
1914
1915
1915
1915
1916
1916
1916
1917
1917
1918
1918
1918
1918
1919
1919
1919
1920
1920
1921
1921
1923
1924
1925
1925
1926
1926
1927
1927
1927
1928
1928
1928
1928
1929
1929
1929
1930
1931
1931
1932
1932
1933
1934
1934
1935
1935
1936
1937
1937
1938
1938
1939
1940
1940
1941
1941
1942
1942
1943
1943
1944
1944
1944
1945
1945
1946
1947
1947
1947
1948
1949
1950
1950
1951
1951
1952
1953
1953
1953
1954
1954
1955
1955
1955
1956
1956
1957
1957
1957
1957
1958
1958
1958
1959
1959
1960
1961
1961
1961
1961
1962
1962
1963
1963
1963
1964
1964
1965
1965
1965
1965
1966
1966
1966
1967
1967
1967
1967
1968
1968
1968
1969
1969
1969
1970
1970
1970
1971
1971
1972
1972
1973
1973
1974
1974
1974
1974
1975
1975
1975
1976
1976
1977
1978
1978
1979
1979
1979
1980
1981
1981
1981
1982
1983
1983
1983
1984
1985
1985
1985
1986
1986
1986
1987
1987
1988
1988
1989
1989
1990
1990
1990
1990
1991
1991
1991
1992
1992
1993
1994
1994
1995
1995
1995
1996
1997
1997
1997
1998
1998
1999
2000
2000
2000
2001
2001
2001
2002
2002
2003
2003
2004
2004
2005
2005
2005
2005
2006
2006
2006
2007
2007
2008
2009
2009
2010
2010
2011
2011
2011
2012
2012
2013
2014
2014
2014
2014
2015
2015
2016
2016
2017
2017
2017
2018
2018
2018
2019
2019
2020
2020
2020
2020
2021
2021
2022
2022
2023
2023
2024
2025
2025
2026
2026
2026
2027
2027
2028
2028
2028
2029
2029
2029
2030
2031
2032
2032
2033
2034
2034
2034
2035
2035
2035
2036
2036
2036
2036
2037
2037
2037
2038
2038
2039
2039
2039
2040
2040
2040
2041
2041
2042
2042
2043
2043
2043
2043
2044
2044
2044
2045
2045
2045
2046
2046
2048
2049
2050
2050
2050
2050
2051
2051
2052
2053
2053
2054
2054
2054
2054
2055
2055
2056
2056
2057
2057
2057
2058
2059
2059
2060
2060
2060
2061
2061
2062
2062
2062
2062
2063
2063
2064
2064
2064
2064
2065
2065
2065
2066
2066
2066
2067
2067
2068
2068
2068
2069
2070
2070
2071
2071
2072
2072
2072
2073
2074
2074
2075
2075
2076
2076
2076
2077
2077
2078
2078
2079
2079
2079
2080
2080
2080
2081
2082
2082
2082
2083
2083
2084
2084
2085
2085
2085
2086
2086
2086
2087
2088
2088
2088
2089
2089
2090
2090
2090
2091
2092
2093
2093
2093
2094
2094
2094
2095
2095
2095
2096
2096
2096
2097
2097
2097
2098
2098
2099
2100
2100
2101
2101
2102
2102
2103
2103
2105
2105
2106
2106
2107
2107
2108
2109
2109
2110
2110
2111
2111
2112
2113
2113
2114
2114
2115
2115
2116
2117
2117
2117
2118
2119
2119
2120
2121
2121
2122
2122
2123
2123
2123
2124
2124
2124
2125
2125
2125
2126
2127
2128
2128
2129
2129
2130
2131
2131
2132
2132
2133
2133
2133
2134
2134
2134
2135
2135
2135
2136
2136
2136
2137
2137
2137
2138
2139
2140
2140
2141
2141
2142
2143
2143
2144
2144
2145
2145
2146
2147
2147
2148
2148
2149
2149
2150
2151
2151
2152
2152
2153
2153
2154
2154
2154
2155
2155
2156
2156
2157
2157
2157
2158
2158
2158
2158
2159
2159
2160
2161
2161
2162
2162
2163
2163
2163
2164
2164
2164
2164
2165
2165
2165
2166
2167
2167
2167
2168
2169
2169
2169
2170
2170
2171
2171
2171
2172
2172
2172
2173
2173
2173
2174
2174
2174
2175
2175
2175
2175
2176
2176
2176
2177
2177
2178
2178
2178
2179
2179
2180
2180
2181
2182
2182
2182
2183
2183
2184
2184
2185
2186
2186
2187
2187
2188
2188
2188
2189
2189
2190
2190
2191
2192
2192
2192
2193
2193
2194
2194
2194
2195
2196
2196
2197
2197
2197
2198
2199
2199
2200
2201
2201
2201
2202
2202
2202
2203
2203
2203
2204
2205
2205
2205
2206
2206
2207
2207
2207
2208
2208
2209
2209
2209
2210
2210
2210
2211
2211
2211
2212
2212
2212
2213
2213
2213
2214
2215
2215
2215
2216
2216
2217
2217
2217
2218
2218
2219
2219
2219
2219
2220
2220
2220
2221
2221
2222
2223
2223
2223
2224
2224
2225
2225
2226
2227
2227
2227
2228
2228
2228
2229
2229
2230
2231
2232
2233
2234
2235
2236
2237
2238
2238
2239
2239
2240
2240
2241
2241
2241
2242
2242
2243
2244
2244
2245
2245
2246
2246
2247
2247
2247
2248
2248
2249
2250
2250
2251
2251
2252
2252
2253
2253
2253
2254
2254
2255
2255
2256
2256
2257
2257
2257
2258
2258
2258
2258
2258
2259
2259
2259
2260
2260
2261
2261
2261
2262
2262
2263
2263
2263
2264
2264
2264
2265
2266
2266
2266
2267
2267
2267
2268
2268
2268
2269
2269
2270
2272
2273
2274
2274
2274
2275
2276
2276
2276
2277
2277
2278
2278
2278
2279
2280
2280
2280
2281
2281
2282
2282
2283
2284
2286
2287
2287
2288
2288
2289
2289
2290
2290
2290
2291
2291
2292
2292
2292
2293
2293
2293
2294
2294
2294
2295
2295
2295
2296
2296
2297
2297
2297
2298
2299
2299
2299
2300
2300
2300
2301
2301
2302
2302
2302
2303
2303
2303
2304
2304
2305
2305
2305
2305
2306
2306
2307
2307
2308
2310
2311
2312
2313
2314
2315
2316
2316
2317
2317
2318
2318
2319
2319
2319
2320
2320
2321
2321
2322
2322
2323
2325
2325
2326
2326
2326
2327
2327
2328
2328
2328
2329
2330
2330
2331
2331
2331
2332
2332
2333
2333
2333
2334
2334
2336
2337
2337
2338
2338
2338
2339
2339
2340
2340
2340
2341
2342
2342
2343
2343
2343
2344
2344
2345
2345
2345
2346
2346
2348
2349
2350
2351
2352
2353
2354
2355
2355
2356
2356
2357
2357
2357
2357
2358
2358
2359
2359
2359
2359
2360
2360
2361
2361
2361
2362
2362
2362
2363
2363
2363
2364
2364
2364
2365
2365
2365
2365
2365
2366
2366
2366
2367
2367
2367
2368
2368
2368
2369
2369
2370
2370
2371
2371
2372
2372
2372
2373
2374
2374
2375
2375
2375
2376
2376
2376
2377
2377
2377
2378
2378
2378
2379
2379
2379
2380
2381
2382
2382
2383
2383
2384
2385
2385
2386
2386
2387
2387
2388
2389
2389
2390
2390
2391
2391
2392
2393
2393
2393
2394
2394
2395
2395
2395
2396
2396
2396
2397
2397
2397
2397
2398
2398
2398
2399
2399
2399
2400
2400
2400
2401
2401
2401
2402
2402
2403
2403
2404
2404
2405
2405
2405
2406
2407
2407
2407
2408
2409
2409
2411
2412
2412
2413
2414
2414
2414
2415
2415
2416
2417
2417
2417
2418
2418
2418
2419
2419
2419
2420
2421
2421
2421
2422
2422
2422
2423
2423
2423
2424
2424
2425
2425
2425
2426
2426
2427
2427
2427
2428
2428
2429
2429
2430
2430
2431
2431
2432
2432
2433
2433
2434
2435
2436
2437
2438
2439
2440
2441
2442
2443
2443
2443
2444
2444
2445
2445
2445
2446
2446
2446
2447
2447
2447
2448
2449
2449
2450
2451
2452
2452
2452
2453
2454
2454
2455
2455
2456
2456
2456
2456
2457
2457
2458
2458
2458
2459
2460
2461
2461
2461
2462
2463
2463
2463
2464
2464
2464
2464
2465
2465
2465
2466
2467
2467
2468
2468
2468
2469
2469
2469
2470
2471
2471
2472
2472
2472
2473
2473
2474
2474
2474
2474
2475
2475
2476
2476
2476
2477
2477
2477
2478
2479
2479
2480
2480
2480
2481
2481
2482
2482
2482
2482
2483
2483
2483
2484
2484
2484
2485
2486
2486
2487
2487
2487
2488
2488
2489
2489
2489
2489
2490
2491
2491
2492
2492
2493
2493
2493
2493
2494
2494
2495
2495
2495
2495
2496
2496
2496
2497
2497
2497
2498
2498
2498
2499
2499
2499
2500
2500
2501
2501
2501
2502
2502
2503
2504
2504
2505
2505
2506
2506
2507
2507
2507
2508
2508
2509
2510
2510
2510
2511
2512
2512
2513
2513
2514
2514
2515
2516
2516
2517
2518
2518
2518
2518
2519
2519
2519
2520
2520
2520
2521
2522
2523
2524
2524
2525
2525
2526
2526
2526
2526
2527
2527
2527
2528
2528
2529
2529
2529
2529
2530
2530
2531
2531
2532
2532
2532
2533
2533
2534
2534
2534
2535
2535
2536
2536
2536
2536
2537
2537
2538
2538
2539
2539
2539
2540
2540
2540
2540
2541
2541
2542
2542
2543
2543
2543
2544
2544
2545
2545
2545
2546
2546
2547
2549
2550
2550
2551
2551
2552
2552
2552
2553
2553
2553
2554
2554
2554
2554
2555
2555
2556
2557
2557
2559
2560
2561
2561
2562
2563
2563
2564
2565
2565
2566
2567
2567
2567
2568
2568
2569
2570
2570
2570
2571
2571
2571
2572
2572
2572
2573
2574
2574
2575
2575
2575
2576
2576
2577
2577
2577
2577
2578
2578
2579
2579
2579
2580
2580
2580
2581
2581
2581
2582
2582
2582
2582
2583
2583
2583
2584
2584
2585
2585
2586
2586
2587
2588
2588
2589
2589
2590
2591
2591
2592
2592
2593
2594
2594
2595
2595
2596
2596
2597
2597
2598
2598
2598
2598
2599
2599
2600
2600
2601
2601
2602
2604
2604
2606
2607
2608
2608
2610
2611
2612
2612
2613
2613
2614
2614
2615
2615
2616
2616
2617
2617
2617
2617
2618
2618
2619
2619
2620
2620
2620
2621
2621
2622
2622
2622
2623
2623
2623
2624
2625
2625
2625
2625
2626
2626
2627
2628
2628
2629
2629
2630
2630
2630
2630
2631
2632
2632
2632
2633
2633
2634
2634
2634
2634
2635
2636
2636
2636
2636
2637
2637
2638
2638
2638
2640
2641
2641
2642
2642
2643
2643
2643
2643
2644
2644
2645
2645
2646
2647
2647
2648
2648
2649
2649
2649
2650
2651
2651
2651
2652
2652
2652
2653
2653
2653
2653
2654
2654
2655
2655
2656
2656
2657
2657
2658
2658
2658
2659
2659
2660
2661
2661
2661
2662
2662
2662
2663
2664
2664
2665
2665
2666
2666
2666
2667
2668
2669
2670
2671
2671
2672
2672
2673
2674
2674
2674
2675
2675
2676
2677
2677
2678
2678
2679
2679
2679
2679
2680
2681
2681
2682
2682
2682
2683
2684
2684
2684
2685
2686
2686
2687
2687
2689
2690
2690
2690
2691
2691
2691
2692
2692
2693
2693
2693
2694
2694
2694
2694
2695
2696
2696
2697
2698
2698
2698
2699
2700
2701
2701
2701
2702
2703
2703
2705
2705
2706
2706
2706
2707
2707
2708
2708
2708
2708
2709
2709
2710
2710
2711
2711
2712
2712
2712
2712
2713
2713
2713
2714
2714
2716
2716
2717
2717
2718
2718
2718
2719
2719
2720
2720
2721
2721
2722
2723
2724
2726
2728
2728
2729
2729
2729
2730
2730
2731
2731
2731
2732
2732
2732
2733
2734
2735
2735
2736
2736
2736
2737
2737
2738
2738
2738
2739
2739
2739
2740
2741
2741
2741
2742
2742
2742
2743
2743
2744
2744
2745
2746
2746
2746
2747
2747
2747
2748
2748
2749
2750
2750
2750
2750
2751
2751
2751
2752
2752
2753
2754
2754
2754
2755
2755
2756
2756
2756
2757
2757
2758
2758
2759
2759
2759
2760
2760
2760
2761
2761
2761
2762
2763
2763
2763
2764
2765
2765
2766
2766
2767
2767
2767
2767
2768
2769
2769
2769
2769
2770
2770
2770
2771
2772
2772
2772
2773
2773
2774
2774
2774
2775
2775
2775
2776
2776
2776
2777
2777
2777
2778
2778
2780
2781
2782
2782
2782
2783
2783
2784
2784
2785
2785
2785
2785
2786
2786
2787
2787
2788
2789
2790
2790
2791
2791
2792
2792
2794
2794
2794
2794
2795
2795
2796
2796
2796
2796
2797
2797
2797
2798
2798
2798
2799
2799
2800
2800
2801
2801
2802
2802
2802
2803
2804
2804
2805
2805
2806
2806
2806
2807
2808
2808
2808
2809
2809
2810
2810
2810
2810
2811
2811
2811
2812
2812
2813
2813
2813
2814
2814
2814
2815
2815
2815
2815
2816
2816
2817
2817
2818
2818
2818
2819
2819
2820
2820
2820
2821
2821
2821
2822
2822
2822
2823
2823
2825
2825
2826
2826
2826
2827
2828
2828
2828
2829
2830
2830
2831
2831
2833
2833
2834
2834
2834
2835
2836
2836
2836
2837
2838
2838
2839
2839
2841
2842
2843
2844
2845
2845
2846
2846
2847
2848
2848
2848
2849
2849
2850
2850
2850
2851
2851
2851
2852
2852
2853
2853
2853
2854
2854
2854
2855
2855
2856
2856
2856
2856
2857
2857
2858
2858
2859
2859
2859
2860
2860
2860
2861
2861
2861
2862
2862
2863
2863
2863
2863
2864
2865
2865
2865
2866
2866
2866
2867
2867
2867
2868
2868
2868
2869
2869
2869
2870
2871
2871
2872
2872
2872
2873
2873
2874
2874
2874
2874
2875
2875
2876
2876
2877
2879
2881
2881
2881
2881
2882
2882
2883
2883
2883
2884
2884
2885
2886
2886
2887
2887
2887
2888
2888
2889
2891
2892
2893
2894
2895
2895
2895
2896
2896
2897
2897
2898
2899
2899
2899
2900
2900
2901
2901
2901
2902
2902
2904
2904
2905
2905
2906
2906
2906
2907
2908
2909
2910
2911
2912
2913
2914
2914
2914
2915
2915
2916
2916
2917
2918
2919
2919
2919
2920
2920
2921
2921
2921
2921
2922
2922
2923
2923
2924
2924
2924
2925
2925
2926
2926
2926
2927
2927
2927
2927
2928
2928
2929
2929
2930
2930
2930
2931
2931
2931
2932
2932
2933
2933
2933
2933
2934
2934
2934
2935
2935
2935
2937
2938
2938
2939
2939
2939
2940
2940
2941
2941
2942
2943
2943
2943
2944
2944
2944
2945
2945
2946
2947
2948
2948
2949
2949
2950
2950
2950
2951
2951
2951
2952
2952
2952
2953
2953
2955
2956
2956
2957
2957
2958
2958
2958
2959
2959
2959
2960
2960
2960
2961
2961
2963
2964
2964
2964
2965
2966
2966
2966
2967
2968
2968
2969
2969
2970
2970
2970
2970
2971
2971
2971
2972
2972
2973
2973
2973
2974
2975
2975
2976
2976
2977
2977
2977
2977
2978
2978
2978
2979
2979
2980
2981
2981
2981
2982
2982
2983
2983
2983
2984
2984
2985
2985
2986
2986
2987
2987
2987
2988
2989
2989
2989
2990
2990
2990
2991
2991
2992
2993
2993
2993
2994
2994
2995
2995
2995
2996
2996
2997
2997
2997
2998
2998
2998
2999
2999
2999
3000
3000
3001
3001
3001
3002
3003
3003
3003
3004
3005
3005
3006
3006
3008
3008
3010
3010
3010
3010
3011
3012
3012
3013
3013
3013
3014
3014
3014
3015
3016
3016
3016
3017
3017
3017
3018
3018
3018
3019
3019
3020
3020
3021
3021
3022
3022
3022
3023
3023
3024
3025
3026
3026
3027
3027
3028
3028
3030
3030
3030
3031
3031
3031
3032
3032
3032
3033
3034
3034
3035
3035
3036
3036
3036
3037
3037
3037
3038
3038
3038
3038
3038
3039
3039
3039
3040
3040
3041
3041
3042
3042
3042
3042
3043
3043
3044
3045
3045
3045
3046
3046
3046
3047
3047
3047
3048
3049
3050
3050
3050
3051
3051
3052
3052
3053
3054
3054
3054
3055
3056
3056
3057
3057
3057
3058
3058
3058
3059
3059
3060
3060
3060
3061
3061
3061
3062
3062
3063
3063
3063
3063
3064
3064
3065
3065
3065
3066
3066
3066
3067
3067
3067
3068
3068
3068
3069
3069
3070
3070
3070
3070
3071
3071
3072
3072
3072
3072
3073
3073
3073
3074
3074
3074
3075
3075
3076
3076
3076
3078
3079
3080
3080
3081
3081
3082
3083
3083
3083
3084
3084
3085
3086
3086
3087
3087
3087
3088
3089
3089
3089
3090
3090
3091
3092
3092
3093
3093
3093
3094
3095
3095
3095
3096
3096
3097
3098
3098
3100
3101
3102
3102
3102
3103
3103
3104
3104
3104
3105
3105
3105
3106
3106
3107
3107
3107
3107
3108
3108
3109
3109
3110
3110
3110
3111
3111
3112
3112
3112
3112
3113
3113
3114
3114
3114
3115
3115
3115
3116
3116
3117
3117
3118
3118
3119
3119
3119
3120
3120
3121
3122
3123
3124
3125
3126
3127
3128
3129
3130
3130
3130
3131
3131
3131
3132
3132
3133
3133
3133
3134
3134
3134
3135
3135
3135
3136
3136
3136
3137
3137
3137
3138
3138
3139
3139
3140
3140
3141
3141
3142
3144
3144
3145
3145
3145
3146
3146
3147
3147
3148
3148
3150
3150
3150
3151
3151
3152
3152
3153
3154
3154
3154
3155
3155
3156
3156
3156
3157
3158
3159
3159
3160
3160
3160
3161
3161
3162
3162
3163
3164
3164
3164
3165
3165
3165
3166
3166
3167
3168
3169
3169
3169
3170
3170
3170
3171
3171
3172
3172
3173
3174
3174
3175
3175
3176
3178
3179
3180
3181
3181
3181
3182
3182
3183
3183
3183
3183
3184
3185
3186
3187
3187
3188
3188
3189
3189
3189
3190
3191
3191
3191
3192
3193
3193
3194
3194
3195
3195
3195
3196
3196
3197
3197
3198
3198
3199
3199
3199
3200
3200
3200
3201
3202
3202
3202
3203
3203
3204
3204
3204
3205
3205
3206
3206
3206
3207
3208
3208
3209
3210
3210
3210
3210
3211
3211
3211
3212
3212
3212
3213
3213
3213
3214
3214
3214
3215
3216
3216
3216
3217
3218
3218
3219
3219
3220
3220
3220
3221
3221
3221
3222
3222
3224
3225
3226
3227
3228
3229
3230
3231
3232
3233
3233
3234
3234
3234
3236
3237
3238
3239
3240
3242
3242
3242
3243
3243
3244
3245
3246
3247
3248
3248
3249
3249
3250
3250
3250
3251
3251
3253
3256
3256
3256
3257
3257
3258
3259
3259
3260
3260
3260
3261
3261
3261
3261
3262
3262
3262
3263
3263
3264
3264
3265
3265
3265
3266
3266
3266
3267
3267
3267
3268
3268
3268
3269
3269
3270
3271
3271
3271
3272
3272
3273
3273
3273
3273
3274
3274
3275
3275
3276
3276
3277
3277
3277
3278
3278
3278
3279
3279
3280
3280
3280
3280
3281
3281
3282
3282
3283
3283
3283
3284
3285
3285
3286
3288
3289
3290
3291
3291
3292
3294
3295
3296
3297
3297
3298
3298
3299
3299
3299
3300
3300
3300
3300
3301
3301
3301
3302
3302
3302
3303
3303
3304
3304
3305
3306
3306
3307
3308
3308
3309
3310
3310
3311
3312
3312
3312
3313
3313
3313
3314
3314
3314
3315
3315
3315
3316
3316
3316
3317
3317
3317
3318
3318
3318
3319
3319
3320
3320
3321
3322
3323
3324
3325
3326
3327
3327
3328
3328
3329
3329
3329
3330
3330
3331
3331
3331
3331
3332
3332
3333
3333
3334
3334
3334
3334
3335
3335
3336
3337
3338
3339
3340
3340
3340
3341
3341
3341
3342
3342
3343
3343
3343
3344
3344
3345
3345
3346
3347
3347
3348
3348
3348
3349
3349
3350
3350
3350
3351
3352
3352
3353
3353
3354
3354
3354
3355
3356
3357
3358
3360
3360
3361
3362
3362
3363
3363
3364
3364
3366
3367
3368
3369
3371
3371
3372
3372
3373
3373
3374
3374
3374
3375
3375
3376
3377
3377
3378
3378
3378
3379
3380
3380
3381
3383
3384
3385
3387
3388
3388
3388
3389
3389
3389
3390
3390
3390
3391
3391
3392
3392
3393
3393
3394
3394
3395
3396
3396
3397
3397
3398
3398
3399
3399
3400
3402
3403
3404
6
6
19
5
5
7
16
16
17
17
18
18
19
20
20
26
26
27
27
28
28
32
29
32
33
34
35
36
37
37
38
38
39
39
46
47
47
48
48
49
52
53
58
61
78
80
79
61
62
62
63
66
67
75
75
96
100
76
76
77
77
93
78
79
80
81
82
83
84
85
85
88
88
89
89
92
92
94
93
94
124
126
121
123
95
101
100
101
113
109
109
113
114
114
115
115
121
126
129
129
144
130
130
131
135
138
141
143
147
147
148
148
149
150
149
150
194
238
151
191
161
162
163
164
165
166
167
168
169
169
172
172
173
196
177
181
181
182
182
185
186
191
195
196
197
197
198
198
199
199
271
201
200
200
201
202
203
206
207
208
202
205
203
204
204
205
216
219
207
210
206
211
208
209
209
210
211
220
232
231
216
217
218
219
220
227
223
223
224
224
227
228
228
229
229
239
300
230
230
231
232
236
233
238
338
337
322
242
239
242
324
243
243
247
244
250
244
251
251
252
252
257
257
258
258
259
259
260
260
261
261
262
262
267
268
269
270
293
284
283
274
271
274
279
354
275
353
283
284
287
288
293
294
294
295
295
324
336
299
299
300
306
306
310
307
309
307
313
317
314
314
317
322
323
323
327
328
332
333
336
439
436
340
443
337
340
338
339
339
345
345
349
351
346
348
348
349
352
353
354
355
355
356
356
357
358
359
362
362
363
363
369
369
370
370
379
379
381
385
382
389
387
389
382
386
390
390
391
391
395
392
422
392
552
402
403
401
401
419
403
420
548
402
549
408
408
431
409
434
409
410
410
446
411
411
412
412
414
499
413
413
414
415
415
416
416
671
676
677
736
672
418
417
423
423
427
424
428
430
430
429
429
517
435
508
436
438
442
443
446
447
449
449
543
694
697
500
700
450
450
454
455
456
461
465
464
463
462
462
463
465
464
466
467
468
469
471
471
472
472
478
477
477
478
483
484
486
485
485
486
487
487
490
490
494
588
491
497
497
588
498
498
499
500
501
501
506
502
502
503
503
506
507
507
898
706
703
515
514
508
513
514
515
516
525
526
526
527
527
536
535
534
535
564
534
563
528
540
540
541
542
543
551
552
555
744
556
556
680
557
681
557
558
559
558
684
559
685
756
753
749
748
743
560
560
688
561
689
561
562
562
806
570
570
571
571
575
575
576
579
580
580
583
583
584
587
589
589
596
591
591
592
592
599
600
600
601
601
610
603
603
604
604
606
606
652
655
613
614
614
615
616
617
618
619
619
622
622
623
623
626
626
768
778
767
627
627
630
630
631
767
635
639
639
640
640
643
644
652
653
653
654
654
655
658
658
659
659
661
660
660
661
664
664
665
665
667
666
666
667
670
670
863
742
861
862
735
735
671
694
695
696
697
700
701
702
703
706
900
710
707
709
707
715
715
716
716
718
717
719
729
720
720
724
721
727
721
728
728
729
897
896
895
894
893
892
731
891
730
730
732
731
732
734
965
860
752
757
859
870
869
964
963
963
972
964
971
965
969
734
968
760
812
811
810
817
761
761
807
820
821
816
876
880
762
762
765
765
766
766
769
779
770
770
771
771
781
785
772
784
778
779
784
785
791
794
796
796
797
797
985
798
824
826
825
825
833
826
832
845
846
831
830
828
827
827
837
828
839
847
850
829
851
852
853
854
855
856
857
858
875
960
1059
1064
962
961
1058
1065
883
886
876
878
878
879
879
880
883
884
884
885
885
886
889
889
1000
890
890
891
892
893
894
895
896
897
898
899
906
907
908
913
1089
1088
934
933
926
925
915
914
914
918
915
922
917
916
916
917
925
929
926
928
933
937
934
936
946
947
948
950
950
949
949
953
951
951
1086
952
961
962
974
975
980
981
982
983
987
985
984
984
1020
1017
986
986
987
994
994
999
998
995
995
996
996
1173
997
997
998
999
1000
1008
1009
1012
1013
1017
1020
1027
1027
1031
1032
1041
1037
1030
1029
1046
1049
1042
1053
1028
1037
1039
1038
1046
1047
1048
1049
1054
1055
1056
1057
1208
1209
1214
1215
1219
1200
1204
1230
1233
1065
1069
1058
1068
1071
1071
1077
1072
1078
1078
1127
1130
1107
1108
1080
1079
1079
1113
1080
1115
1082
1081
1081
1240
1082
1241
1120
1112
1118
1119
1265
1264
1269
1268
1084
1083
1083
1244
1084
1085
1086
1087
1087
1088
1093
1089
1096
1099
1090
1099
1100
1123
1124
1126
1127
1130
1131
1133
1133
1289
1288
1293
1292
1361
1363
1364
1369
1368
1273
1272
1285
1245
1248
1134
1134
1157
1135
1158
1135
1140
1140
1161
1141
1162
1141
1142
1142
1143
1146
1147
1152
1170
1169
1153
1165
1153
1166
1169
1456
1170
1459
1173
1177
1177
1378
1382
1372
1373
1178
1178
1179
1179
1180
1180
1181
1181
1196
1182
1183
1184
1184
1187
1187
1188
1191
1189
1190
1190
1191
1196
1315
1198
1199
1220
1225
1226
1237
1236
1197
1200
1201
1204
1205
1230
1231
1232
1233
1248
1249
1250
1253
1253
1252
1251
1251
1252
1256
1257
1276
1284
1277
1281
1277
1278
1278
1282
1283
1295
1297
1297
1296
1484
1485
1485
1487
1482
1484
1296
1300
1302
1307
1306
1305
1304
1496
1497
1303
1312
1312
1319
1318
1319
1399
1398
1320
1320
1330
1321
1333
1321
1322
1322
1334
1323
1336
1323
1339
1340
1326
1325
1343
1324
1339
1353
1340
1352
1341
1341
1357
1351
1344
1349
1342
1350
1357
1510
1512
1554
1555
1560
1559
1565
1553
1552
1362
1552
1562
1362
1549
1359
1361
1358
1371
1416
1371
1419
1419
1673
1422
1890
1423
1893
1423
1425
1420
1422
1420
1676
1425
1681
1377
1387
1373
1377
1372
1378
1374
1374
1375
1375
1394
1376
1376
1382
1385
1384
1383
1386
1387
1390
1390
1392
1391
1391
1392
1393
1393
1394
1402
1402
1407
1403
1408
1409
1403
1430
1429
1429
1433
1430
1432
1405
1407
1404
1415
1416
1426
1426
1684
1427
1689
1427
1694
1693
1428
1872
1870
1872
1428
1869
1437
1438
1438
1439
1439
1866
1443
1443
1865
1862
1864
1571
1570
1578
1577
1611
1592
1585
1444
1586
1444
1445
1445
1588
1584
1593
1446
1446
1597
1447
1600
1447
1623
1449
1448
1448
1449
1450
1453
1455
1626
1455
1454
1454
1629
1460
1461
1461
1462
1462
1636
1643
1640
1707
1463
1463
1468
1468
1708
1707
1710
1470
1469
1472
1474
1474
1478
1478
1479
1479
1480
1480
1481
1481
1660
1488
1490
1490
1489
1544
1545
1545
1547
1544
1548
1489
1493
1501
1506
1505
1504
1503
1521
1526
1502
1512
1513
1513
1519
1514
1514
1515
1520
1515
1527
1529
1529
1534
1533
1532
1539
1531
1540
1655
1530
1553
1563
1614
1564
1564
1565
1566
1581
1609
1610
1620
1608
1607
1583
1604
1605
1582
1606
1614
1616
1615
1621
1621
1622
1622
1624
1623
1712
1624
1713
1746
1741
1742
1745
1757
1625
1625
1640
1641
1642
1643
1646
1646
1647
1647
1651
1648
1765
1648
1656
1657
1658
1659
1931
1936
1660
1667
1667
1668
1668
1816
1813
1669
1669
1670
1670
1846
1849
1733
1736
1959
1954
1955
1958
1963
1671
1673
1676
1678
1687
1689
1684
1686
1677
1681
1693
1948
1694
1951
1702
1702
1708
1709
1720
1729
1971
1970
1975
1976
1987
1721
1721
1752
1750
1749
1755
1756
1992
1991
1986
1727
1728
1728
1979
1727
1980
1725
1722
1732
1733
1736
1737
1738
1739
1739
2051
2200
1962
1761
1808
1807
1806
1762
1762
1804
1763
1805
1763
1825
1764
1764
1768
1769
1772
1772
1773
1773
1777
1774
1780
1774
1781
1781
1783
1782
1786
1786
1787
1787
1791
1788
1794
1788
1795
1795
1797
1796
1812
1825
1840
1813
1818
1816
1817
1823
1824
1824
1826
1826
1827
2047
1827
2046
1828
1828
1829
2615
1829
2616
1839
2448
2447
2448
1840
1843
1841
1841
1842
1845
1846
1849
1850
1852
1852
1857
2298
1853
1856
1853
1854
1854
1855
1857
1858
1859
1858
1859
2067
2114
2066
2119
1930
1860
1929
1860
1861
1861
2068
2097
2071
2102
2072
2106
2075
2111
1926
1911
1910
1882
1881
1862
1873
1873
1877
1878
1882
1879
1881
1900
1901
1901
1903
1898
1900
1877
1897
1874
1890
1891
1892
1893
1909
1910
1911
1920
1912
1917
1915
1917
1912
1914
1918
1919
1926
2090
2166
2165
1937
1942
2178
2179
2184
2183
1927
1927
1943
1928
1948
1949
1950
1951
1966
2193
2190
1968
2030
2029
2028
2027
2022
2007
2002
2001
2006
2012
2000
1999
1985
1984
1969
2021
2020
2000
2010
1997
1999
1985
1995
1984
1996
1969
1981
2011
2012
2015
2015
2019
2017
2019
2016
2035
2041
2044
2045
2620
2619
2624
2623
2660
2655
2645
2040
2039
2644
2037
2038
2654
2653
2652
2036
2036
2037
2038
2051
2052
2053
2055
2055
2054
2060
2054
2058
2059
2060
2063
2063
2202
2201
2206
2207
2217
2216
2221
2220
2065
2122
2064
2129
2064
2065
2066
2067
2068
2071
2072
2075
2076
2078
2078
2240
2079
2241
2080
2141
2076
2132
2079
2080
2083
2083
2144
2084
2246
2085
2247
2086
2149
2084
2085
2086
2089
2089
2152
2095
2090
2094
2095
2096
2096
2247
2249
2244
2246
2241
2243
2238
2240
2109
2111
2106
2108
2100
2102
2097
2099
2114
2115
2118
2119
2122
2126
2123
2299
2304
2124
2305
2123
2306
2124
2125
2129
2132
2138
2133
2327
2332
2134
2333
2133
2326
2134
2135
2339
2344
2136
2345
2135
2338
2136
2147
2149
2144
2146
2137
2141
2152
2380
2375
2154
2383
2153
2153
2252
2156
2253
2154
2156
2157
2157
2159
2159
2386
2158
2391
2158
2162
2162
2253
2255
2250
2252
2163
2163
2259
2164
2165
2166
2167
2170
2260
2262
2260
2265
2263
2265
2172
2171
2171
2177
2172
2176
2173
2173
2189
2194
2225
2224
2229
2228
2211
2210
2174
2174
2196
2175
2209
2210
2211
2509
2212
2508
2213
2212
2213
2507
2500
2501
2506
2499
2214
2256
2256
2257
2257
2275
2258
2266
2266
2277
2267
2276
2267
2277
2281
2278
2291
2291
2292
2292
2293
2293
2294
2294
2342
2344
2339
2341
2330
2332
2327
2329
2302
2304
2299
2301
2295
2298
2356
2356
2513
2358
2528
2357
2527
2357
2358
2521
2360
2359
2359
2360
2369
2361
2361
2362
2362
2402
2401
2366
2401
2367
2402
2368
2363
2363
2364
2364
2420
2400
2399
2399
2418
2365
2400
2374
2375
2376
2376
2408
2377
2377
2407
2378
2378
2413
2389
2391
2386
2388
2379
2383
2394
2394
2667
2395
2395
2414
2396
2396
2672
2680
2675
2680
2398
2397
2397
2398
2419
2419
2420
2421
2421
2422
2422
2426
2423
2445
2444
2444
2626
2445
2446
2447
2453
2453
2457
2454
2456
2454
2462
2462
2466
2464
2466
2463
2467
2467
2605
2473
2468
2475
2476
2481
2474
2490
2483
2471
2473
2468
2470
2482
2494
2489
2488
2486
2488
2483
2485
2495
2496
2497
2498
2513
2517
2514
2521
2520
2665
2519
2682
2518
2686
2518
2519
2520
2525
2525
2568
2662
2526
2526
2527
2528
2561
2530
2530
2532
2533
2537
2529
2529
2533
2534
2537
2538
2539
2541
2541
2540
2540
2544
2551
2552
2555
2552
2553
2553
2554
2564
2565
2568
2569
2570
2846
2571
2576
2730
2731
2731
2733
2728
2730
2574
2576
2571
2573
2577
2578
2737
2738
2585
2590
2580
2583
2579
2584
2580
2579
2581
2581
2591
2596
2743
2742
2747
2748
2940
2755
2752
2751
2756
2945
2939
2944
2932
3077
2867
2938
2866
2937
2741
2865
2597
2864
2582
2605
2606
2609
2609
2610
2625
2629
2635
2634
2633
2636
2637
2637
2696
2699
2702
2638
2648
2649
2651
2652
2716
2661
2802
2849
2801
2846
2798
2802
2799
2801
2662
2665
2666
2678
2679
2679
2681
2682
2685
2686
2691
2692
2692
2765
2758
2707
2708
2709
2719
2701
2725
2693
2699
2700
2700
2726
2717
2878
2878
2877
2720
2718
2759
2758
2759
2760
2760
2786
2786
2768
2771
2771
2770
2769
2769
2770
2772
2774
2773
2773
2774
2799
2826
2798
2830
2805
2905
2806
2906
2796
2806
2797
2805
2797
2834
2775
2793
2775
2776
2776
2792
2784
2785
2794
2795
2795
2816
2813
2819
2796
2838
2809
2809
3001
2812
3005
2811
3021
2810
3022
2810
2811
2812
2966
2965
2965
3081
2966
3084
2881
2882
2814
2813
2814
2882
3015
3014
3012
3014
3011
3015
2815
2819
2820
2822
2821
2821
2822
2825
2826
2829
2830
2833
2834
2837
2838
2849
2903
2859
2858
2850
2855
2853
2855
2850
2852
2856
2857
2858
2859
2860
2915
2863
2915
2860
2862
2864
2866
2865
2867
2932
2868
2873
2972
2971
2971
2975
2972
2974
2871
2873
2868
2870
2874
2875
2982
2983
3152
3151
3156
3155
2876
2876
2877
2879
2881
2896
2896
2900
2900
2916
2897
2901
2902
2905
2906
2920
2922
2922
2921
2921
2925
2926
2928
2928
2927
2927
2931
2949
2950
2950
2951
2951
2952
2957
2958
2958
2959
2959
2960
2969
2969
3087
3090
3216
2993
2992
2991
2970
2988
2988
3143
2970
2985
2989
2990
2996
3166
3161
3160
3165
3071
3168
2999
3159
2998
3158
2997
3076
2997
2998
2999
3071
3093
3219
3096
3220
3191
3221
3194
3249
3000
3001
3004
3005
3016
3017
3017
3018
3018
3027
3022
3024
3019
3021
3030
3030
3031
3031
3046
3035
3040
3040
3044
3036
3039
3036
3037
3037
3038
3043
3044
3045
3045
3108
3046
3047
3047
3133
3051
3051
3052
3055
3056
3056
3214
3215
3118
3213
3119
3212
3195
3250
3257
3263
3198
3188
3103
3066
3065
3057
3062
3060
3062
3057
3059
3063
3064
3065
3066
3067
3182
3070
3182
3067
3069
3080
3081
3084
3085
3086
3087
3090
3091
3092
3093
3096
3097
3103
3184
3183
3188
3146
3147
3176
3171
3170
3175
3105
3104
3104
3169
3105
3235
3106
3106
3111
3107
3111
3112
3113
3114
3114
3115
3115
3119
3121
3116
3118
3131
3132
3132
3275
3272
3272
3276
3134
3134
3133
3135
3135
3136
3136
3189
3190
3191
3194
3195
3197
3198
3202
3203
3207
3199
3241
3199
3203
3204
3207
3208
3209
3211
3303
3298
3301
3210
3302
3210
3211
3212
3213
3214
3215
3219
3216
3220
3221
3242
3242
3243
3243
3249
3250
3257
3258
3259
3260
3260
3262
3261
3292
3261
3262
3263
3298
3267
3266
3265
3264
3264
3265
3271
3278
3282
3267
3283
3266
3284
3277
3278
3281
3282
3292
3293
3299
3299
3300
3300
3301
3302
3303
3304
3307
3308
3311
3351
3353
3312
3329
3333
3313
3334
3312
3335
3313
3371
3376
3374
3376
3371
3373
3353
3373
3354
3374
3364
3381
3363
3378
3377
3382
3315
3314
3314
3315
3316
3317
3317
3316
3328
3329
3332
3333
3342
3346
3346
3345
3343
3345
3347
3348
3348
3349
3349
3358
3360
3364
3361
3363
3350
3354
3377
3378
3381
3382
3388
3388
3389
3389
3390
3390
3391
3391
3395
3394
3393
3392
0
8
1
2
3
4
8
21
9
9
30
10
10
45
11
50
11
51
44
12
12
57
13
64
13
65
56
70
15
71
14
22
22
23
23
35
36
25
24
24
25
30
31
31
33
34
40
40
98
42
41
41
42
108
107
43
106
43
44
54
51
54
55
55
56
68
59
60
65
68
69
69
71
87
70
86
72
72
73
73
91
90
132
136
137
142
97
96
95
102
74
105
74
97
98
99
99
102
103
103
225
104
104
105
106
107
108
110
112
111
154
119
117
116
116
170
117
171
118
118
119
180
183
184
179
178
174
120
226
120
122
122
123
125
124
125
127
127
240
128
241
128
132
133
133
134
134
136
137
139
139
140
140
142
144
145
146
143
145
146
151
192
157
153
158
152
155
156
160
159
158
273
157
272
159
282
160
285
174
175
175
176
176
178
179
187
184
187
188
188
276
280
286
281
195
194
193
189
189
321
190
190
192
193
212
215
212
213
213
214
214
215
217
218
221
221
234
222
235
222
246
225
226
233
234
235
236
308
305
245
237
237
240
241
245
246
248
248
249
249
253
254
256
255
266
265
264
263
263
292
264
297
265
296
266
451
276
277
277
278
278
280
281
289
286
289
290
290
291
457
291
298
298
453
301
301
302
302
303
303
330
329
331
304
334
304
329
330
305
311
308
311
312
312
315
316
313
315
316
318
318
319
319
347
346
351
350
350
366
347
367
343
320
320
321
325
325
335
326
437
326
327
394
328
331
332
333
334
437
335
341
341
444
342
445
342
343
344
344
352
357
358
359
361
360
360
361
364
364
365
365
366
367
377
378
376
375
368
371
368
373
371
372
372
373
504
374
374
375
376
377
378
380
398
383
384
388
393
393
394
396
396
421
407
400
399
397
397
398
399
400
404
405
452
406
406
407
419
420
421
425
426
432
432
433
433
438
439
510
440
440
448
441
544
441
509
442
538
444
445
447
537
448
452
453
457
458
458
459
459
460
460
466
467
468
469
470
473
473
568
470
567
474
474
475
482
475
476
479
488
489
480
480
492
493
493
495
492
496
481
481
482
495
496
504
505
505
509
510
511
511
512
512
518
519
522
521
520
520
521
522
523
523
537
566
524
538
524
529
530
531
531
532
532
533
691
539
539
541
542
544
545
545
693
546
698
546
547
547
549
550
551
554
553
554
565
566
567
651
568
656
572
576
569
657
569
572
573
573
662
574
574
577
577
579
578
578
581
581
584
585
586
587
590
593
594
595
602
607
608
609
663
668
582
669
582
585
586
594
595
597
597
598
598
628
629
641
638
637
636
632
642
764
763
792
618
620
621
617
605
605
608
609
611
611
612
612
615
616
620
621
624
624
625
625
632
633
633
634
634
636
637
645
642
645
646
646
793
647
647
699
648
704
648
649
649
705
650
901
650
651
903
656
657
662
663
668
669
673
674
675
678
679
680
745
681
750
682
683
684
754
685
755
686
687
688
759
689
809
690
691
692
692
708
693
695
696
698
722
723
699
701
702
704
923
919
705
708
711
711
712
712
713
714
722
723
725
725
726
726
733
733
737
738
740
739
741
745
746
747
750
751
754
755
758
759
768
777
780
769
772
783
775
774
773
773
877
774
881
775
882
776
887
776
777
789
780
788
782
781
782
783
786
786
787
787
788
789
888
993
992
988
790
983
790
792
793
795
795
799
800
804
802
801
801
802
803
803
804
805
806
818
807
819
808
809
813
814
815
818
819
822
823
823
832
833
834
842
835
836
837
841
838
839
840
840
841
842
843
844
848
849
864
865
866
867
868
871
872
873
874
877
881
882
887
888
899
900
924
927
901
902
902
903
904
904
905
905
906
907
908
909
909
910
910
911
911
912
912
913
919
920
920
921
921
923
924
930
927
930
931
931
932
935
1094
1095
1095
1097
1092
1094
935
939
932
938
938
939
940
941
942
943
944
945
954
954
955
955
956
956
957
957
958
959
966
967
968
969
970
971
972
973
974
975
976
977
982
989
978
978
979
979
1019
1018
981
980
988
989
1015
990
990
1396
991
991
992
993
1001
1001
1002
1002
1003
1003
1004
1004
1005
1005
1007
1010
1011
1014
1144
1006
1145
1006
1010
1007
1008
1009
1011
1012
1013
1014
1015
1395
1016
1016
1018
1019
1021
1021
1185
1022
1183
1022
1023
1023
1024
1024
1025
1025
1026
1033
1034
1035
1036
1038
1039
1040
1043
1044
1045
1047
1048
1050
1051
1052
1060
1061
1062
1063
1066
1067
1068
1069
1070
1073
1074
1075
1076
1091
1092
1097
1098
1101
1101
1102
1102
1103
1103
1104
1104
1105
1106
1109
1110
1111
1111
1113
1114
1115
1117
1116
1117
1121
1122
1123
1124
1125
1126
1128
1129
1131
1132
1136
1136
1137
1137
1139
1138
1138
1139
1143
1144
1145
1146
1147
1148
1148
1149
1149
1150
1150
1151
1151
1152
1154
1154
1155
1155
1156
1156
1159
1159
1160
1160
1163
1163
1164
1164
1167
1167
1168
1457
1168
1171
1171
1172
1172
1174
1174
1175
1176
1175
1176
1186
1182
1185
1186
1188
1192
1193
1189
1192
1193
1477
1476
1475
1194
1194
1666
1467
1466
1473
1195
1472
1195
1201
1202
1203
1205
1217
1212
1211
1206
1207
1207
1210
1210
1213
1213
1216
1216
1218
1221
1222
1223
1224
1227
1228
1229
1231
1232
1234
1235
1238
1239
1240
1263
1241
1270
1242
1243
1244
1271
1245
1286
1246
1247
1259
1254
1255
1258
1262
1261
1260
1259
1260
1261
1262
1271
1270
1263
1266
1267
1274
1275
1279
1280
1281
1574
1282
1573
1286
1287
1290
1291
1294
1295
1298
1299
1300
1301
1308
1309
1310
1311
1397
1313
1313
1314
1314
1316
1316
1317
1317
1327
1327
1328
1328
1329
1333
1330
1331
1332
1334
1335
1336
1337
1338
1345
1345
1346
1347
1348
1348
1350
1351
1352
1353
1354
1355
1356
1358
1359
1360
1365
1366
1367
1370
1379
1379
1381
1380
1388
1380
1388
1381
1383
1384
1635
1634
1385
1650
1386
1389
1389
1395
1396
1465
1397
1400
1401
1406
1410
1410
1411
1411
1412
1412
1413
1413
1415
1414
1414
1417
1417
1699
1418
1418
1421
1421
1424
1424
1431
1434
1435
1435
1436
1436
1440
1440
1441
1441
1442
1867
1442
1451
1452
1457
1458
1458
1464
1464
1465
1466
1704
1467
1469
1470
1471
1471
1473
1475
1665
1476
1664
1477
1663
1488
1487
1482
1483
1486
1491
1492
1493
1494
1495
1498
1499
1500
1507
1507
1508
1508
1509
1510
1511
1516
1517
1518
1519
1520
1522
1522
1523
1524
1525
1525
1527
1528
1535
1536
1537
1538
1541
1542
1543
1546
1547
1548
1549
1550
1551
1556
1557
1558
1561
1562
1563
1566
1567
1568
1569
1572
1573
1574
1575
1576
1579
1580
1586
1587
1590
1588
1595
1589
1595
1590
1591
1594
1596
1596
1597
1598
1599
1600
1601
1601
1602
1603
1612
1613
1615
1616
1617
1618
1619
1627
1628
1630
1630
1631
1631
1632
1632
1633
1633
1634
1638
1635
1637
1637
1638
1639
1644
1645
1649
1649
1650
1652
1652
1653
1654
1661
1661
1662
1662
1663
1664
1665
1666
1671
1672
1672
1674
1674
1675
1675
1677
1678
1679
1679
1680
1680
1682
1682
1683
1692
1683
1685
1685
1686
1687
1688
1688
1690
1690
1691
1691
1692
1695
1695
1696
1696
1697
1697
1698
1698
1699
1700
1700
1701
1701
1822
1821
1815
1814
1703
1703
1704
1706
1705
1705
1706
1709
1710
1790
1775
1776
1711
1712
1740
1713
1747
1714
1716
1715
1715
1716
1717
1718
1719
1722
1723
1724
1725
1726
1730
1731
1732
1734
1735
1737
1738
1740
1743
1744
1747
1748
1748
1750
1751
1752
1754
1753
1754
1758
1759
1760
1760
1766
1766
1770
1799
1767
1767
1771
1775
1776
1778
1778
1789
1779
1779
1784
1785
1789
1790
1792
1792
1793
1793
1798
1837
1836
1835
1834
1799
1800
1801
1802
1803
1804
1805
1811
1809
1810
1811
1812
2031
1814
1819
1815
1820
1817
1818
1819
1820
1821
1847
1822
1848
1823
2032
1830
1831
1832
1833
1834
1835
1836
1837
1838
1838
1844
1844
2451
1845
2452
1847
1848
1850
2455
1851
2604
1851
1863
1863
1867
1868
1871
1875
1876
1880
1880
1883
1883
1907
1906
1884
1884
1885
1885
1886
1886
1887
1887
1888
1888
1889
1889
1891
1892
1894
1894
1895
1895
1896
1896
1899
1902
1904
1904
1905
1905
1923
1908
1907
1906
1908
1913
1916
1921
1921
1922
1922
1923
1924
1924
1925
1925
1928
1929
1930
1932
1932
1933
1934
1935
1935
1938
1938
1939
1940
1941
1941
1943
1944
1945
1946
1947
1947
1949
1950
1952
1952
1953
1956
1957
1960
1961
1964
1965
1967
1972
1973
1974
1977
1983
1982
1978
1979
1980
1981
1988
1989
1990
1993
1998
1994
1995
1996
1997
2003
2004
2005
2008
2013
2009
2010
2011
2014
2016
2017
2018
2023
2024
2025
2026
2031
2032
2033
2034
2034
2042
2043
2046
2047
2048
2048
2049
2050
2052
2053
2056
2057
2058
2059
2061
2062
2069
2069
2070
2070
2073
2073
2074
2074
2077
2077
2081
2081
2082
2082
2087
2087
2088
2088
2091
2091
2092
2092
2093
2093
2098
2098
2099
2100
2101
2101
2103
2103
2104
2104
2105
2105
2107
2107
2108
2109
2110
2110
2112
2112
2113
2113
2115
2116
2116
2117
2117
2118
2120
2120
2121
2121
2125
2126
2127
2127
2128
2128
2130
2130
2131
2131
2137
2138
2139
2139
2140
2140
2142
2142
2143
2143
2145
2145
2146
2147
2148
2148
2150
2150
2151
2151
2155
2155
2160
2160
2161
2161
2168
2169
2175
2176
2177
2180
2181
2181
2182
2182
2185
2186
2187
2188
2188
2191
2192
2195
2195
2196
2197
2198
2199
2203
2204
2205
2208
2209
2226
2214
2215
2218
2219
2222
2223
2226
2227
2227
2230
2231
2231
2232
2232
2233
2233
2234
2234
2235
2235
2236
2236
2237
2237
2238
2239
2239
2242
2242
2243
2244
2245
2245
2248
2248
2249
2250
2271
2251
2251
2254
2254
2255
2261
2264
2268
2268
2269
2269
2270
2270
2271
2272
2272
2273
2273
2274
2274
2279
2280
2282
2282
2283
2283
2284
2284
2285
2285
2286
2286
2287
2288
2289
2290
2296
2297
2300
2303
2307
2307
2308
2308
2309
2309
2310
2310
2311
2311
2312
2312
2313
2313
2314
2314
2315
2315
2316
2317
2318
2319
2319
2320
2320
2321
2321
2322
2322
2323
2323
2324
2324
2325
2325
2328
2331
2334
2334
2335
2335
2336
2336
2337
2337
2340
2343
2346
2346
2347
2347
2348
2348
2349
2349
2350
2350
2351
2351
2352
2352
2353
2353
2354
2354
2355
2515
2355
2370
2371
2372
2372
2373
2373
2379
2380
2381
2381
2382
2382
2384
2384
2385
2385
2387
2387
2388
2389
2390
2390
2392
2392
2393
2522
2393
2403
2404
2405
2405
2406
2406
2409
2409
2410
2410
2411
2411
2412
2412
2415
2415
2416
2417
2424
2425
2427
2427
2428
2428
2429
2429
2430
2430
2431
2431
2432
2432
2433
2433
2434
2434
2435
2436
2437
2438
2439
2440
2441
2442
2443
2449
2450
2450
2451
2459
2452
2455
2458
2458
2459
2460
2461
2465
2469
2470
2471
2472
2477
2478
2479
2480
2484
2485
2486
2487
2491
2492
2493
2502
2502
2503
2504
2505
2505
2507
2508
2509
2510
2511
2512
2512
2514
2515
2516
2516
2517
2522
2523
2523
2524
2524
2531
2531
2535
2536
2542
2543
2545
2545
2546
2546
2547
2547
2548
2548
2558
2549
2549
2550
2558
2550
2556
2556
2557
2557
2559
2559
2560
2560
2569
2565
2564
2561
2562
2562
2563
2563
2566
2566
2567
2567
2570
2572
2573
2574
2575
2582
2583
2584
2586
2586
2587
2588
2589
2589
2592
2592
2593
2594
2595
2595
2597
2598
2599
2600
2601
2602
2603
2604
2606
2608
2607
2607
2608
2611
2611
2612
2612
2613
2613
2614
2614
2698
2697
2628
2627
2615
2618
2616
2617
2617
2618
2621
2622
2626
2631
2629
2630
2630
2631
2632
2639
2640
2640
2641
2642
2643
2646
2647
2648
2649
2650
2651
2656
2657
2658
2659
2663
2663
2687
2688
2664
2664
2666
2667
2668
2668
2669
2669
2670
2670
2671
2673
2671
2673
2674
2674
2676
2676
2677
2689
2677
2681
2683
2683
2684
2684
2685
2687
2688
2689
2690
2690
2694
2695
2696
2704
2702
2703
2703
2704
2705
2706
2710
2711
2712
2713
2714
2715
2716
2717
2721
2722
2723
2724
2726
2727
2728
2729
2732
2733
2734
2735
2736
2739
2740
2741
2745
2744
2745
2746
2746
2749
2750
2753
2754
2757
2762
2761
2763
2763
2764
2764
2766
2767
2777
2777
2778
2778
2779
2779
2781
2780
2780
2781
2782
2782
2783
2787
2788
2788
2789
2789
2790
2791
2791
2800
2800
2803
2803
2804
2804
2807
2807
2808
2808
2817
2818
2823
2823
2824
2824
3009
2825
2827
2827
2828
2828
2829
2831
2831
2832
2832
2835
2833
2835
2836
2836
2837
2839
2839
2840
2840
2841
2841
2842
2842
2843
2843
2844
2844
2845
2847
2845
2847
2848
2848
2851
2854
2861
2869
2870
2871
2872
2879
2880
2883
2884
2885
2886
2887
2887
2888
2888
2889
2889
2890
2890
2891
2891
2892
2892
2893
2893
2894
2894
2895
2895
2898
2898
2899
2917
2899
2901
2902
2903
2904
2904
2907
2907
2910
2909
2908
2908
2909
2910
2911
2911
2912
2912
2913
2913
2914
2918
2917
2918
2919
2919
2923
2924
2929
2930
2933
2934
2935
2936
2937
2938
2941
2942
2942
2943
2943
2946
2947
2947
2948
2948
2953
2953
2954
2954
2955
2955
2956
2956
2961
2961
2962
2962
2963
2963
2964
2964
2967
2967
2968
2968
2973
2974
2975
2976
2977
2978
2979
2980
2981
2984
2985
2986
2987
2994
2995
3002
3000
3002
3003
3003
3004
3006
3006
3007
3007
3008
3008
3009
3010
3013
3019
3020
3020
3023
3023
3024
3028
3029
3025
3029
3025
3026
3026
3028
3034
3033
3032
3034
3041
3042
3049
3048
3048
3049
3217
3050
3050
3052
3053
3053
3054
3054
3055
3058
3061
3068
3072
3073
3074
3075
3076
3077
3078
3078
3079
3079
3080
3082
3082
3083
3083
3085
3086
3088
3088
3089
3089
3091
3092
3099
3094
3094
3095
3095
3097
3098
3098
3099
3100
3100
3101
3101
3102
3185
3102
3109
3110
3116
3117
3117
3120
3120
3121
3129
3126
3125
3122
3122
3123
3123
3124
3124
3125
3126
3127
3127
3128
3128
3129
3130
3130
3137
3138
3139
3140
3141
3142
3143
3144
3145
3148
3149
3150
3150
3153
3154
3157
3157
3158
3159
3162
3163
3163
3164
3164
3167
3168
3169
3172
3173
3173
3174
3174
3177
3178
3178
3179
3179
3180
3180
3181
3236
3185
3186
3186
3187
3187
3189
3190
3192
3192
3193
3193
3196
3196
3197
3200
3200
3201
3201
3205
3206
3217
3218
3218
3222
3222
3223
3223
3224
3224
3225
3225
3226
3226
3227
3227
3228
3228
3229
3229
3252
3230
3230
3231
3231
3232
3232
3233
3234
3235
3236
3237
3237
3238
3238
3239
3239
3240
3240
3244
3245
3245
3246
3246
3247
3247
3248
3248
3251
3251
3252
3253
3253
3254
3254
3255
3255
3256
3256
3258
3259
3268
3268
3269
3269
3270
3270
3273
3274
3279
3280
3285
3285
3286
3286
3287
3287
3288
3288
3289
3289
3290
3290
3291
3291
3293
3294
3294
3295
3295
3296
3296
3297
3297
3304
3305
3305
3306
3306
3307
3308
3309
3309
3310
3310
3311
3318
3319
3320
3321
3322
3322
3323
3323
3324
3324
3325
3325
3326
3326
3327
3330
3327
3331
3336
3336
3337
3337
3338
3338
3339
3339
3340
3340
3341
3344
3350
3351
3352
3352
3355
3355
3356
3361
3356
3357
3359
3357
3359
3360
3362
3362
3365
3365
3366
3366
3367
3367
3368
3368
3370
3369
3369
3370
3372
3372
3375
3375
3379
3379
3380
3380
3383
3383
3384
3384
3385
3385
3386
3386
3387
3387
3396
3396
3397
3397
3398
3398
3399
3399
3400
3400
3401
3401
3402
3403
3405
3404
2287
2288
2289
2290
2316
2317
2318
2435
2436
2437
2438
2439
2440
2441
2442
2443
2762
2761
2787
2883
2884
2885
2886
3033
3032
3137
3138
3139
3140
3141
3142
3321
3318
3319
3320
3402
3391
3395
3396
3403
3405
3404
3404
1851
1852
2467
2604
2605
2606
2608
2609
2610
2611
2638
2639
2640
2700
2701
2726
2703
2718
2718
2720
2721
2723
2723
2724
2725
2726
2727
2876
2879
2880
2880
2987
2988
2989
3106
3143
3147
3148
3149
3174
3175
3176
3177
3206
3207
3209
3209
3235
3240
3241
3253
3243
3244
3244
3254
3254
3255
3291
3292
3293
3344
3345
3349
3357
3358
3359
3360
3364
3365
3370
3371
3376
3377
3380
3381
3382
3382
3386
3392
3393
3394
3395
111
154
152
153
155
156
254
253
255
256
256
257
266
267
476
489
488
479
590
593
602
764
763
641
638
629
628
607
764
765
793
794
979
978
1022
1023
1024
1025
1195
1195
1196
1472
1473
1474
1660
1661
1662
6
0
0
1
2
3
4
7
8
15
14
59
60
112
110
23
10
10
36
20
21
30
22
29
25
37
26
42
108
202
205
212
215
216
217
243
246
247
248
380
252
401
381
398
419
405
418
419
420
548
676
675
547
672
673
674
739
671
739
740
968
1027
1026
1038
1034
1031
1032
1033
1057
1320
1208
1207
1206
1398
1330
1331
1397
1311
1312
1315
1316
1314
1314
1313
1371
1419
1403
1410
1417
1416
1415
1699
1418
1671
1674
1673
1672
1671
1678
1677
1686
1687
1853
1702
2296
1857
1856
2309
2310
2287
2295
2296
2315
)


// ************************************************************************* //
