/*--------------------------------*- C++ -*----------------------------------*\
| =========                 |                                                 |
| \\      /  F ield         | OpenFOAM: The Open Source CFD Toolbox           |
|  \\    /   O peration     | Version:  2412                                  |
|   \\  /    A nd           | Website:  www.openfoam.com                      |
|    \\/     M anipulation  |                                                 |
\*---------------------------------------------------------------------------*/
FoamFile
{
    version     2.0;
    format      ascii;
    arch        "LSB;label=32;scalar=64";
    note        "nPoints:6357  nCells:3406  nFaces:13043  nInternalFaces:7393";
    class       labelList;
    location    "constant/claddingZone/polyMesh";
    object      neighbour;
}
// * * * * * * * * * * * * * * * * * * * * * * * * * * * * * * * * * * * * * //


7393
(
1
3
51
2
49
3
4
64
63
6
73
6
8
74
7
75
8
10
76
9
77
10
12
92
11
93
12
14
94
13
95
14
15
96
97
16
98
18
252
18
20
253
19
251
20
22
250
21
254
22
24
255
23
256
24
26
305
25
308
26
27
307
306
29
315
29
31
324
30
316
31
319
33
492
33
35
494
34
493
35
496
37
495
37
38
517
516
40
524
40
41
526
525
42
809
44
821
44
45
822
820
46
950
48
949
48
1315
1316
50
51
64
52
54
80
52
63
53
139
54
62
140
55
83
56
62
117
57
61
120
58
60
129
59
65
132
60
72
144
61
143
62
142
141
64
139
73
80
66
72
146
67
71
178
68
70
187
69
188
193
70
237
360
71
359
72
195
145
75
81
75
77
79
76
86
77
87
93
78
92
79
87
89
91
84
86
81
83
139
82
86
83
85
118
117
140
85
89
116
86
88
123
87
88
103
89
104
124
90
115
91
104
106
114
92
101
103
93
95
94
103
95
97
102
96
101
97
98
100
109
99
252
100
110
260
101
107
109
102
106
103
105
109
104
105
147
106
108
148
107
113
108
110
112
109
166
111
261
112
152
273
113
153
166
114
148
154
115
147
151
116
124
126
121
123
118
120
141
119
123
120
122
130
129
142
122
126
128
123
125
137
124
125
147
126
136
150
127
151
128
134
136
156
133
137
130
132
143
131
137
132
138
180
144
146
134
138
176
135
161
175
136
138
160
182
137
157
138
181
140
141
142
143
144
145
146
195
178
180
148
150
149
166
150
154
158
167
151
157
154
156
153
165
277
154
164
167
155
156
158
162
164
157
161
158
160
159
168
160
162
169
197
161
196
162
174
163
173
164
169
170
172
165
168
170
287
167
168
169
341
171
292
172
343
409
173
208
341
174
197
209
175
196
200
176
182
201
177
181
184
192
201
179
187
195
180
184
186
181
182
184
183
196
184
199
201
203
185
186
190
192
203
187
189
188
359
189
219
360
190
220
191
204
223
192
205
224
202
194
219
237
218
233
238
359
197
199
198
341
199
209
211
342
200
212
201
207
209
202
203
205
207
204
212
205
213
226
206
225
207
213
215
351
210
212
209
217
342
343
210
211
215
217
212
214
345
213
214
352
215
346
353
216
350
217
346
347
349
344
345
219
221
232
362
220
361
221
223
222
231
223
227
229
369
224
226
225
229
226
228
351
227
352
228
355
370
229
356
371
230
367
369
371
232
366
369
233
363
365
234
239
235
240
365
236
241
375
242
244
378
238
361
239
362
240
363
241
364
242
374
243
385
244
384
571
245
379
246
382
571
247
570
696
248
576
695
249
577
694
357
582
710
251
254
256
258
252
253
259
260
254
262
255
271
256
270
308
257
305
258
268
270
304
259
265
271
260
262
264
261
264
273
263
271
264
272
275
265
274
268
272
280
267
279
283
297
301
268
280
282
302
269
303
270
272
282
314
271
309
272
281
274
277
275
278
280
276
281
278
284
286
278
287
279
290
280
284
289
281
282
284
283
325
284
296
330
285
286
289
294
296
290
293
290
292
289
291
294
298
407
290
297
291
292
293
408
409
294
340
295
339
296
298
336
338
297
331
298
300
299
406
300
334
336
405
301
331
333
302
328
330
303
325
327
304
312
314
305
309
311
306
308
307
311
308
310
315
309
310
314
311
313
318
312
313
327
314
320
326
325
316
318
317
319
324
318
321
323
497
320
492
497
321
396
322
397
498
323
510
533
324
509
492
326
330
327
329
396
328
329
333
330
332
399
331
332
336
333
335
400
334
335
404
336
401
438
337
338
405
438
447
339
406
415
340
407
414
408
413
342
345
344
412
347
420
346
448
348
423
349
464
466
350
448
450
351
353
451
352
356
353
355
354
448
355
449
451
455
356
454
451
453
358
583
793
592
659
796
360
361
362
363
364
365
374
366
375
368
376
368
372
387
369
373
386
370
371
373
454
372
453
373
388
458
389
457
375
385
376
378
377
386
378
380
391
379
385
380
382
384
381
564
382
565
697
383
696
384
569
571
385
387
389
391
388
392
389
393
551
390
550
391
393
555
563
392
564
393
395
394
556
395
561
563
567
564
566
397
399
398
499
533
399
403
500
532
400
401
403
402
439
403
440
539
623
531
624
405
436
438
406
433
407
416
408
410
409
411
412
411
414
416
418
412
413
419
420
414
424
415
427
416
428
447
417
433
418
428
430
432
419
421
427
420
422
424
423
422
426
430
468
423
425
469
466
425
427
426
470
427
429
479
428
429
446
430
480
505
431
481
432
434
503
505
433
435
446
436
447
435
502
506
436
445
437
438
442
445
447
439
440
442
441
540
622
442
615
619
621
444
444
506
618
653
445
619
446
506
447
505
449
450
462
451
461
464
452
453
455
459
461
454
458
455
457
456
462
457
459
491
553
458
550
459
551
460
552
461
491
559
601
462
463
491
464
474
601
465
466
472
474
469
468
472
476
478
482
469
479
481
470
472
471
479
472
478
490
473
474
476
490
603
602
476
486
488
603
730
477
485
478
484
488
490
479
483
480
481
483
504
482
503
483
485
657
484
656
485
487
720
486
658
487
722
729
488
721
740
489
731
490
603
732
599
493
509
494
496
508
495
507
496
516
518
514
498
509
499
510
500
534
538
624
502
655
657
724
503
654
504
657
505
654
656
506
654
508
511
518
509
512
514
510
512
534
512
519
535
513
536
514
519
626
518
516
518
520
522
517
522
524
519
520
627
521
628
522
530
644
523
524
528
530
525
526
528
527
809
528
810
812
529
530
812
816
651
532
539
632
533
538
534
536
538
536
627
631
537
626
538
625
631
633
632
540
636
615
823
542
572
574
543
545
544
572
545
547
573
546
574
547
549
579
548
578
549
581
585
580
586
551
553
555
552
556
553
557
559
554
599
555
557
608
610
556
562
557
561
558
611
559
607
608
743
599
600
561
567
612
614
760
562
611
563
610
614
564
568
565
566
568
700
567
701
568
702
614
703
570
575
696
571
572
576
573
574
576
578
579
576
693
695
577
578
582
693
579
581
580
581
591
582
584
583
718
584
592
1020
585
589
591
586
588
587
591
588
590
596
589
595
590
592
594
591
665
593
1019
594
659
662
1018
595
663
665
596
598
597
665
598
664
666
663
667
608
601
605
607
602
603
605
604
605
730
732
734
733
607
743
744
745
733
609
610
741
743
611
613
612
743
613
742
761
614
741
762
759
616
827
617
619
835
618
839
852
619
652
844
620
621
652
835
622
827
623
823
624
636
632
626
630
639
627
628
630
629
644
630
641
645
631
640
634
633
636
634
637
639
635
640
637
643
825
637
823
638
824
639
643
830
640
641
643
642
646
643
647
832
831
645
651
646
650
647
649
648
919
649
929
935
650
928
651
815
816
839
843
654
844
846
655
656
719
846
657
720
658
720
722
724
661
805
661
673
675
957
662
808
663
675
1017
664
671
665
670
667
669
670
668
671
669
677
679
676
680
671
676
675
677
673
683
685
1001
674
1000
675
677
685
1015
1016
677
686
678
679
685
686
688
680
682
681
686
682
687
691
688
690
684
953
1012
685
688
1013
1022
1014
687
688
1021
689
690
952
1021
1022
691
951
692
1021
951
1024
1026
694
718
695
708
710
696
698
697
698
700
699
708
700
704
706
713
701
703
702
706
703
705
760
704
759
705
714
764
706
715
765
707
711
713
715
709
713
710
712
794
718
793
712
716
792
713
717
799
714
715
717
775
716
776
717
779
791
780
800
1020
720
724
847
851
721
722
851
856
723
728
724
851
858
726
756
865
867
890
727
755
862
864
728
738
859
861
729
856
858
730
738
740
731
737
732
736
740
735
734
745
735
737
746
736
747
737
739
753
738
752
739
755
740
754
861
856
742
769
743
744
768
749
770
746
749
747
750
752
748
753
750
758
871
750
872
751
873
752
756
758
879
753
755
754
758
755
757
862
756
757
880
758
867
869
870
760
762
764
761
765
762
766
768
763
769
764
766
772
774
765
775
766
776
767
777
768
771
772
784
769
770
772
771
872
785
875
773
774
782
784
775
777
781
776
780
777
779
778
784
779
781
783
789
780
790
781
969
782
970
783
975
784
786
788
785
786
884
787
887
788
888
976
789
973
975
790
970
972
791
967
969
792
800
802
797
799
794
796
1020
795
799
796
798
806
805
1019
798
802
804
799
801
961
800
801
969
802
962
968
803
967
804
962
964
966
959
961
806
808
1018
807
961
808
958
960
957
1017
810
821
811
945
812
817
944
813
814
816
817
815
927
933
816
928
933
943
819
942
944
947
820
945
946
821
822
945
946
950
824
827
825
828
830
826
831
828
834
837
828
835
829
836
830
834
842
831
832
834
833
919
834
920
923
922
836
839
837
840
842
838
922
840
925
1189
840
1187
841
1188
842
925
1200
922
844
849
1187
845
852
846
848
849
853
847
848
850
854
906
1194
1192
1194
851
906
908
857
853
1187
854
1192
855
1193
906
918
1209
857
861
858
860
908
859
860
864
861
863
909
862
863
867
864
866
912
865
866
891
867
892
913
868
869
890
892
894
870
880
895
871
877
879
873
876
873
875
874
879
875
876
878
883
884
877
885
878
895
897
879
881
898
880
881
890
889
895
899
883
886
887
900
1258
884
885
898
887
886
897
901
1259
888
1258
1260
890
894
905
1247
891
892
1247
893
1243
894
1246
1247
1249
895
1250
896
897
899
902
1250
898
901
899
900
903
905
901
903
1257
902
1264
903
1251
1265
904
1256
905
1251
1253
1255
1248
1250
907
1195
908
910
918
1196
909
910
912
911
917
1197
912
914
916
1198
913
914
1243
915
1199
1244
916
1236
1283
917
1233
918
1224
1221
920
935
921
936
923
926
1323
923
925
924
925
926
1202
1201
1212
1324
928
930
932
929
930
934
931
939
932
940
1313
933
1309
1308
935
937
939
936
937
1323
938
1322
939
1319
1321
940
1319
1774
942
1307
1308
1311
943
1306
944
1308
945
947
1317
1306
1318
949
1317
1754
1756
950
1316
1317
952
1027
1023
1024
1032
954
1022
1039
955
1023
1065
956
1033
1066
1034
1046
1069
958
1000
1016
995
999
960
964
994
961
963
995
962
963
981
964
982
996
965
993
966
982
984
992
967
979
981
968
972
969
971
981
970
971
975
972
974
980
973
979
974
976
978
975
987
977
1260
978
988
1271
979
985
987
980
984
981
983
987
982
983
1100
984
986
1101
985
991
986
988
990
987
1106
989
1274
990
1107
1399
991
1104
1106
992
1101
1103
993
1045
1100
994
996
1004
995
1003
996
998
997
1100
998
1004
1008
1099
999
1003
1007
1000
1002
1001
1015
1002
1012
1014
1007
1011
1004
1006
1005
1045
1006
1008
1042
1044
1007
1041
1008
1010
1009
1112
1010
1042
1059
1113
1011
1041
1058
1012
1040
1013
1039
1014
1038
1015
1016
1017
1018
1019
1020
1024
1023
1038
1033
1037
1025
1026
1030
1032
1027
1029
1028
1032
1029
1031
1084
1030
1085
1031
1090
1032
1034
1083
1033
1034
1036
1035
1082
1036
1069
1081
1037
1066
1038
1065
1039
1040
1065
1058
1064
1042
1057
1043
1060
1044
1113
1115
1123
1045
1110
1112
1099
1103
1047
1070
1082
1048
1073
1091
1049
1074
1092
1050
1077
1097
1051
1098
1451
1449
1454
1053
1161
1163
1165
1054
1158
1160
1055
1141
1143
1056
1138
1140
1057
1061
1063
1058
1060
1059
1063
1060
1062
1124
1061
1123
1062
1128
1138
1063
1127
1139
1064
1140
1065
1067
1066
1067
1069
1068
1140
1069
1071
1141
1070
1071
1073
1081
1072
1160
1073
1075
1161
1074
1080
1075
1077
1079
1076
1182
1077
1183
1452
1078
1451
1079
1097
1450
1080
1092
1081
1091
1082
1083
1091
1084
1088
1090
1085
1087
1086
1090
1087
1089
1095
1088
1094
1089
1091
1093
1090
1096
1092
1093
1097
1094
1096
1095
1096
1098
1449
1450
1100
1102
1112
1101
1102
1106
1103
1105
1111
1104
1110
1105
1107
1109
1106
1118
1108
1404
1109
1119
1415
1110
1116
1118
1111
1115
1112
1114
1118
1113
1114
1124
1115
1117
1125
1116
1122
1117
1119
1121
1118
1132
1120
1420
1121
1133
1469
1122
1130
1132
1123
1125
1129
1124
1128
1125
1127
1126
1132
1127
1129
1131
1147
1128
1146
1129
1137
1130
1136
1131
1133
1135
1132
1152
1134
1473
1135
1153
1485
1136
1150
1152
1137
1147
1149
1138
1144
1146
1139
1143
1140
1142
1146
1141
1142
1160
1143
1145
1159
1144
1158
1145
1149
1157
1146
1148
1168
1147
1148
1152
1149
1151
1169
1150
1156
1151
1153
1155
1152
1176
1154
1488
1155
1175
1620
1156
1172
1176
1157
1169
1171
1158
1166
1168
1159
1163
1160
1162
1168
1161
1162
1182
1163
1167
1181
1164
1166
1165
1181
1185
1464
1182
1184
1167
1171
1464
1168
1170
1180
1169
1170
1176
1171
1177
1179
1172
1465
1175
1177
1636
1174
1635
1678
1822
1175
1636
1821
1623
1177
1178
1179
1634
1636
1180
1465
1467
1181
1464
1468
1182
1186
1183
1184
1186
1459
1185
1460
1186
1463
1642
1468
1641
1188
1192
1189
1191
1200
1190
1201
1191
1204
1208
1192
1205
1207
1193
1194
1207
1209
1195
1196
1209
1197
1221
1198
1224
1199
1233
1236
1296
1201
1205
1202
1204
1203
1212
1204
1213
1215
1205
1214
1206
1207
1214
1218
1208
1210
1211
1214
1210
1221
1211
1218
1220
1217
1222
1213
1329
1332
1336
1215
1217
1216
1336
1217
1229
1337
1218
1228
1219
1220
1226
1228
1221
1222
1225
1224
1223
1228
1225
1227
1234
1225
1233
1226
1232
1227
1231
1228
1230
1240
1229
1230
1343
1241
1344
1232
1238
1240
1233
1234
1237
1236
1235
1240
1237
1239
1349
1237
1347
1238
1348
1239
1354
1240
1242
1522
1241
1242
1345
1346
1521
1244
1246
1245
1283
1296
1246
1284
1286
1297
1285
1248
1249
1253
1250
1252
1285
1251
1252
1291
1253
1288
1290
1295
1255
1267
1292
1294
1378
1256
1291
1295
1257
1265
1267
1258
1264
1268
1259
1261
1262
1264
1261
1271
1262
1268
1270
1263
1272
1264
1266
1268
1278
1265
1266
1291
1267
1279
1292
1268
1280
1269
1270
1276
1278
1280
1271
1272
1275
1274
1273
1278
1275
1277
1398
1275
1399
1276
1402
1277
1281
1401
1278
1282
1407
1279
1280
1282
1377
1281
1378
1282
1381
1409
1382
1408
1284
1347
1305
1351
1286
1288
1287
1298
1305
1288
1299
1302
1304
1289
1290
1300
1302
1291
1293
1295
1292
1293
1377
1294
1300
1376
1295
1379
1297
1347
1298
1351
1299
1393
1372
1392
1301
1375
1302
1373
1374
1519
1303
1372
1304
1391
1519
1305
1392
1393
1307
1760
1310
1761
1309
1311
1313
1311
1314
1768
1312
1313
1314
1776
1774
1769
1775
1316
1753
1756
1318
1754
1760
1320
1773
1321
1327
1780
1322
1326
1323
1325
1324
1325
1329
1326
1328
1327
1330
1355
1779
1329
1330
1333
1332
1331
1355
1333
1338
1356
1333
1335
1334
1335
1338
1340
1336
1341
1337
1341
1343
1339
1357
1340
1358
1360
1341
1363
1342
1343
1361
1363
1344
1345
1361
1346
1367
1368
1520
1348
1351
1349
1352
1354
1350
1522
1352
1394
1523
1352
1393
1353
1395
1354
1523
1531
1522
1356
1796
1357
1795
1358
1802
1359
1801
1360
1365
1976
1363
1364
1362
1367
1363
1364
1366
1365
1369
1560
1975
1367
1369
1371
1368
1371
1527
1370
1560
1371
1528
1561
1526
1373
1391
1386
1390
1375
1385
1386
1518
1376
1384
1377
1379
1383
1378
1382
1379
1381
1380
1381
1383
1429
1382
1428
1383
1431
1384
1430
1385
1445
1387
1446
1517
1387
1389
1388
1559
1389
1517
1556
1581
1390
1518
1553
1391
1519
1544
1392
1543
1393
1396
1395
1395
1397
1530
1396
1531
1397
1535
1543
1534
1542
1402
1405
1407
1402
1404
1401
1403
1406
1410
1417
1402
1407
1409
1403
1404
1405
1418
1415
1406
1414
1407
1411
1413
1408
1409
1411
1431
1410
1428
1411
1425
1427
1412
1432
1413
1423
1425
1439
1414
1417
1422
1418
1421
1418
1420
1417
1419
1422
1424
1476
1418
1425
1419
1420
1421
1470
1469
1422
1471
1423
1477
1424
1438
1478
1425
1437
1479
1426
1427
1435
1437
1439
1428
1432
1434
1429
1431
1430
1434
1431
1433
1445
1432
1433
1439
1434
1440
1444
1435
1436
1440
1437
1441
1503
1438
1500
1439
1441
1501
1440
1441
1443
1442
1502
1443
1510
1512
1444
1448
1445
1447
1446
1447
1516
1559
1448
1515
1558
1512
1514
1607
1457
1451
1457
1452
1454
1453
1459
1454
1455
1458
1457
1456
1646
1666
1698
1459
1644
1646
1648
1460
1641
1642
1644
1462
1643
1670
1672
1674
1463
1638
1640
1642
1464
1466
1468
1465
1466
1636
1467
1635
1638
1468
1634
1639
1640
1470
1473
1471
1474
1476
1472
1477
1474
1482
1484
1474
1485
1475
1486
1476
1480
1482
1492
1477
1479
1478
1482
1479
1481
1501
1480
1500
1481
1493
1499
1482
1494
1506
1483
1484
1490
1492
1494
1486
1489
1486
1488
1487
1492
1488
1489
1491
1621
1620
1490
1619
1491
1495
1618
1492
1496
1627
1493
1494
1496
1498
1495
1507
1496
1615
1617
1497
1628
1498
1615
1863
1865
1499
1507
1509
1500
1504
1506
1501
1503
1502
1506
1503
1505
1510
1504
1505
1509
1506
1508
1609
1507
1508
1615
1509
1612
1614
1865
1511
1609
1512
1610
1661
1663
1513
1608
1514
1651
1661
1515
1606
1516
1580
1517
1581
1518
1519
1521
1527
1539
1522
1524
1523
1524
1530
1532
1539
1526
1529
1538
1564
1527
1528
1538
1529
1562
1563
1565
1531
1532
1534
1535
1533
1540
1534
1541
1549
1535
1547
1548
1537
1541
1567
1571
1538
1540
1564
1539
1540
1541
1572
1543
1545
1547
1544
1548
1545
1551
1553
1546
1554
1547
1550
1551
1574
1548
1549
1551
1550
1572
1573
1575
1552
1553
1557
1574
1554
1556
1555
1574
1556
1577
1579
1557
1582
1577
1600
1559
1580
1607
1581
1561
1974
1562
1973
1563
1972
1569
1971
1565
1567
1566
1569
1567
1568
1593
1570
1569
1955
2041
2037
1571
1591
1593
1572
1588
1573
1586
1588
1575
1577
1576
1586
1577
1585
1599
1578
1579
1599
1600
1602
1582
1584
1581
1583
1606
1582
1583
1600
1584
1601
1605
1602
1649
1586
1596
1598
1587
1588
1590
1596
1591
1590
1595
1596
1947
1591
1594
1592
1593
1594
1954
1955
1595
1953
1948
1952
1597
1598
1658
1947
1599
1659
1603
1601
1602
1604
1603
1655
1656
1659
1605
1653
1655
1606
1649
1652
1607
1651
1608
1651
1663
1610
1612
1611
1660
1664
1612
1665
1876
1878
1613
1614
1874
1876
1615
1865
1866
1616
1617
1863
1866
1868
1618
1628
1630
1619
1625
1627
1621
1624
1621
1623
1622
1627
1623
1624
1626
1820
1821
1625
1633
1626
1630
1632
1627
1629
1826
1628
1629
1863
1630
1827
1862
1631
1868
1632
1827
1829
1869
1633
1824
1826
1820
1823
1635
1677
1636
1637
1638
1675
1677
1678
1639
1674
1640
1673
1677
1641
1672
1642
1648
1643
1644
1648
1669
1645
1646
1667
1669
1647
1666
1648
1669
1671
1686
1672
1650
1655
1652
1654
1927
1652
1662
1653
1930
1654
1931
1655
1657
1932
1656
1657
1926
1933
1959
1659
1946
2082
1926
1661
1878
1928
1662
1663
1928
1930
1664
1665
1928
1938
1942
1667
1686
1702
1668
1697
1669
1684
1686
1696
1670
1671
1682
1684
1672
1681
1685
1673
1674
1676
1681
1675
1682
1676
1679
1690
1677
1680
1679
1830
1691
1831
1681
1688
1690
1682
1687
1683
1690
1684
1687
1689
1694
1685
1695
1686
1687
1720
1703
1688
1721
1689
1724
1690
1692
1725
1691
1692
1845
1738
1848
1694
1718
1722
1728
1736
1695
1721
1725
1696
1718
1720
1697
1703
1705
1700
1702
1699
1702
1701
1708
1701
1705
1707
1702
1704
1712
1703
1704
1720
1705
1713
1719
1706
1718
1707
1713
1715
1717
1710
1712
1709
1712
1711
1711
1715
1712
1714
1713
1714
1730
1715
1731
1716
1717
1727
1731
1748
1718
1728
1730
1719
1720
1722
1730
1721
1722
1724
1723
1729
1724
1734
1736
1725
1736
1738
1727
1744
1746
1748
1750
1728
1732
1743
1729
1735
1730
1732
1734
1731
1732
1747
1733
1746
1734
1743
1745
1735
1736
1739
1743
1737
1738
1739
1889
1886
1742
1899
1741
1751
2124
1742
1744
2123
1743
1900
1744
1745
1751
1746
1752
1747
1749
1748
1750
1752
1751
1752
1756
1757
1755
1759
1756
1757
1762
1758
1762
1765
1760
1762
1764
1761
1764
1768
1763
1764
1765
1770
1767
1766
1770
1792
1768
1770
1772
1769
1772
1788
1771
1772
1790
1792
1787
1774
1777
1780
1776
1776
1778
1788
1777
1778
1782
1781
1789
1780
1783
1796
1782
1782
1784
1793
1783
1784
1798
1794
1797
1786
1793
1810
1813
1787
1789
1812
1788
1790
1789
1793
1791
1812
1792
1811
1794
1810
1991
1796
1799
1802
1798
1798
1800
1991
1799
1800
1804
1803
1992
1802
1805
1976
1804
1804
1806
1997
1805
1806
1978
1977
1998
1808
1996
1997
2000
1809
1992
1993
1810
1990
1991
1816
1812
1814
1813
1814
1816
1815
1816
1989
1990
1818
1831
1832
1840
1844
1819
1830
1833
1835
1820
1822
1823
1825
1821
1826
1822
1830
1824
1833
1825
1829
1834
1826
1828
1835
1827
1828
1861
1829
1836
1860
1837
1879
1831
1845
1833
1839
1849
1834
1835
1837
1839
1836
1840
1837
1841
1859
1838
1911
1839
1841
1853
1910
1840
1852
1841
1843
1842
1858
1843
1853
1855
1857
1844
1846
1852
1845
1847
1849
1848
1847
1851
1855
1884
1848
1850
1885
1886
1850
1852
1851
1887
1852
1854
1893
1853
1854
1909
1855
1894
1908
1856
1883
1857
1906
1908
2023
1858
1909
2022
1859
1910
1914
1860
1911
1913
1861
1879
1881
1862
1869
1871
1863
1868
1872
1864
1865
1866
1872
1867
1874
1868
1870
1872
1873
1869
1870
1879
1871
1880
1919
1872
1881
1874
1919
1921
1875
1876
1921
1923
1943
1877
1942
1878
1923
1941
1938
1880
1911
1881
1912
1918
1913
1883
1891
1895
1905
2032
1884
1894
1906
1885
1891
1893
1886
1887
1890
1889
1888
1893
1890
1892
1898
1890
1899
1891
1903
1892
1904
1893
1895
1897
1894
1895
1907
1896
2029
1897
2030
2032
2036
1898
1904
2035
1901
1903
1900
1903
1902
2123
1902
2035
2126
1903
2034
2127
1904
2032
2034
1906
2029
2031
2140
1907
2026
1908
2027
2029
1909
2024
1910
2021
1911
1915
1912
1913
1915
1917
1914
1915
2022
1916
2021
1917
2018
2020
1918
1969
1919
1968
1920
1921
1924
1967
1968
1922
1966
1923
1924
1965
1961
1925
2118
1968
2121
2211
1959
2082
1930
1932
1936
1929
1938
1930
1934
1936
1939
1931
1932
1934
1933
1935
1956
1958
1935
2104
1936
1956
2103
1937
1939
1960
2103
1939
1941
1940
2104
1941
1960
1962
2105
1942
1961
1943
1961
1966
1945
2083
2084
2097
1946
2081
2082
1947
1949
1948
1949
1951
1950
2081
1951
2077
2080
1952
2078
1953
2053
1954
2050
1955
2047
2044
1957
2102
1958
2099
2109
1959
2096
2083
1963
2106
1962
1965
1963
2112
2116
1964
2111
2110
2116
2119
1966
2116
2118
1967
1970
2118
1969
1970
2018
2121
2131
2131
2211
1972
1987
2037
1973
1986
1974
1983
1975
1982
1976
1979
1978
1978
1980
2004
1979
1980
1982
1981
2005
1982
1984
2012
1983
1984
1986
1985
2013
1986
1988
2055
1987
1988
2038
2039
2056
1990
1994
1993
1992
1997
1994
1996
1995
1996
2001
1999
1998
2000
2004
2000
2001
2002
2003
2006
2003
2006
2009
2004
2008
2005
2008
2012
2007
2009
2010
2009
2011
2014
2014
2017
2012
2014
2016
2013
2016
2055
2015
2016
2017
2060
2058
2059
2019
2122
2132
2020
2133
2135
2137
2021
2025
2022
2024
2023
2024
2026
2025
2027
2135
2138
2027
2140
2028
2138
2029
2140
2142
2148
2030
2031
2142
2144
2032
2141
2145
2033
2034
2036
2145
2154
2035
2130
2036
2156
2144
2155
2038
2041
2039
2042
2040
2069
2042
2045
2070
2042
2044
2043
2044
2045
2048
2047
2046
2071
2048
2051
2072
2048
2050
2049
2050
2051
2054
2053
2052
2073
2054
2074
2076
2054
2078
2079
2056
2058
2057
2069
2058
2061
2068
2060
2060
2062
2061
2062
2246
2245
2064
2074
2254
2347
2065
2073
2255
2066
2072
2251
2067
2071
2248
2068
2070
2247
2069
2246
2070
2071
2072
2073
2074
2075
2076
2347
2349
2079
2087
2078
2086
2088
2079
2086
2081
2085
2088
2084
2083
2096
2085
2095
2092
2094
2087
2090
2089
2349
2090
2092
2090
2093
2355
2091
2092
2093
2323
2321
2322
2356
2095
2101
2321
2097
2100
2097
2099
2098
2099
2100
2187
2186
2101
2185
2184
2320
2103
2107
2109
2104
2106
2105
2106
2112
2107
2111
2108
2113
2109
2189
2193
2186
2111
2114
2115
2204
2112
2113
2115
2114
2193
2192
2206
2116
2205
2117
2118
2119
2205
2210
2211
2120
2204
2208
2210
2213
2122
2212
2137
2216
2124
2127
2128
2163
2126
2128
2157
2164
2127
2156
2128
2130
2129
2162
2130
2157
2159
2161
2154
2156
2132
2212
2133
2216
2134
2229
2135
2180
2232
2136
2139
2137
2232
2338
2229
2139
2148
2149
2180
2338
2141
2142
2146
2143
2147
2144
2146
2174
2178
2145
2173
2146
2153
2152
2148
2150
2178
2149
2150
2181
2339
2179
2182
2408
2152
2171
2175
2445
2153
2174
2154
2171
2173
2155
2159
2156
2158
2173
2157
2158
2256
2159
2172
2257
2160
2171
2161
2170
2257
2273
2162
2168
2256
2163
2164
2167
2166
2165
2256
2167
2259
2264
2167
2260
2168
2263
2259
2262
2273
2170
2271
2273
2442
2444
2171
2441
2445
2172
2173
2175
2441
2174
2175
2177
2176
2440
2177
2404
2439
2178
2405
2179
2183
2405
2407
2181
2374
2182
2378
2183
2409
2413
2435
2185
2190
2327
2187
2191
2187
2189
2188
2189
2191
2195
2194
2191
2201
2326
2196
2193
2197
2219
2194
2195
2197
2196
2198
2199
2201
2198
2220
2199
2239
2200
2203
2201
2202
2332
2333
2203
2345
2397
2239
2344
2205
2206
2208
2209
2207
2219
2208
2218
2223
2209
2222
2210
2221
2211
2214
2212
2214
2216
2214
2217
2222
2215
2221
2216
2217
2226
2228
2229
2225
2230
2219
2241
2242
2220
2239
2241
2222
2226
2223
2225
2224
2242
2225
2237
2243
2226
2236
2227
2228
2234
2236
2229
2230
2233
2232
2231
2236
2233
2235
2376
2233
2374
2234
2375
2235
2381
2236
2238
2382
2237
2238
2340
2373
2383
2240
2241
2342
2344
2341
2243
2341
2340
2365
2245
2247
2249
2246
2247
2248
2249
2251
2250
2251
2252
2255
2253
2255
2254
2346
2255
2348
2257
2259
2258
2441
2259
2273
2274
2442
2275
2263
2266
2262
2267
2276
2278
2280
2263
2272
2275
2264
2267
2265
2275
2267
2276
2282
2267
2269
2268
2269
2280
2282
2284
2283
2271
2278
2466
2468
2470
2272
2463
2465
2273
2274
2278
2275
2277
2463
2276
2277
2281
2278
2290
2468
2279
2280
2288
2290
2470
2281
2287
2282
2286
2290
2285
2284
2291
2285
2287
2294
2286
2295
2287
2289
2305
2288
2293
2289
2307
2475
2290
2306
2474
2469
2294
2297
2293
2298
2302
2304
2308
2294
2305
2307
2295
2298
2296
2305
2298
2304
2316
2298
2300
2299
2300
2302
2316
2318
2317
2302
2312
2314
2318
2525
2303
2311
2304
2310
2314
2316
2305
2309
2306
2307
2309
2485
2308
2486
2309
2311
2487
2310
2488
2311
2313
2501
2312
2498
2313
2499
2528
2314
2500
2527
2315
2526
2316
2318
2521
2318
2319
2521
2523
2525
2321
2324
2327
2323
2323
2325
2363
2324
2325
2329
2328
2364
2327
2330
2333
2329
2329
2331
2505
2330
2331
2335
2334
2506
2333
2336
2397
2335
2335
2337
2653
2336
2337
2396
2399
2654
2339
2374
2378
2408
2371
2373
2342
2365
2343
2366
2344
2367
2369
2345
2369
2398
2348
2350
2348
2351
2352
2351
2355
2352
2357
2352
2354
2353
2354
2357
2359
2355
2358
2356
2358
2363
2360
2359
2362
2360
2507
2361
2507
2510
2363
2507
2509
2364
2505
2509
2366
2371
2367
2370
2368
2386
2369
2389
2670
2669
2371
2386
2388
2372
2373
2388
2403
2402
2375
2378
2376
2379
2381
2377
2382
2379
2385
2411
2379
2409
2380
2410
2381
2385
2416
2382
2383
2385
2384
2402
2385
2401
2418
2417
2387
2389
2388
2390
2420
2419
2390
2673
2425
2674
2392
2674
2678
2700
2393
2673
2679
2394
2670
2671
2395
2669
2672
2396
2398
2400
2397
2399
2398
2669
2400
2662
2663
2672
2402
2421
2428
2403
2419
2421
2405
2436
2438
2450
2406
2435
2407
2434
2450
2408
2413
2409
2410
2413
2411
2414
2416
2412
2417
2414
2430
2452
2414
2434
2415
2433
2416
2430
2432
2417
2418
2430
2428
2431
2420
2422
2423
2425
2422
2612
2423
2611
2424
2427
2425
2426
2676
2675
2427
2646
2758
2611
2645
2429
2612
2431
2613
2614
2431
2457
2458
2433
2455
2457
2434
2452
2454
2435
2451
2436
2437
2451
2438
2462
2607
2439
2447
2449
2440
2446
2441
2443
2445
2442
2443
2463
2444
2446
2464
2445
2465
2447
2477
2448
2478
2607
2449
2603
2606
2450
2462
2451
2454
2462
2453
2457
2454
2456
2604
2455
2461
2456
2460
2457
2459
2621
2458
2459
2614
2620
2637
2461
2621
2623
2462
2604
2624
2606
2464
2468
2465
2467
2477
2466
2467
2471
2468
2472
2480
2469
2470
2472
2474
2471
2475
2472
2476
2473
2481
2474
2476
2484
2490
2475
2485
2476
2486
2491
2478
2480
2479
2603
2616
2480
2482
2602
2617
2481
2482
2484
2483
2601
2618
2484
2493
2600
2619
2494
2486
2488
2490
2487
2491
2488
2492
2498
2489
2501
2490
2492
2495
2502
2491
2494
2492
2497
2494
2496
2599
2736
2495
2496
2519
2518
2598
2737
2498
2502
2504
2499
2501
2500
2504
2569
2501
2503
2570
2502
2503
2519
2504
2520
2571
2568
2506
2512
2515
2653
2508
2509
2510
2511
2512
2513
2512
2513
2516
2515
2514
2516
2658
2516
2657
2656
2518
2520
2588
2596
2739
2519
2597
2738
2520
2587
2522
2526
2523
2531
2533
2524
2534
2525
2529
2531
2539
2526
2528
2527
2531
2528
2530
2570
2529
2569
2530
2540
2574
2531
2541
2573
2532
2533
2537
2539
2541
2534
2536
2535
2539
2536
2538
2545
2537
2546
2538
2542
2550
2539
2543
2549
2540
2541
2543
2577
2542
2578
2543
2551
2581
2548
2582
2545
2547
2554
2558
2546
2549
2547
2550
2553
2560
2549
2551
2555
2743
2550
2554
2551
2553
2552
2744
2553
2555
2564
2747
2554
2563
2555
2557
2556
2748
2557
2564
2566
2749
2558
2563
2567
2559
2560
2561
2567
2825
2561
2563
2562
2831
2563
2565
2567
2834
2564
2565
2750
2566
2753
2835
2567
2754
2823
2824
2569
2571
2575
2570
2574
2571
2573
2572
2587
2573
2575
2579
2586
2574
2578
2575
2577
2576
2577
2579
2583
2578
2582
2579
2581
2580
2585
2581
2583
2584
2745
2582
2744
2583
2743
2742
2585
2591
2756
2586
2590
2587
2589
2588
2589
2595
2782
2590
2594
2783
2591
2593
2816
2592
2757
2815
2593
2870
2872
2594
2866
2595
2865
2596
2860
2597
2793
2598
2790
2599
2787
2600
2735
2601
2707
2602
2704
2603
2628
2615
2605
2621
2622
2624
2626
2607
2615
2624
2616
2609
2642
2649
2651
2610
2643
2644
2611
2613
2645
2612
2613
2643
2637
2643
2616
2625
2628
2617
2618
2628
2619
2704
2707
2736
2621
2634
2638
2622
2623
2632
2634
2624
2631
2625
2626
2629
2631
2627
2632
2629
2636
2710
2629
2704
2630
2703
2631
2636
2702
2632
2633
2636
2634
2635
2705
2639
2636
2706
2712
2711
2638
2642
2639
2641
2640
2705
2641
2652
2719
2642
2651
2643
2645
2647
2649
2646
2647
2762
2648
2765
2649
2701
2768
2650
2651
2701
2720
2652
2720
2724
2654
2657
2660
2662
2656
2659
2660
2667
2657
2658
2660
2659
2664
2661
2662
2665
2667
2663
2665
2682
2667
2668
2666
2685
2667
2668
2684
2686
2670
2673
2672
2679
2681
2682
2674
2675
2676
2700
2699
2758
2678
2698
2700
2854
2679
2683
2680
2681
2683
2691
2682
2688
2685
2692
2854
2685
2686
2689
2688
2687
2689
2694
2689
2691
2690
2691
2694
2695
2692
2695
2697
2694
2695
2849
2696
2697
2849
2851
2852
2854
2699
2760
2853
2700
2759
2721
2771
2703
2711
2715
2704
2708
2710
2707
2706
2719
2718
2732
2708
2735
2709
2715
2785
2710
2714
2734
2711
2712
2714
2713
2732
2714
2731
2798
2715
2797
2784
2717
2729
2731
2891
2718
2728
2732
2719
2725
2724
2721
2723
2722
2772
2723
2777
2779
2724
2726
2725
2726
2728
2727
2779
2728
2730
2780
2729
2730
2892
2781
2893
2732
2733
2795
2798
2891
2785
2788
2797
2736
2785
2787
2737
2738
2787
2739
2790
2782
2793
2741
2749
2751
2755
2742
2746
2748
2743
2745
2744
2748
2745
2747
2746
2756
2747
2751
2809
2748
2750
2749
2750
2754
2751
2753
2752
2812
2753
2755
2813
2916
2754
2915
2755
2822
2821
2757
2809
2810
2817
2872
2759
2762
2760
2763
2761
2855
2763
2766
2856
2763
2765
2764
2765
2766
2769
2768
2767
2991
2769
2773
2992
2769
2771
2770
2771
2773
2775
2772
2775
2777
2774
3002
2775
2881
3003
2776
2777
2881
2883
2778
2779
2880
2883
2780
2781
2880
2887
2899
2783
2860
2816
2865
2785
2797
2800
2786
2787
2788
2791
2800
2790
2789
2796
2791
2794
2802
2791
2793
2792
2801
2793
2794
2804
2861
2860
2805
2862
2799
2808
2896
2797
2799
2800
2802
2798
2799
2803
2801
2802
2804
2803
2805
2806
2808
2805
2964
2806
2965
2807
2966
2808
2904
2969
2897
2810
2812
2811
2818
2873
2812
2814
2819
2951
2813
2814
2945
2820
2944
2952
2816
2817
2870
2866
2818
2953
2819
2957
2820
2972
2975
3014
2822
2826
2916
2823
2827
2915
2824
2828
2835
2825
2829
2834
2830
2831
2827
2917
2921
2828
2918
2920
2829
2836
2846
2830
2833
2845
2832
2840
2832
2834
2833
2839
2834
2836
2838
2835
2836
2915
2837
2918
2838
2846
2848
2919
2839
2843
2845
2840
2842
2841
2845
2842
2844
2876
2843
2877
2844
2848
2908
2845
2847
2875
2846
2847
2920
2848
2910
2925
2909
2924
2850
2851
2996
2852
2858
2853
2859
2854
2855
2856
2859
2991
2995
2858
2995
2997
2998
2859
2996
2995
2861
2865
2862
2864
2964
2863
2965
2864
2867
2968
2865
2868
2963
2866
2868
2870
2868
2871
3029
2869
2962
2870
2871
2954
2961
2953
2955
3032
2873
2953
2951
2957
2875
2879
2907
2911
2876
2908
2910
2877
2879
2878
2908
2879
2907
2884
2887
2882
3018
2883
2885
3019
2884
2885
2888
2886
3107
2888
2982
3108
2888
2890
2889
2890
2982
2984
2899
2981
2892
2896
2893
2895
2894
2899
2895
2898
2901
2896
2902
2897
2902
2904
2899
2900
2981
2901
2906
2986
2902
2905
2903
2904
2905
3042
3041
2906
3043
2987
3054
2908
2912
2909
2910
2912
2929
2911
2928
2912
2914
2933
2913
2932
2914
2937
2936
2916
2918
2917
2945
2918
2922
2946
2919
2920
2922
2924
2921
2925
2922
2926
2923
2947
2924
2926
2930
2950
2925
2929
2926
2928
2927
2928
2930
2934
2929
2933
2930
2932
2931
3004
2932
2934
2938
3007
2933
2937
2934
2936
2935
2936
2938
2942
2937
2941
2938
2940
2939
3008
2940
2942
3011
2941
2942
2944
2946
2948
2978
3015
2945
2977
3014
2946
2947
2948
2950
2949
2979
3016
2950
2980
3005
3017
3004
2952
2972
2975
2977
2954
2957
2955
2958
2960
2956
3033
2958
2971
3036
2958
2972
2959
2973
2960
3036
3055
2961
3033
2962
3032
2963
3029
2964
2968
2965
2966
2968
2967
2969
2968
2970
3030
3029
2970
3041
3038
3040
2973
2976
3056
2973
2975
2974
3055
2975
2976
3060
3082
3081
3059
3083
2978
3081
2979
3085
2980
3093
3012
3097
2984
2986
2983
3116
2984
2988
3117
2985
2986
2988
2990
2987
2990
3131
2989
3122
2990
3123
3132
3130
2992
2994
2993
3002
2994
3001
3024
2995
2998
2997
2999
2999
3001
3000
3001
3025
3023
3003
3024
3018
3027
3005
3007
3006
3012
3168
3007
3009
3013
3169
3008
3009
3011
3010
3144
3170
3011
3145
3171
3200
3013
3167
3144
3177
3015
3081
3016
3085
3017
3093
3097
3168
3019
3028
3105
3107
3021
3104
3105
3111
3022
3028
3103
3023
3026
3027
3024
3025
3027
3026
3103
3028
3105
3030
3032
3031
3038
3032
3034
3037
3033
3034
3036
3035
3064
3036
3057
3065
3056
3038
3048
3064
3039
3040
3046
3048
3041
3045
3042
3043
3045
3044
3054
3045
3049
3053
3046
3047
3049
3048
3050
3073
3063
3050
3052
3051
3062
3052
3061
3140
3053
3137
3054
3134
3131
3056
3060
3057
3059
3058
3066
3059
3067
3090
3060
3089
3088
3062
3143
3155
3071
3073
3064
3070
3073
3065
3066
3070
3067
3069
3068
3080
3069
3077
3079
3070
3074
3072
3072
3075
3155
3073
3074
3075
3077
3076
3154
3077
3149
3153
3078
3079
3149
3151
3080
3148
3090
3147
3082
3085
3083
3086
3088
3084
3089
3086
3092
3095
3086
3093
3087
3094
3088
3092
3100
3089
3090
3092
3091
3092
3102
3147
3101
3094
3097
3095
3098
3100
3096
3101
3098
3159
3174
3098
3167
3099
3173
3100
3159
3172
3101
3102
3159
3146
3160
3104
3110
3106
3107
3109
3111
3108
3109
3116
3112
3115
3111
3113
3112
3113
3114
3119
3115
3119
3121
3116
3118
3117
3118
3122
3121
3126
3120
3121
3127
3125
3123
3126
3129
3222
3125
3128
3129
3224
3126
3127
3129
3128
3225
3221
3131
3132
3135
3134
3133
3222
3135
3138
3223
3135
3137
3136
3137
3138
3141
3140
3139
3231
3141
3207
3232
3141
3143
3142
3143
3207
3209
3206
3145
3178
3182
3198
3147
3161
3163
3148
3151
3163
3150
3152
3151
3156
3158
3164
3153
3156
3217
3154
3214
3155
3211
3206
3157
3218
3158
3272
3285
3164
3166
3160
3184
3161
3185
3162
3265
3163
3165
3266
3164
3165
3166
3270
3269
3272
3168
3173
3177
3169
3170
3177
3171
3178
3182
3201
3173
3184
3188
3174
3176
3175
3184
3176
3179
3187
3177
3180
3188
3178
3180
3182
3180
3183
3190
3181
3189
3182
3183
3194
3196
3197
3193
3256
3185
3187
3186
3265
3187
3191
3264
3188
3190
3189
3190
3194
3191
3193
3192
3278
3193
3261
3279
3194
3262
3195
3196
3259
3262
3197
3256
3258
3198
3201
3255
3200
3204
3200
3202
3203
3204
3201
3202
3253
3255
3205
3253
3205
3255
3254
3209
3211
3208
3236
3209
3212
3237
3210
3211
3212
3215
3214
3213
3238
3215
3220
3239
3215
3217
3216
3217
3220
3287
3218
3285
3287
3220
3287
3289
3296
3288
3222
3224
3227
3223
3227
3231
3225
3228
3226
3228
3229
3228
3230
3235
3235
3240
3231
3233
3235
3232
3233
3236
3234
3242
3235
3240
3243
3237
3242
3238
3245
3239
3248
3251
3288
3241
3243
3246
3243
3245
3244
3245
3246
3247
3248
3249
3248
3249
3252
3251
3250
3252
3292
3252
3291
3293
3254
3255
3314
3258
3257
3262
3258
3263
3313
3259
3314
3263
3319
3261
3263
3311
3330
3262
3310
3263
3318
3265
3267
3278
3266
3267
3270
3271
3277
3269
3271
3274
3276
3270
3273
3271
3282
3273
3298
3274
3301
3275
3304
3276
3283
3307
3282
3284
3278
3280
3282
3279
3280
3310
3281
3309
3282
3284
3334
3284
3338
3360
3333
3286
3298
3287
3296
3299
3289
3291
3290
3348
3291
3294
3351
3293
3293
3295
3294
3295
3352
3353
3297
3348
3299
3302
3349
3299
3301
3300
3301
3302
3305
3304
3303
3380
3305
3358
3379
3305
3307
3306
3307
3358
3361
3360
3309
3311
3332
3335
3310
3334
3311
3312
3330
3332
3347
3314
3316
3318
3315
3319
3316
3320
3322
3317
3323
3318
3320
3328
3329
3319
3330
3320
3321
3322
3326
3328
3323
3325
3324
3328
3325
3327
3339
3326
3340
3327
3341
3328
3342
3330
3347
3332
3343
3347
3344
3334
3336
3338
3335
3336
3344
3337
3345
3338
3364
3368
3363
3340
3342
3341
3342
3344
3346
3345
3346
3368
3369
3349
3351
3350
3380
3351
3355
3357
3352
3353
3355
3354
3355
3376
3356
3357
3376
3381
3378
3380
3359
3382
3361
3365
3383
3361
3363
3362
3363
3365
3367
3364
3367
3372
3366
3390
3367
3374
3391
3371
3369
3372
3373
3371
3373
3375
3372
3374
3373
3375
3399
3400
3377
3381
3384
3379
3381
3385
3380
3382
3386
3383
3385
3388
3390
3386
3389
3386
3388
3387
3388
3389
3393
3394
3395
3391
3394
3398
3399
3393
3396
3398
3402
3394
3395
3398
3396
3401
3398
3399
3402
3404
3400
3404
3402
3405
3403
3404
3405
)


// ************************************************************************* //
