/*--------------------------------*- C++ -*----------------------------------*\
| =========                 |                                                 |
| \\      /  F ield         | OpenFOAM: The Open Source CFD Toolbox           |
|  \\    /   O peration     | Version:  2412                                  |
|   \\  /    A nd           | Website:  www.openfoam.com                      |
|    \\/     M anipulation  |                                                 |
\*---------------------------------------------------------------------------*/
FoamFile
{
    version     2.0;
    format      ascii;
    arch        "LSB;label=32;scalar=64";
    class       vectorField;
    location    "constant/claddingZone/polyMesh";
    object      points;
}
// * * * * * * * * * * * * * * * * * * * * * * * * * * * * * * * * * * * * * //


1344
(
(-0.00089999989 -0.0043000006 0.0081925527)
(-0.00080000006 -0.0043000006 0.0081925526)
(-0.00089999985 -0.0042000007 0.0081925496)
(-0.00080000004 -0.0042000007 0.0081925499)
(-0.0010999999 -0.0041000005 0.0081925453)
(-0.00099999972 -0.0041000005 0.0081925461)
(-0.0010999998 -0.0040000005 0.0081925447)
(-0.0009999997 -0.0040000004 0.0081925476)
(-0.00089999982 -0.0041000005 0.0081925485)
(-0.00080000001 -0.0041000006 0.0081925478)
(-0.00089999979 -0.0040000004 0.0081925505)
(-0.00079999998 -0.0040000004 0.0081925491)
(-0.0011 -0.0043000002 0.016525884)
(-0.00099999998 -0.0043000003 0.016525885)
(-0.0011 -0.0042000002 0.016525882)
(-0.00099999994 -0.0042000003 0.016525883)
(-0.0011 -0.0043000001 0.025000002)
(-0.001 -0.0043000001 0.025000002)
(-0.0011 -0.0042000001 0.025000001)
(-0.00099999999 -0.0042000001 0.025000002)
(-0.00089999997 -0.0043000003 0.016525886)
(-0.0008 -0.0043000003 0.016525886)
(-0.00089999995 -0.0042000003 0.016525884)
(-0.00079999999 -0.0042000003 0.016525884)
(-0.00089999998 -0.0043000001 0.025000002)
(-0.00079999998 -0.0043000002 0.025000001)
(-0.00089999997 -0.0042000002 0.025000001)
(-0.00079999998 -0.0042000002 0.025000001)
(-0.0010999999 -0.0041000002 0.016525881)
(-0.00099999991 -0.0041000003 0.016525882)
(-0.0010999999 -0.0040000002 0.016525881)
(-0.00099999989 -0.0040000002 0.016525882)
(-0.0011 -0.0041000001 0.025)
(-0.00099999997 -0.0041000001 0.025000001)
(-0.0011 -0.0040000001 0.025)
(-0.00099999996 -0.0040000001 0.025)
(-0.00089999993 -0.0041000003 0.016525884)
(-0.00079999998 -0.0041000003 0.016525883)
(-0.00089999991 -0.0040000002 0.016525884)
(-0.00079999997 -0.0040000002 0.016525883)
(-0.00089999996 -0.0041000001 0.025000001)
(-0.00079999997 -0.0041000002 0.025000001)
(-0.00089999996 -0.0040000001 0.025000001)
(-0.00079999998 -0.0040000001 0.025)
(-0.0014999999 -0.0039 0.033474116)
(-0.0013999999 -0.0038999999 0.033474114)
(-0.0014999999 -0.0038 0.033474117)
(-0.0013999999 -0.0038 0.033474114)
(-0.0014999997 -0.0038999998 0.04180745)
(-0.0013999998 -0.0038999998 0.041807446)
(-0.0014999997 -0.0038 0.041807451)
(-0.0013999998 -0.0037999999 0.041807447)
(-0.0013 -0.0038999999 0.033474113)
(-0.0012000001 -0.0038999999 0.033474115)
(-0.0013 -0.0038 0.033474114)
(-0.0013000001 -0.0038999998 0.041807446)
(-0.0012000003 -0.0038999998 0.04180745)
(-0.0013000001 -0.0037999999 0.041807447)
(0.00049999998 -0.0045 0.033474116)
(0.00059999994 -0.0045 0.033474117)
(0.0005 -0.0044 0.033474115)
(0.00059999997 -0.0044 0.033474115)
(0.00049999996 -0.0044999999 0.041807451)
(0.00059999979 -0.0044999999 0.041807452)
(0.00050000003 -0.0043999999 0.041807448)
(0.00059999987 -0.0044 0.041807448)
(0.00069999993 -0.0045 0.033474119)
(0.00079999996 -0.0045 0.033474119)
(0.00069999996 -0.0044 0.033474117)
(0.00079999999 -0.0044 0.033474118)
(0.00069999977 -0.0044999999 0.041807456)
(0.00079999991 -0.0045 0.041807457)
(0.00069999986 -0.0044 0.041807452)
(0.00080000002 -0.0044 0.041807453)
(0.00010000002 -0.0043 0.033474116)
(0.00020000001 -0.0043 0.033474116)
(0.00010000002 -0.0042 0.033474117)
(0.00020000001 -0.0042 0.033474117)
(0.00010000008 -0.0042999999 0.041807448)
(0.00019999995 -0.0043 0.041807449)
(0.00010000008 -0.0042000001 0.041807449)
(0.00019999996 -0.0042000001 0.041807449)
(0.00030000001 -0.0043 0.033474117)
(0.00040000003 -0.0043 0.033474116)
(0.00030000001 -0.0042000001 0.033474118)
(0.00040000003 -0.0042000001 0.033474118)
(0.00029999996 -0.0043 0.041807452)
(0.00040000008 -0.0043000001 0.041807451)
(0.00029999997 -0.0042000002 0.041807453)
(0.0004000001 -0.0042000002 0.041807454)
(0.0001 -0.0041000001 0.033474118)
(0.0002 -0.0041000001 0.033474118)
(9.9999984e-05 -0.0040000001 0.033474118)
(0.00019999999 -0.0040000001 0.033474118)
(0.00010000005 -0.0041000001 0.041807453)
(0.00019999995 -0.0041000001 0.041807453)
(0.00010000002 -0.004 0.041807453)
(0.00019999994 -0.004 0.041807453)
(0.00030000001 -0.0041000001 0.033474119)
(0.00040000003 -0.0041000001 0.03347412)
(0.0003 -0.0040000001 0.033474119)
(0.00040000002 -0.004 0.033474119)
(0.00029999997 -0.0041000001 0.041807457)
(0.0004000001 -0.0041000002 0.041807457)
(0.00029999996 -0.004 0.041807457)
(0.00040000009 -0.004 0.041807457)
(-0.00070000013 -0.0045 0.0081925506)
(-0.00060000005 -0.0045 0.0081925506)
(-0.00070000012 -0.0044000003 0.0081925515)
(-0.00060000005 -0.0044000003 0.0081925514)
(-0.00050000012 -0.0045 0.0081925544)
(-0.00040000034 -0.0045 0.0081925545)
(-0.00050000013 -0.0044000003 0.008192555)
(-0.00040000036 -0.0044000003 0.0081925549)
(-0.00070000004 -0.0045000001 0.016525885)
(-0.00060000006 -0.0045000001 0.016525885)
(-0.00070000004 -0.0044000002 0.016525886)
(-0.00060000006 -0.0044000002 0.016525886)
(-0.00070000001 -0.0045 0.025000001)
(-0.00060000004 -0.0045000001 0.025000001)
(-0.0007 -0.0044000001 0.025000001)
(-0.00060000003 -0.0044000001 0.025000001)
(-0.0005000001 -0.0045000001 0.016525887)
(-0.00040000017 -0.0045 0.016525887)
(-0.00050000011 -0.0044000001 0.016525887)
(-0.00040000019 -0.0044000001 0.016525887)
(-0.00050000007 -0.0045000001 0.025000002)
(-0.0004000001 -0.0045 0.025000002)
(-0.00050000007 -0.0044000001 0.025000002)
(-0.00040000011 -0.0044000001 0.025000001)
(-0.00030000042 -0.0045 0.0081925506)
(-0.00020000022 -0.0045 0.0081925457)
(-0.00030000045 -0.0044000002 0.008192551)
(-0.00020000024 -0.0044000001 0.0081925461)
(-9.9999877e-05 -0.0045 0.0081925436)
(3.2461258e-10 -0.0045000001 0.0081925459)
(-9.9999899e-05 -0.0044 0.0081925441)
(3.0377652e-10 -0.0044 0.0081925465)
(-0.0011000001 -0.0039 0.033474117)
(-0.001 -0.0039 0.033474118)
(-0.0011000002 -0.0038999998 0.041807453)
(-0.00099999998 -0.0038999999 0.041807453)
(-0.00089999997 -0.0039 0.033474116)
(-0.00089999992 -0.0038999999 0.041807449)
(0.00050000002 -0.0043000001 0.033474115)
(0.00059999999 -0.0043000001 0.033474115)
(0.00050000002 -0.0042000001 0.033474117)
(0.0006 -0.0042000001 0.033474117)
(0.00050000006 -0.0043000001 0.041807447)
(0.00059999992 -0.0043000002 0.041807448)
(0.00050000008 -0.0042000003 0.04180745)
(0.00059999994 -0.0042000003 0.041807451)
(0.00069999998 -0.0043000001 0.033474117)
(0.00080000001 -0.0043000001 0.033474117)
(0.00069999999 -0.0042000001 0.033474119)
(0.00080000001 -0.0042000001 0.033474119)
(0.00069999991 -0.0043000002 0.041807452)
(0.00080000006 -0.0043000002 0.041807452)
(0.00069999993 -0.0042000003 0.041807455)
(0.00080000006 -0.0042000003 0.041807455)
(0.00050000002 -0.0041000001 0.033474119)
(0.00059999999 -0.0041000001 0.033474119)
(0.00050000002 -0.004 0.033474118)
(0.00059999999 -0.004 0.033474118)
(0.00050000009 -0.0041000002 0.041807454)
(0.00059999994 -0.0041000002 0.041807454)
(0.00050000008 -0.0039999999 0.041807454)
(0.00059999993 -0.0039999999 0.041807454)
(0.00069999999 -0.0041000001 0.03347412)
(0.0008 -0.0041000001 0.03347412)
(0.00069999998 -0.004 0.03347412)
(0.00079999999 -0.004 0.033474119)
(0.00069999993 -0.0041000002 0.041807458)
(0.00080000004 -0.0041000001 0.041807458)
(0.00069999991 -0.0039999999 0.041807457)
(0.00080000002 -0.0039999999 0.041807457)
(-0.0022000001 -0.0039999997 0.0081925515)
(-0.0020000001 -0.0041000002 0.0081925434)
(-0.0021000002 -0.0039999999 0.0081925473)
(-0.0020000001 -0.004 0.0081925434)
(-0.0022 -0.0039999999 0.016525885)
(-0.0022 -0.0039999999 0.025000002)
(-0.0020000001 -0.0041000001 0.01652588)
(-0.0021000001 -0.0039999999 0.016525882)
(-0.002 -0.004 0.01652588)
(-0.0020000001 -0.0041 0.024999999)
(-0.0021 -0.004 0.025000001)
(-0.0020000001 -0.004 0.024999999)
(-0.00030000019 -0.0045 0.016525884)
(-0.00020000011 -0.0045 0.016525881)
(-0.00030000021 -0.0044000001 0.016525885)
(-0.00020000013 -0.0044000001 0.016525882)
(-0.00030000011 -0.0045 0.025000001)
(-0.00020000008 -0.0045 0.025)
(-0.00030000012 -0.0044000001 0.025)
(-0.00020000009 -0.0044 0.025)
(-9.9999985e-05 -0.0045 0.016525881)
(1.0243713e-10 -0.0045 0.016525882)
(-0.0001 -0.0044 0.016525881)
(8.9948699e-11 -0.0044 0.016525883)
(-0.00010000002 -0.0045 0.025)
(2.3291159e-11 -0.0045 0.025)
(-0.00010000003 -0.0044 0.025)
(1.8341606e-11 -0.0044 0.025)
(-0.00070000011 -0.0043000006 0.0081925484)
(-0.00060000005 -0.0043000005 0.0081925478)
(-0.0007000001 -0.0042000006 0.008192546)
(-0.00060000004 -0.0042000005 0.0081925453)
(-0.00050000015 -0.0043000005 0.0081925516)
(-0.00040000038 -0.0043000004 0.0081925518)
(-0.00050000015 -0.0042000004 0.0081925485)
(-0.0004000004 -0.0042000004 0.0081925486)
(-0.00070000007 -0.0041000005 0.0081925446)
(-0.00060000003 -0.0041000003 0.0081925453)
(-0.00070000003 -0.0040000003 0.0081925458)
(-0.00060000001 -0.0040000002 0.008192547)
(-0.00050000014 -0.0041000002 0.0081925486)
(-0.00040000039 -0.0041000002 0.0081925486)
(-0.00050000013 -0.0040000001 0.0081925512)
(-0.00040000037 -0.0040000001 0.008192552)
(-0.00070000003 -0.0043000003 0.016525885)
(-0.00060000006 -0.0043000002 0.016525884)
(-0.00070000002 -0.0042000003 0.016525883)
(-0.00060000006 -0.0042000003 0.016525883)
(-0.0007 -0.0043000002 0.025000001)
(-0.00060000003 -0.0043000001 0.025000001)
(-0.0007 -0.0042000002 0.025)
(-0.00060000003 -0.0042000002 0.025000001)
(-0.00050000012 -0.0043000002 0.016525885)
(-0.0004000002 -0.0043000002 0.016525885)
(-0.00050000012 -0.0042000002 0.016525884)
(-0.00040000021 -0.0042000002 0.016525883)
(-0.00050000008 -0.0043000001 0.025000001)
(-0.00040000012 -0.0043000001 0.025)
(-0.00050000008 -0.0042000001 0.025000001)
(-0.00040000012 -0.0042000001 0.025)
(-0.00070000002 -0.0041000003 0.016525882)
(-0.00060000005 -0.0041000002 0.016525882)
(-0.00070000001 -0.0040000002 0.016525882)
(-0.00060000004 -0.0040000001 0.016525883)
(-0.0007 -0.0041000001 0.025)
(-0.00060000003 -0.0041000001 0.025000001)
(-0.0007 -0.0040000001 0.025)
(-0.00060000002 -0.0040000001 0.025000001)
(-0.00050000012 -0.0041000002 0.016525884)
(-0.00040000021 -0.0041000001 0.016525883)
(-0.0005000001 -0.0040000001 0.016525884)
(-0.00040000019 -0.0040000001 0.016525884)
(-0.00050000007 -0.0041000001 0.025000001)
(-0.00040000012 -0.0041000001 0.025)
(-0.00050000006 -0.0040000001 0.025000001)
(-0.00040000011 -0.0040000001 0.025)
(-0.00030000048 -0.0043000004 0.0081925482)
(-0.0002000003 -0.0043000003 0.008192545)
(-0.0003000005 -0.0042000003 0.0081925453)
(-0.00020000033 -0.0042000003 0.0081925429)
(-9.9999954e-05 -0.0043000001 0.0081925457)
(2.6778745e-10 -0.0043000001 0.0081925497)
(-9.9999991e-05 -0.0042000003 0.0081925448)
(2.3747469e-10 -0.0042000002 0.0081925497)
(0.00010000027 -0.0045000001 0.0081925492)
(0.0002000001 -0.0045000001 0.0081925493)
(0.00010000025 -0.0044 0.0081925495)
(0.00020000008 -0.0044 0.0081925489)
(0.00090000001 -0.0044 0.033474117)
(0.0009000001 -0.0044 0.04180745)
(-0.0017999999 -0.0042000005 0.0081925512)
(-0.0017 -0.0042000005 0.0081925516)
(-0.0016 -0.0042000004 0.0081925477)
(-0.0018999999 -0.0041000003 0.0081925451)
(-0.0017999999 -0.0041000005 0.0081925486)
(-0.0018999999 -0.0040000001 0.0081925431)
(-0.0017999999 -0.0040000002 0.0081925459)
(-0.0017 -0.0041000005 0.008192549)
(-0.0016 -0.0041000004 0.0081925462)
(-0.0017 -0.0040000003 0.0081925461)
(-0.0016 -0.0040000003 0.0081925438)
(-0.0018 -0.0042000002 0.016525885)
(-0.0018 -0.0042000001 0.025000002)
(-0.0017 -0.0042000002 0.016525886)
(-0.0016 -0.0042000002 0.016525885)
(-0.0017 -0.0042000001 0.025000003)
(-0.0016 -0.0042000001 0.025000003)
(-0.0019 -0.0041000001 0.016525881)
(-0.0018 -0.0041000002 0.016525883)
(-0.0019 -0.0040000001 0.01652588)
(-0.0018 -0.0040000001 0.016525881)
(-0.0019000001 -0.0041000001 0.024999999)
(-0.0018 -0.0041000001 0.025000001)
(-0.0019 -0.004 0.024999999)
(-0.0018 -0.004 0.025)
(-0.0017 -0.0041000002 0.016525884)
(-0.0016 -0.0041000002 0.016525883)
(-0.0017 -0.0040000001 0.016525882)
(-0.0016 -0.0040000001 0.016525881)
(-0.0017 -0.0041000001 0.025000002)
(-0.0016 -0.0041000001 0.025000001)
(-0.0017 -0.0040000001 0.025000001)
(-0.0016 -0.004 0.025000001)
(-0.0003000005 -0.0041000002 0.0081925454)
(-0.00020000033 -0.0041000002 0.0081925422)
(-0.00030000049 -0.0040000001 0.0081925488)
(-0.00020000032 -0.0040000002 0.008192545)
(-9.9999993e-05 -0.0041000003 0.0081925427)
(2.2306788e-10 -0.0041000003 0.0081925468)
(-9.9999993e-05 -0.0040000002 0.0081925443)
(-0.00030000023 -0.0043000002 0.016525883)
(-0.00020000016 -0.0043000001 0.016525881)
(-0.00030000024 -0.0042000002 0.016525881)
(-0.00020000018 -0.0042000001 0.01652588)
(-0.00030000014 -0.0043000001 0.024999999)
(-0.00020000011 -0.0043000001 0.024999999)
(-0.00030000015 -0.0042000001 0.024999999)
(-0.00020000013 -0.0042000001 0.024999999)
(-0.00010000003 -0.0043000001 0.016525881)
(6.829206e-11 -0.0043 0.016525884)
(-0.00010000005 -0.0042000001 0.016525881)
(4.8595633e-11 -0.0042000001 0.016525884)
(-0.00010000005 -0.0043 0.025)
(5.9343125e-12 -0.0043 0.025)
(-0.00010000007 -0.0042000001 0.025)
(-9.691754e-12 -0.0042 0.025000001)
(-0.00030000024 -0.0041000001 0.016525881)
(-0.00020000018 -0.0041000001 0.01652588)
(-0.00030000023 -0.0040000001 0.016525882)
(-0.00020000018 -0.0040000001 0.01652588)
(-0.00030000015 -0.0041000001 0.024999999)
(-0.00020000014 -0.0041000001 0.024999999)
(-0.00030000015 -0.0040000001 0.024999999)
(-0.00020000014 -0.0040000001 0.024999999)
(-0.00010000006 -0.0041000001 0.01652588)
(3.7790802e-11 -0.0041000001 0.016525883)
(-0.00010000006 -0.0040000002 0.016525881)
(-0.00010000008 -0.0041000001 0.025)
(-2.2651306e-11 -0.0041000001 0.025000001)
(-0.00010000009 -0.0040000001 0.025)
(-0.0014999999 -0.0039000002 0.0081925432)
(-0.0013999999 -0.0039000003 0.0081925469)
(-0.0014999999 -0.0038 0.0081925449)
(-0.0013999999 -0.0038000001 0.0081925478)
(-0.0013 -0.0039000003 0.0081925468)
(-0.0012 -0.0039000003 0.0081925427)
(-0.0013 -0.0038000001 0.0081925473)
(0.0003000001 -0.0045000001 0.0081925453)
(0.00040000026 -0.0045000002 0.0081925447)
(0.00030000007 -0.0044 0.0081925445)
(0.00040000021 -0.0044000001 0.0081925436)
(0.00010000011 -0.0045 0.016525884)
(0.00020000008 -0.0045 0.016525883)
(0.0001000001 -0.0044 0.016525884)
(0.00020000007 -0.0044 0.016525884)
(0.00010000004 -0.0045 0.025000001)
(0.00020000003 -0.0045 0.025000001)
(0.00010000003 -0.0044 0.025000001)
(0.00020000003 -0.0044 0.025)
(0.00030000008 -0.0045 0.016525881)
(0.00040000012 -0.0045000001 0.016525881)
(0.00030000006 -0.0044 0.016525882)
(0.00040000009 -0.0044 0.016525881)
(0.00030000004 -0.0045 0.025)
(0.00040000004 -0.0045 0.024999999)
(0.00030000003 -0.0044 0.025)
(0.00040000004 -0.0044 0.024999999)
(0.00050000034 -0.0045000002 0.0081925474)
(0.00060000021 -0.0045000002 0.0081925495)
(0.00050000025 -0.0044000001 0.0081925463)
(0.0006000001 -0.0044 0.0081925482)
(0.00070000001 -0.0045000001 0.0081925482)
(0.00079999998 -0.0045000001 0.0081925449)
(0.00069999993 -0.0043999999 0.0081925472)
(0.00079999994 -0.0044 0.0081925445)
(0.00050000013 -0.0045000001 0.016525882)
(0.00060000009 -0.0045000001 0.016525883)
(0.00050000009 -0.0044 0.016525882)
(0.00060000005 -0.0044 0.016525883)
(0.00050000004 -0.0045 0.024999999)
(0.00060000001 -0.0045 0.025)
(0.00050000003 -0.0044 0.024999999)
(0.00060000001 -0.0044 0.024999999)
(0.00070000003 -0.0045 0.016525883)
(0.00080000002 -0.0045 0.016525882)
(0.0007 -0.0044 0.016525883)
(0.0008 -0.0044 0.016525882)
(-0.0022000001 -0.0038999999 0.03347412)
(-0.0022000001 -0.0037999999 0.033474119)
(-0.0022000002 -0.0038999997 0.041807456)
(-0.0022000003 -0.0037999998 0.041807454)
(-0.0021000001 -0.0038999999 0.033474119)
(-0.0020000001 -0.0039 0.033474117)
(-0.0021000001 -0.0037999999 0.033474118)
(-0.0020000001 -0.0037999999 0.033474116)
(-0.0021000001 -0.0038999998 0.041807456)
(-0.0020000001 -0.0038999999 0.041807452)
(-0.0021000001 -0.0037999998 0.041807453)
(-0.0020000001 -0.0037999999 0.041807449)
(-0.0022000001 -0.0036999999 0.03347412)
(-0.0022 -0.0035999999 0.033474121)
(-0.0022000002 -0.0037 0.041807454)
(-0.0022000001 -0.0036 0.041807458)
(-0.0021 -0.0036999999 0.033474119)
(-0.002 -0.0037 0.033474117)
(-0.0021 -0.0035999999 0.03347412)
(-0.002 -0.0035999999 0.033474119)
(-0.0021 -0.0037 0.041807453)
(-0.002 -0.0037 0.041807449)
(-0.0021 -0.0035999999 0.041807456)
(-0.002 -0.0035999999 0.041807454)
(0.00090000001 -0.0043000001 0.033474116)
(0.0009 -0.0042000001 0.033474118)
(0.0009000001 -0.0043000002 0.041807449)
(0.00090000006 -0.0042000003 0.041807452)
(0.00089999998 -0.0041000001 0.033474119)
(0.00089999997 -0.004 0.033474118)
(0.00090000002 -0.0041000001 0.041807454)
(0.0009 -0.0039999999 0.041807453)
(-0.0014999999 -0.0039000001 0.016525881)
(-0.0013999999 -0.0039000001 0.016525882)
(-0.0014999999 -0.0038000001 0.016525882)
(-0.0013999999 -0.0038000001 0.016525883)
(-0.0014999999 -0.0039 0.024999999)
(-0.0013999999 -0.0039 0.024999998)
(-0.0014999999 -0.0038 0.025)
(-0.0013999999 -0.0038 0.024999999)
(-0.0013 -0.0039000001 0.016525881)
(-0.0012 -0.0039000001 0.01652588)
(-0.0013 -0.0038000001 0.016525882)
(-0.0013 -0.0039 0.024999998)
(-0.0012 -0.0039 0.024999998)
(-0.0013 -0.0038 0.024999999)
(-0.0010999998 -0.0039000003 0.0081925426)
(-0.00099999968 -0.0039000004 0.0081925468)
(-0.00089999978 -0.0039000004 0.0081925506)
(-0.0010999999 -0.0039000001 0.01652588)
(-0.00099999988 -0.0039000002 0.016525881)
(-0.0011 -0.0039 0.024999999)
(-0.00099999996 -0.0039000001 0.025)
(-0.0008999999 -0.0039000002 0.016525883)
(-0.00089999996 -0.0039000001 0.025)
(0.0007 -0.0045 0.025)
(0.0008 -0.0045 0.025)
(0.0007 -0.0044 0.025)
(0.0008 -0.0044 0.025)
(0.00010000022 -0.0043 0.0081925532)
(0.00020000005 -0.0043 0.0081925527)
(0.00010000019 -0.0042000002 0.0081925536)
(0.00020000002 -0.0042000002 0.0081925535)
(0.00030000004 -0.0043 0.0081925477)
(0.00040000016 -0.0043 0.0081925458)
(0.00029999999 -0.0042000002 0.0081925495)
(0.00040000011 -0.0042000001 0.0081925491)
(0.00010000017 -0.0041000003 0.0081925506)
(0.00019999999 -0.0041000004 0.0081925509)
(0.00010000016 -0.0040000003 0.0081925509)
(0.00019999998 -0.0040000004 0.0081925506)
(0.00029999996 -0.0041000003 0.008192548)
(0.00040000008 -0.0041000003 0.0081925486)
(0.00029999995 -0.0040000004 0.0081925463)
(0.00040000007 -0.0040000003 0.0081925455)
(0.00010000008 -0.0043 0.016525886)
(0.00020000005 -0.0043 0.016525885)
(0.00010000007 -0.0042000001 0.016525886)
(0.00020000003 -0.0042000001 0.016525886)
(0.00010000003 -0.0043 0.025000001)
(0.00020000003 -0.0043 0.025000001)
(0.00010000002 -0.0042 0.025000001)
(0.00020000002 -0.0042 0.025000001)
(0.00030000004 -0.0043 0.016525883)
(0.00040000006 -0.0043 0.016525882)
(0.00030000002 -0.0042000001 0.016525884)
(0.00040000004 -0.0042000001 0.016525884)
(0.00030000003 -0.0043 0.025)
(0.00040000003 -0.0043 0.025)
(0.00030000002 -0.0042 0.025000001)
(0.00040000002 -0.0042 0.025000001)
(0.00010000005 -0.0041000002 0.016525885)
(0.00020000002 -0.0041000002 0.016525885)
(0.00010000004 -0.0040000002 0.016525885)
(0.00020000001 -0.0040000002 0.016525884)
(0.00010000001 -0.0041000001 0.025000002)
(0.00020000001 -0.0041000001 0.025000002)
(9.9999998e-05 -0.0040000001 0.025000001)
(0.0002 -0.0040000001 0.025000001)
(0.00030000001 -0.0041000001 0.016525884)
(0.00040000002 -0.0041000001 0.016525884)
(0.0003 -0.0040000002 0.016525883)
(0.00040000001 -0.0040000001 0.016525883)
(0.00030000001 -0.0041000001 0.025000001)
(0.00040000001 -0.0041000001 0.025000001)
(0.0003 -0.0040000001 0.025000001)
(0.0004 -0.0040000001 0.025000001)
(0.00050000015 -0.0043 0.0081925483)
(0.00059999999 -0.0042999999 0.0081925496)
(0.0005000001 -0.0042 0.0081925526)
(0.00059999995 -0.0042 0.0081925529)
(0.00069999989 -0.0042999999 0.0081925485)
(0.00079999995 -0.0043 0.0081925475)
(0.00069999992 -0.0042 0.0081925496)
(0.00080000002 -0.0042000001 0.0081925488)
(0.00050000008 -0.0041000002 0.0081925524)
(0.00059999995 -0.0041000001 0.0081925522)
(0.00050000007 -0.0040000002 0.0081925486)
(0.00059999995 -0.0040000002 0.0081925484)
(0.00069999996 -0.0041000001 0.0081925477)
(0.0008000001 -0.0041000002 0.0081925459)
(0.00069999998 -0.0040000001 0.0081925444)
(0.00080000015 -0.0040000001 0.0081925439)
(-0.0019000001 -0.0039 0.033474117)
(-0.0018000001 -0.0039 0.033474118)
(-0.0019000001 -0.0038 0.033474116)
(-0.0018000001 -0.0038 0.033474118)
(-0.0019000003 -0.0038999999 0.041807452)
(-0.0018000003 -0.0038999999 0.041807455)
(-0.0019000002 -0.0037999999 0.041807448)
(-0.0018000003 -0.0037999999 0.041807452)
(-0.0017 -0.0039 0.03347412)
(-0.0015999999 -0.0039 0.033474119)
(-0.0017 -0.0038 0.03347412)
(-0.0015999999 -0.0038 0.03347412)
(-0.0017000001 -0.0038999999 0.041807457)
(-0.0015999998 -0.0038999999 0.041807455)
(-0.0017000001 -0.0037999999 0.041807455)
(-0.0015999998 -0.0038 0.041807455)
(-0.0019000001 -0.0037 0.033474117)
(-0.0018000001 -0.0037 0.033474119)
(-0.0019 -0.0035999999 0.033474118)
(-0.0018000001 -0.0036 0.03347412)
(-0.0019000002 -0.0037 0.041807449)
(-0.0018000003 -0.0037 0.041807452)
(-0.0019000001 -0.0035999999 0.041807454)
(-0.0018000002 -0.0035999999 0.041807455)
(-0.0017 -0.0037 0.033474121)
(-0.0015999999 -0.0037 0.033474121)
(-0.0017000001 -0.0037 0.041807456)
(-0.0015999998 -0.0037 0.041807457)
(-0.0022 -0.0034999999 0.03347412)
(-0.0022 -0.0034999998 0.041807456)
(-0.0021 -0.0034999999 0.033474119)
(-0.002 -0.0034999999 0.033474119)
(-0.0020999999 -0.0034999997 0.041807455)
(-0.002 -0.0034999997 0.041807455)
(0.00050000005 -0.0043 0.016525883)
(0.00060000002 -0.0043 0.016525884)
(0.00050000003 -0.0042 0.016525885)
(0.0006 -0.0042 0.016525885)
(0.00050000002 -0.0043 0.024999999)
(0.00060000001 -0.0043 0.025)
(0.00050000002 -0.0042 0.025000001)
(0.0006 -0.0042 0.025000001)
(0.00069999999 -0.0043 0.016525883)
(0.00079999999 -0.0043 0.016525883)
(0.00069999999 -0.0042 0.016525884)
(0.0008 -0.0042 0.016525884)
(0.0007 -0.0043 0.025)
(0.0008 -0.0043 0.025)
(0.0007 -0.0042 0.025000001)
(0.0008 -0.0042000001 0.025000001)
(0.00050000002 -0.0041000001 0.016525885)
(0.0006 -0.0041000001 0.016525885)
(0.00050000001 -0.0040000001 0.016525884)
(0.0006 -0.0040000001 0.016525883)
(0.00050000001 -0.0041000001 0.025000001)
(0.0006 -0.0041 0.025000001)
(0.0005 -0.0040000001 0.025000001)
(0.0006 -0.004 0.025000001)
(0.0007 -0.0041000001 0.016525884)
(0.00080000003 -0.0041000001 0.016525883)
(0.00070000001 -0.0040000001 0.016525882)
(0.00080000005 -0.0040000001 0.016525882)
(0.0007 -0.0041 0.025000001)
(0.0008 -0.0041 0.025000001)
(0.0007 -0.004 0.025000001)
(0.00080000001 -0.004 0.025)
(0.00090000006 -0.0044 0.0081925457)
(-0.0022 -0.0038999997 0.0081925519)
(-0.0021999999 -0.0037999997 0.0081925523)
(-0.0021000001 -0.0038999998 0.008192548)
(-0.0020000001 -0.0038999998 0.0081925436)
(-0.0021000001 -0.0037999997 0.00819255)
(-0.0020000001 -0.0037999998 0.0081925463)
(0.00090000001 -0.0044 0.016525883)
(0.0009 -0.0044 0.025)
(0.00090000001 -0.0043000001 0.0081925495)
(0.00090000002 -0.0042000002 0.008192552)
(-0.0012000001 -0.0044 0.033474117)
(-0.0012000002 -0.0043999999 0.041807452)
(-0.0021999998 -0.0036999998 0.008192555)
(-0.0021999998 -0.0036 0.0081925539)
(-0.0021000001 -0.0036999998 0.0081925537)
(-0.0020000001 -0.0036999999 0.0081925496)
(-0.0021 -0.0036 0.0081925531)
(-0.0020000001 -0.0036000001 0.0081925493)
(-0.0022 -0.0038999999 0.016525886)
(-0.0022 -0.0037999999 0.016525887)
(-0.0022 -0.0038999999 0.025000002)
(-0.0022 -0.0037999999 0.025000003)
(-0.0021 -0.0038999999 0.016525884)
(-0.002 -0.0038999999 0.016525881)
(-0.0021 -0.0037999999 0.016525885)
(-0.002 -0.0037999999 0.016525883)
(-0.0021 -0.0038999999 0.025000001)
(-0.002 -0.0039 0.024999999)
(-0.0021 -0.0037999999 0.025000002)
(-0.002 -0.0038 0.025)
(-0.0021999999 -0.0036999999 0.016525888)
(-0.0021999999 -0.0035999999 0.016525887)
(-0.0022 -0.0036999999 0.025000003)
(-0.0022 -0.0035999999 0.025000003)
(-0.0021 -0.0036999999 0.016525887)
(-0.002 -0.0037 0.016525885)
(-0.0021 -0.0036 0.016525886)
(-0.002 -0.0036 0.016525884)
(-0.0021 -0.0037 0.025000002)
(-0.002 -0.0037 0.025000001)
(-0.0021 -0.0036 0.025000002)
(-0.002 -0.0036 0.025000001)
(-0.0018999999 -0.0038999999 0.0081925432)
(-0.0017999999 -0.0038999999 0.0081925463)
(-0.0019 -0.0037999998 0.0081925463)
(-0.0017999999 -0.0037999998 0.0081925499)
(-0.0017 -0.0039 0.0081925463)
(-0.0016 -0.0039000001 0.0081925429)
(-0.0017 -0.0037999999 0.0081925498)
(-0.0016 -0.0037999999 0.0081925458)
(-0.0019 -0.0036999999 0.0081925497)
(-0.0018 -0.0036999999 0.0081925534)
(-0.0019 -0.0036000001 0.0081925494)
(-0.0018 -0.0036000002 0.0081925532)
(-0.0017000001 -0.0037 0.0081925534)
(-0.0016 -0.0037 0.0081925496)
(-0.0019 -0.0039 0.01652588)
(-0.0018 -0.0039 0.016525882)
(-0.0019 -0.0037999999 0.016525883)
(-0.0018 -0.0038 0.016525884)
(-0.0019 -0.0039 0.024999999)
(-0.0018 -0.0039 0.025)
(-0.0019 -0.0038 0.025)
(-0.0018 -0.0038 0.025000001)
(-0.0017 -0.0039 0.016525882)
(-0.0016 -0.0039000001 0.016525881)
(-0.0017 -0.0038 0.016525884)
(-0.0016 -0.0038 0.016525883)
(-0.0017 -0.0039 0.025000001)
(-0.0016 -0.0039 0.025)
(-0.0017 -0.0038 0.025000002)
(-0.0016 -0.0038 0.025000001)
(-0.0019 -0.0037 0.016525885)
(-0.0018 -0.0037 0.016525886)
(-0.0019 -0.0036 0.016525884)
(-0.0018 -0.0036000001 0.016525886)
(-0.0019 -0.0037 0.025000001)
(-0.0018 -0.0037 0.025000002)
(-0.0019 -0.0036 0.025000001)
(-0.0018 -0.0036 0.025000002)
(0.0009000001 -0.0041000002 0.0081925487)
(0.0009000002 -0.0040000001 0.0081925467)
(0.00089999999 -0.0043 0.016525884)
(0.00089999999 -0.0042000001 0.016525885)
(0.00089999999 -0.0043 0.025000001)
(0.00089999999 -0.0042000001 0.025000001)
(0.00090000001 -0.0041000001 0.016525884)
(0.00090000006 -0.0040000001 0.016525883)
(0.00089999999 -0.0041000001 0.025000001)
(0.0009 -0.004 0.025)
(-0.0011000001 -0.0044 0.033474119)
(-0.001 -0.0044 0.03347412)
(-0.0011000002 -0.0043999999 0.041807455)
(-0.001 -0.0043999999 0.041807457)
(-0.00079999994 -0.0045 0.033474117)
(-0.00089999995 -0.0044 0.033474118)
(-0.00079999995 -0.0044000001 0.033474116)
(-0.00079999983 -0.0044999999 0.041807451)
(-0.00089999985 -0.0044 0.041807454)
(-0.00079999985 -0.0044 0.041807448)
(-0.0014999999 -0.0043 0.03347412)
(-0.0013999999 -0.0043 0.033474118)
(-0.0014999999 -0.0042 0.033474119)
(-0.0013999999 -0.0041999999 0.033474116)
(-0.0014999997 -0.0042999999 0.041807456)
(-0.0013999998 -0.0042999999 0.041807452)
(-0.0014999996 -0.0041999998 0.041807452)
(-0.0013999998 -0.0041999998 0.041807449)
(-0.0017 -0.0037 0.016525886)
(-0.0016 -0.0037000001 0.016525885)
(-0.0017 -0.0037 0.025000003)
(-0.0016 -0.0037 0.025000003)
(-0.0021999997 -0.0034999999 0.0081925493)
(-0.0021 -0.0035 0.0081925487)
(-0.0020000001 -0.0035000001 0.0081925452)
(-0.0021999999 -0.0034999999 0.016525885)
(-0.0022 -0.0034999999 0.025000002)
(-0.0021 -0.0034999999 0.016525884)
(-0.002 -0.0035 0.016525882)
(-0.0021 -0.0034999999 0.025000001)
(-0.002 -0.0035 0.025)
(-0.0013 -0.0042999999 0.033474117)
(-0.0012000001 -0.0043 0.033474118)
(-0.0013 -0.0041999999 0.033474116)
(-0.0012000001 -0.0041999999 0.033474117)
(-0.0013 -0.0042999998 0.041807451)
(-0.0012000003 -0.0042999998 0.041807453)
(-0.0013000001 -0.0041999998 0.041807448)
(-0.0012000003 -0.0041999998 0.041807451)
(-0.0014999999 -0.0040999999 0.033474118)
(-0.0013999999 -0.0040999999 0.033474115)
(-0.0014999999 -0.0039999999 0.033474117)
(-0.0013999999 -0.0039999999 0.033474114)
(-0.0014999996 -0.0040999998 0.041807453)
(-0.0013999998 -0.0040999998 0.041807449)
(-0.0014999996 -0.0039999998 0.041807453)
(-0.0013999998 -0.0039999998 0.041807449)
(-0.0013 -0.0040999999 0.033474115)
(-0.0012000001 -0.0040999999 0.033474117)
(-0.0013 -0.0039999999 0.033474114)
(-0.0012000001 -0.0039999999 0.033474116)
(-0.0013000001 -0.0040999998 0.041807449)
(-0.0012000003 -0.0040999998 0.041807452)
(-0.0013000001 -0.0039999997 0.041807449)
(-0.0012000003 -0.0039999998 0.041807453)
(-0.0011000001 -0.0043 0.033474119)
(-0.001 -0.0043 0.03347412)
(-0.0011000001 -0.0042 0.033474119)
(-0.001 -0.0042000001 0.03347412)
(-0.0011000003 -0.0042999998 0.041807454)
(-0.0010000001 -0.0043 0.041807455)
(-0.0011000002 -0.0041999999 0.041807454)
(-0.00099999999 -0.0042000001 0.041807455)
(-0.00089999995 -0.0043000001 0.033474118)
(-0.00079999995 -0.0043000001 0.033474116)
(-0.00089999994 -0.0042000001 0.033474119)
(-0.00079999995 -0.0042000002 0.033474117)
(-0.00089999985 -0.0043000001 0.041807452)
(-0.00079999986 -0.0043000002 0.041807448)
(-0.00089999981 -0.0042000002 0.041807453)
(-0.00079999986 -0.0042000003 0.041807451)
(-0.0011000001 -0.0041 0.033474119)
(-0.00099999999 -0.0041 0.03347412)
(-0.0011000001 -0.004 0.033474119)
(-0.00099999999 -0.004 0.033474119)
(-0.0011000002 -0.0040999999 0.041807456)
(-0.00099999994 -0.0041 0.041807458)
(-0.0011000002 -0.0039999998 0.041807457)
(-0.00099999995 -0.0039999999 0.041807457)
(-0.00089999994 -0.0041000001 0.033474119)
(-0.00079999996 -0.0041000001 0.033474118)
(-0.00089999996 -0.004 0.033474118)
(-0.00079999998 -0.004 0.033474118)
(-0.00089999982 -0.0041000001 0.041807455)
(-0.00079999991 -0.0041000002 0.041807453)
(-0.00089999987 -0.0039999999 0.041807454)
(-0.00079999999 -0.004 0.041807453)
(-0.00069999999 -0.0045 0.033474117)
(-0.00060000003 -0.0045 0.033474118)
(-0.00069999999 -0.0044000001 0.033474115)
(-0.00060000003 -0.0044000001 0.033474117)
(-0.00070000002 -0.0044999999 0.041807451)
(-0.00060000008 -0.0044999999 0.041807454)
(-0.00070000002 -0.0044 0.041807447)
(-0.00060000007 -0.0044 0.041807451)
(-0.00050000005 -0.0045 0.033474119)
(-0.00040000008 -0.0045 0.033474118)
(-0.00050000005 -0.0044000001 0.033474117)
(-0.00040000008 -0.0044000001 0.033474116)
(-0.00049999999 -0.0045 0.041807455)
(-0.00040000003 -0.0045 0.041807452)
(-0.00049999999 -0.0044 0.041807451)
(-0.00040000004 -0.0044 0.041807448)
(-0.0012000003 -0.0044000001 0.0081925522)
(-0.0012000001 -0.0044 0.016525886)
(-0.0012 -0.0044 0.025000001)
(-0.0011000002 -0.0044000002 0.0081925499)
(-0.00099999996 -0.0044000003 0.0081925511)
(-0.0008000001 -0.0045 0.0081925542)
(-0.00089999994 -0.0044000003 0.0081925553)
(-0.00080000008 -0.0044000004 0.0081925553)
(-0.0003000001 -0.0045 0.033474118)
(-0.00020000009 -0.0045 0.033474119)
(-0.00030000012 -0.0044 0.033474116)
(-0.0002000001 -0.0044 0.033474118)
(-0.00030000018 -0.0045 0.041807453)
(-0.00020000017 -0.0045 0.041807457)
(-0.0003000002 -0.0044 0.041807448)
(-0.00020000018 -0.0044 0.041807453)
(-0.00010000003 -0.0045 0.03347412)
(9.7983471e-12 -0.0045 0.033474119)
(-0.00010000003 -0.0044 0.033474119)
(1.703707e-11 -0.0044 0.033474118)
(-9.9999992e-05 -0.0045000001 0.041807457)
(7.3425614e-11 -0.0045000001 0.041807454)
(-9.9999991e-05 -0.0043999999 0.041807456)
(1.1558327e-10 -0.0043999999 0.041807454)
(-0.00069999999 -0.0043000001 0.033474115)
(-0.00060000003 -0.0043000001 0.033474116)
(-0.00069999999 -0.0042000002 0.033474117)
(-0.00060000003 -0.0042000002 0.033474118)
(-0.00070000003 -0.0043000002 0.041807447)
(-0.00060000007 -0.0043000002 0.041807451)
(-0.00070000003 -0.0042000004 0.041807451)
(-0.00060000007 -0.0042000004 0.041807454)
(-0.00050000005 -0.0043000001 0.033474116)
(-0.00040000009 -0.0043000001 0.033474115)
(-0.00050000005 -0.0042000002 0.033474118)
(-0.0004000001 -0.0042000001 0.033474116)
(-0.00049999999 -0.0043000002 0.041807451)
(-0.00040000005 -0.0043000002 0.041807447)
(-0.00049999999 -0.0042000003 0.041807454)
(-0.00040000006 -0.0042000003 0.04180745)
(-0.0007 -0.0041000001 0.033474119)
(-0.00060000002 -0.0041000001 0.03347412)
(-0.0007 -0.004 0.033474119)
(-0.00060000001 -0.0040000001 0.033474119)
(-0.0011000001 -0.0044000001 0.016525885)
(-0.001 -0.0044000001 0.016525886)
(-0.0011 -0.0044 0.025000002)
(-0.001 -0.0044000001 0.025000003)
(-0.00080000002 -0.0045 0.016525886)
(-0.00089999999 -0.0044000002 0.016525888)
(-0.00080000001 -0.0044000002 0.016525887)
(-0.00079999999 -0.0045 0.025000001)
(-0.00089999999 -0.0044000001 0.025000002)
(-0.00079999998 -0.0044000001 0.025000002)
(-0.0014999999 -0.0043000002 0.0081925485)
(-0.0013999999 -0.0043000002 0.008192551)
(-0.0014999999 -0.0042000003 0.0081925468)
(-0.0013999999 -0.0042000002 0.0081925497)
(-0.0013000001 -0.0043000003 0.0081925509)
(-0.0012000002 -0.0043000003 0.0081925482)
(-0.0013000001 -0.0042000002 0.0081925496)
(-0.0012000001 -0.0042000003 0.0081925466)
(-0.0014999999 -0.0041000003 0.0081925473)
(-0.0013999999 -0.0041000003 0.0081925515)
(-0.0014999999 -0.0040000003 0.0081925457)
(-0.0013999999 -0.0040000003 0.0081925503)
(-0.0013 -0.0041000003 0.0081925514)
(-0.0012 -0.0041000004 0.0081925474)
(-0.0013 -0.0040000004 0.0081925504)
(-0.0012 -0.0040000004 0.0081925459)
(-0.0015 -0.0043000001 0.016525886)
(-0.0014 -0.0043000001 0.016525886)
(-0.0014999999 -0.0042000001 0.016525884)
(-0.0014 -0.0042000001 0.016525885)
(-0.0014999999 -0.0043 0.025000003)
(-0.0014 -0.0043 0.025000002)
(-0.0014999999 -0.0042 0.025000002)
(-0.0014 -0.0042 0.025000001)
(-0.0013 -0.0043000001 0.016525886)
(-0.0012000001 -0.0043000001 0.016525884)
(-0.0013 -0.0042000001 0.016525884)
(-0.0012 -0.0042000002 0.016525883)
(-0.0013 -0.0043 0.025000001)
(-0.0012 -0.0043 0.025000001)
(-0.0013 -0.0042 0.025)
(-0.0012 -0.0042000001 0.025)
(-0.0014999999 -0.0041000002 0.016525883)
(-0.0013999999 -0.0041000001 0.016525884)
(-0.0014999999 -0.0040000001 0.016525881)
(-0.0013999999 -0.0040000001 0.016525883)
(-0.0014999999 -0.0041 0.025)
(-0.0013999999 -0.0041 0.025)
(-0.0014999999 -0.004 0.024999999)
(-0.0013999999 -0.004 0.024999999)
(-0.0013 -0.0041000002 0.016525884)
(-0.0012 -0.0041000002 0.016525882)
(-0.0013 -0.0040000002 0.016525883)
(-0.0012 -0.0040000002 0.016525881)
(-0.0013 -0.0041 0.024999999)
(-0.0012 -0.0041000001 0.025)
(-0.0013 -0.004 0.024999998)
(-0.0012 -0.004 0.024999999)
(-0.0011000001 -0.0043000005 0.0081925463)
(-0.00099999989 -0.0043000006 0.0081925482)
(-0.0011 -0.0042000005 0.0081925449)
(-0.0009999998 -0.0042000006 0.008192546)
(-0.0022000001 -0.0039999999 0.03347412)
(-0.0022000002 -0.0039999998 0.041807457)
(-0.0020000001 -0.0041 0.033474116)
(-0.0021000001 -0.004 0.033474119)
(-0.0020000001 -0.004 0.033474117)
(-0.0020000001 -0.0041000001 0.041807449)
(-0.0021 -0.0039999999 0.041807456)
(-0.0020000001 -0.004 0.041807452)
(-0.0018000001 -0.0042000001 0.033474119)
(-0.0018000003 -0.0042 0.041807454)
(-0.0017 -0.0042 0.033474121)
(-0.0015999999 -0.0042 0.033474121)
(-0.0017 -0.0042 0.041807456)
(-0.0015999997 -0.0041999999 0.041807455)
(-0.0019000001 -0.0041000001 0.033474116)
(-0.0018000001 -0.0041000001 0.033474118)
(-0.0019000001 -0.004 0.033474117)
(-0.0018000001 -0.004 0.033474119)
(-0.0019000002 -0.0041000001 0.041807449)
(-0.0018000003 -0.0041000001 0.041807453)
(-0.0019000003 -0.0040000001 0.041807452)
(-0.0018000003 -0.0040000001 0.041807455)
(-0.0017 -0.0041 0.03347412)
(-0.0015999999 -0.0041 0.03347412)
(-0.0017 -0.004 0.033474121)
(-0.0015999999 -0.004 0.03347412)
(-0.0017000001 -0.0041 0.041807456)
(-0.0015999998 -0.0040999999 0.041807456)
(-0.0017000001 -0.004 0.041807458)
(-0.0015999998 -0.0039999999 0.041807458)
(-0.00070000006 -0.0041000002 0.041807454)
(-0.00060000007 -0.0041000002 0.041807458)
(-0.00070000009 -0.004 0.041807455)
(-0.00060000003 -0.004 0.041807457)
(-0.00050000004 -0.0041000001 0.033474119)
(-0.00040000009 -0.0041000001 0.033474117)
(-0.00050000002 -0.0040000001 0.033474118)
(-0.00040000008 -0.0040000001 0.033474116)
(-0.00049999998 -0.0041000002 0.041807457)
(-0.00040000005 -0.0041000002 0.041807453)
(-0.00049999993 -0.004 0.041807456)
(-0.00040000003 -0.004 0.041807452)
(-0.00030000014 -0.0043000001 0.033474115)
(-0.00020000013 -0.0043000001 0.033474116)
(-0.00030000015 -0.0042000001 0.033474116)
(-0.00020000016 -0.0042000001 0.033474117)
(-0.00030000023 -0.0043000002 0.041807447)
(-0.00020000025 -0.0043000001 0.041807451)
(-0.00030000026 -0.0042000003 0.04180745)
(-0.00020000033 -0.0042000003 0.041807453)
(-0.00010000006 -0.0043 0.033474118)
(7.5717404e-12 -0.0043 0.033474117)
(-0.0001000001 -0.0042000001 0.033474118)
(-1.6697136e-11 -0.0042 0.033474118)
(-0.00010000006 -0.0043 0.041807453)
(1.0797096e-10 -0.0043 0.041807451)
(-0.00010000017 -0.0042000002 0.041807454)
(4.9714202e-11 -0.0042000001 0.041807453)
(-0.00030000016 -0.0041000001 0.033474117)
(-0.00020000019 -0.0041000001 0.033474118)
(-0.00030000016 -0.0040000001 0.033474116)
(-0.0002000002 -0.0040000001 0.033474118)
(-0.00030000028 -0.0041000002 0.041807452)
(-0.00020000038 -0.0041000002 0.041807455)
(-0.00030000029 -0.0040000001 0.041807451)
(-0.00020000041 -0.0040000001 0.041807454)
(-0.00010000013 -0.0041000001 0.03347412)
(-4.251688e-11 -0.0041000001 0.03347412)
(-0.00010000015 -0.0040000001 0.033474119)
(-0.00010000024 -0.0041000002 0.041807458)
(-7.1748979e-12 -0.0041000001 0.041807457)
(-0.00010000029 -0.004 0.041807457)
(0.00010000001 -0.0045 0.033474118)
(0.00019999999 -0.0045 0.033474119)
(0.00010000002 -0.0044 0.033474117)
(0.0002 -0.0044 0.033474117)
(9.9999972e-05 -0.0045000001 0.041807453)
(0.0001999999 -0.0045000001 0.041807455)
(0.00010000004 -0.0043999999 0.041807452)
(0.00019999993 -0.0043999999 0.041807453)
(0.0003 -0.0045 0.033474119)
(0.00040000001 -0.0045 0.033474118)
(0.0003 -0.0044 0.033474118)
(0.00040000002 -0.0044 0.033474116)
(0.00029999997 -0.0045 0.041807456)
(0.00040000005 -0.0044999999 0.041807454)
(0.00029999994 -0.0043999999 0.041807455)
(0.00040000006 -0.0043999999 0.041807452)
(-0.0014999992 -0.0038999995 0.050000001)
(-0.0013999994 -0.0038999994 0.050000001)
(-0.0014999992 -0.0038000002 0.050000001)
(-0.0013999994 -0.0038000002 0.050000001)
(-0.0013000005 -0.0038999994 0.050000001)
(-0.0012000008 -0.0038999994 0.050000001)
(-0.0013000005 -0.0038000002 0.050000001)
(0.00050000021 -0.0044999995 0.050000001)
(0.00059999937 -0.0044999996 0.050000001)
(0.00050000032 -0.0043999996 0.050000001)
(0.00059999951 -0.0043999996 0.050000001)
(0.00069999934 -0.0044999996 0.050000001)
(0.00080000013 -0.0044999996 0.050000001)
(0.0006999995 -0.0043999997 0.050000001)
(0.00080000031 -0.0043999997 0.050000001)
(0.00010000041 -0.0042999996 0.050000001)
(0.00019999964 -0.0042999996 0.050000001)
(0.00010000042 -0.0042000004 0.050000001)
(0.00019999966 -0.0042000004 0.050000001)
(0.00029999966 -0.0042999997 0.050000001)
(0.00040000041 -0.0043000003 0.050000001)
(0.00029999966 -0.0042000005 0.050000001)
(0.00040000042 -0.0042000006 0.050000001)
(0.00010000038 -0.0041000005 0.050000001)
(0.00019999965 -0.0041000005 0.050000001)
(0.00010000034 -0.0039999997 0.050000001)
(0.00019999963 -0.0039999997 0.050000001)
(0.00029999966 -0.0041000005 0.050000001)
(0.00040000043 -0.0041000005 0.050000001)
(0.00029999966 -0.0039999997 0.050000001)
(0.00040000042 -0.0039999996 0.050000001)
(-0.0011000006 -0.0038999995 0.050000001)
(-0.00099999968 -0.0038999995 0.050000001)
(-0.00089999958 -0.0038999995 0.050000001)
(0.00050000038 -0.0043000005 0.050000001)
(0.00059999959 -0.0043000005 0.050000001)
(0.00050000041 -0.0042000007 0.050000001)
(0.00059999963 -0.0042000007 0.050000001)
(0.00069999959 -0.0043000006 0.050000001)
(0.00080000038 -0.0043000006 0.050000001)
(0.00069999962 -0.0042000007 0.050000001)
(0.00080000038 -0.0042000007 0.050000001)
(0.00050000041 -0.0041000005 0.050000001)
(0.00059999963 -0.0041000005 0.050000001)
(0.0005000004 -0.0039999996 0.050000001)
(0.00059999961 -0.0039999996 0.050000001)
(0.00069999961 -0.0041000005 0.050000001)
(0.00080000035 -0.0041000005 0.050000001)
(0.00069999958 -0.0039999995 0.050000001)
(0.00080000032 -0.0039999995 0.050000001)
(0.00090000046 -0.0043999997 0.050000001)
(-0.0022000006 -0.0038999993 0.050000001)
(-0.0022000007 -0.0037999994 0.050000001)
(-0.0020999998 -0.0038999994 0.050000001)
(-0.0019999998 -0.0038999995 0.050000001)
(-0.0020999998 -0.0037999995 0.050000001)
(-0.0019999998 -0.0037999995 0.050000001)
(-0.0022000006 -0.0037000002 0.050000001)
(-0.0022000004 -0.0036000002 0.050000001)
(-0.0020999997 -0.0037000002 0.050000001)
(-0.0019999997 -0.0037000002 0.050000001)
(-0.0020999997 -0.0036000002 0.050000001)
(-0.0019999997 -0.0036000002 0.050000001)
(0.00090000044 -0.0043000006 0.050000001)
(0.00090000037 -0.0042000007 0.050000001)
(0.00090000032 -0.0041000004 0.050000001)
(0.00090000029 -0.0039999995 0.050000001)
(-0.0019000007 -0.0038999996 0.050000001)
(-0.0018000008 -0.0038999996 0.050000001)
(-0.0019000007 -0.0037999996 0.050000001)
(-0.0018000008 -0.0037999996 0.050000001)
(-0.0017000005 -0.0038999996 0.050000001)
(-0.0015999994 -0.0038999995 0.050000001)
(-0.0017000005 -0.0037999997 0.050000001)
(-0.0015999994 -0.0038000003 0.050000001)
(-0.0019000006 -0.0037000003 0.050000001)
(-0.0018000007 -0.0037000003 0.050000001)
(-0.0019000004 -0.0036000002 0.050000001)
(-0.0018000006 -0.0036000002 0.050000001)
(-0.0017000005 -0.0037000003 0.050000001)
(-0.0015999995 -0.0037000003 0.050000001)
(-0.0021999997 -0.0034999994 0.050000001)
(-0.0020999996 -0.0034999993 0.050000001)
(-0.0020000002 -0.0034999992 0.050000001)
(-0.0012000006 -0.0044000002 0.050000001)
(-0.0011000006 -0.0043999996 0.050000001)
(-0.0010000003 -0.0043999996 0.050000001)
(-0.00079999943 -0.0044999996 0.050000001)
(-0.00089999945 -0.0043999997 0.050000001)
(-0.00079999948 -0.0043999997 0.050000001)
(-0.0014999992 -0.0042999996 0.050000001)
(-0.0013999993 -0.0042999995 0.050000001)
(-0.0014999991 -0.0041999994 0.050000001)
(-0.0013999994 -0.0041999994 0.050000001)
(-0.0013000004 -0.0042999995 0.050000001)
(-0.0012000007 -0.0042999994 0.050000001)
(-0.0013000005 -0.0041999993 0.050000001)
(-0.0012000008 -0.0041999994 0.050000001)
(-0.0014999991 -0.0041 0.050000001)
(-0.0013999994 -0.0040999999 0.050000001)
(-0.0014999991 -0.0039999994 0.050000001)
(-0.0013999994 -0.0039999993 0.050000001)
(-0.0013000005 -0.0040999999 0.050000001)
(-0.0012000008 -0.0041 0.050000001)
(-0.0013000005 -0.0039999993 0.050000001)
(-0.0012000008 -0.0039999993 0.050000001)
(-0.0011000007 -0.0042999995 0.050000001)
(-0.0010000004 -0.0042999997 0.050000001)
(-0.0011000007 -0.0041999995 0.050000001)
(-0.00099999971 -0.0042000004 0.050000001)
(-0.00089999947 -0.0043000005 0.050000001)
(-0.00079999949 -0.0043000006 0.050000001)
(-0.00089999941 -0.0042000007 0.050000001)
(-0.0007999995 -0.0042000008 0.050000001)
(-0.0011000006 -0.0041000001 0.050000001)
(-0.00099999963 -0.0041000003 0.050000001)
(-0.0011000006 -0.0039999994 0.050000001)
(-0.00099999964 -0.0039999995 0.050000001)
(-0.00089999941 -0.0041000005 0.050000001)
(-0.00079999956 -0.0041000006 0.050000001)
(-0.00089999949 -0.0039999996 0.050000001)
(-0.00080000025 -0.0039999996 0.050000001)
(-0.0007000003 -0.0044999995 0.050000001)
(-0.00060000039 -0.0044999996 0.050000001)
(-0.00070000031 -0.0043999997 0.050000001)
(-0.00060000038 -0.0043999997 0.050000001)
(-0.00049999969 -0.0044999996 0.050000001)
(-0.00039999975 -0.0044999997 0.050000001)
(-0.00049999969 -0.0043999997 0.050000001)
(-0.00039999976 -0.0043999997 0.050000001)
(-0.00030000055 -0.0044999997 0.050000001)
(-0.00020000054 -0.0044999997 0.050000001)
(-0.00030000057 -0.0043999997 0.050000001)
(-0.00020000058 -0.0043999997 0.050000001)
(-9.9999721e-05 -0.0045000003 0.050000001)
(3.8693418e-10 -0.0045000003 0.050000001)
(-9.9999732e-05 -0.0043999996 0.050000001)
(4.5472416e-10 -0.0043999996 0.050000001)
(-0.00070000031 -0.0043000007 0.050000001)
(-0.00060000038 -0.0043000007 0.050000001)
(-0.00070000033 -0.0042000008 0.050000001)
(-0.00060000037 -0.0042000008 0.050000001)
(-0.00049999969 -0.0043000006 0.050000001)
(-0.00039999977 -0.0043000006 0.050000001)
(-0.00049999968 -0.0042000008 0.050000001)
(-0.00039999978 -0.0042000008 0.050000001)
(-0.0022000005 -0.0039999995 0.050000001)
(-0.0019999998 -0.0041000004 0.050000001)
(-0.0020999998 -0.0040000002 0.050000001)
(-0.0019999998 -0.0040000003 0.050000001)
(-0.0018000007 -0.0041999997 0.050000001)
(-0.0016999998 -0.0041999996 0.050000001)
(-0.0015999993 -0.0041999995 0.050000001)
(-0.0019000007 -0.0041000004 0.050000001)
(-0.0018000007 -0.0041000004 0.050000001)
(-0.0019000007 -0.0040000004 0.050000001)
(-0.0018000008 -0.0040000004 0.050000001)
(-0.0017000004 -0.0041000003 0.050000001)
(-0.0015999993 -0.0041000001 0.050000001)
(-0.0017000005 -0.0040000002 0.050000001)
(-0.0015999994 -0.0039999995 0.050000001)
(-0.00070000037 -0.0041000006 0.050000001)
(-0.00060000037 -0.0041000006 0.050000001)
(-0.00070000043 -0.0039999996 0.050000001)
(-0.00060000034 -0.0039999997 0.050000001)
(-0.00049999965 -0.0041000006 0.050000001)
(-0.00039999976 -0.0041000006 0.050000001)
(-0.00049999959 -0.0039999997 0.050000001)
(-0.00039999973 -0.0039999997 0.050000001)
(-0.00030000062 -0.0043000005 0.050000001)
(-0.00020000066 -0.0043000004 0.050000001)
(-0.00030000066 -0.0042000007 0.050000001)
(-0.00020000077 -0.0042000007 0.050000001)
(-9.9999804e-05 -0.0042999997 0.050000001)
(4.6143612e-10 -0.0042999996 0.050000001)
(-0.0001000005 -0.0042000005 0.050000001)
(3.9887324e-10 -0.0042000005 0.050000001)
(-0.00030000068 -0.0041000006 0.050000001)
(-0.00020000085 -0.0041000006 0.050000001)
(-0.00030000069 -0.0039999998 0.050000001)
(-0.0002000009 -0.0039999998 0.050000001)
(-0.00010000061 -0.0041000005 0.050000001)
(3.2001346e-10 -0.0041000005 0.050000001)
(-0.00010000069 -0.0039999998 0.050000001)
(9.9999679e-05 -0.0045000003 0.050000001)
(0.00019999961 -0.0045000003 0.050000001)
(0.00010000035 -0.0043999996 0.050000001)
(0.00019999962 -0.0043999995 0.050000001)
(0.00029999974 -0.0045000002 0.050000001)
(0.0004000004 -0.0044999995 0.050000001)
(0.00029999969 -0.0043999995 0.050000001)
(0.00040000041 -0.0043999995 0.050000001)
(-0.00089999953 -0.0043000013 0)
(-0.00080000038 -0.0043000013 0)
(-0.00089999947 -0.0042000014 0)
(-0.00080000035 -0.0042000014 0)
(-0.0010999995 -0.0041000011 0)
(-0.00099999927 -0.0041000007 0)
(-0.0010999994 -0.004000001 0)
(-0.00099999926 -0.0040000005 0)
(-0.00089999944 -0.0041000006 0)
(-0.00080000034 -0.0041000012 0)
(-0.00089999942 -0.0040000004 0)
(-0.00080000032 -0.0040000004 0)
(-0.00070000047 -0.0044999996 0)
(-0.00059999977 -0.0044999996 0)
(-0.00070000046 -0.0044000008 0)
(-0.00059999978 -0.0044000007 0)
(-0.00049999988 -0.0044999996 0)
(-0.00040000081 -0.0044999996 0)
(-0.00049999991 -0.0044000007 0)
(-0.00040000084 -0.0044000007 0)
(-0.00030000095 -0.0044999996 0)
(-0.00020000063 -0.0044999996 0)
(-0.00030000099 -0.0044000006 0)
(-0.00020000067 -0.0044000005 0)
(-9.9999505e-05 -0.0045000003 0)
(8.2665525e-10 -0.0045000003 0)
(-9.9999537e-05 -0.0043999998 0)
(7.9359518e-10 -0.0043999997 0)
(-0.0022000004 -0.0039999993 0)
(-0.0020000004 -0.0041 0)
(-0.0021000006 -0.0039999995 0)
(-0.0019999998 -0.0040000003 0)
(-0.00070000045 -0.0043000012 0)
(-0.00059999979 -0.0043000011 0)
(-0.00070000045 -0.0042000013 0)
(-0.00059999979 -0.0042000005 0)
(-0.00049999992 -0.004300001 0)
(-0.00040000087 -0.0043000009 0)
(-0.00049999993 -0.0042000009 0)
(-0.00040000088 -0.0042000008 0)
(-0.00070000044 -0.004100001 0)
(-0.00059999979 -0.0041000002 0)
(-0.00069999985 -0.0040000002 0)
(-0.00059999977 -0.004 0)
(-0.00049999993 -0.0041000001 0)
(-0.00040000088 -0.0041 0)
(-0.00049999991 -0.0039999999 0)
(-0.00040000086 -0.0039999999 0)
(-0.00030000104 -0.0043000009 0)
(-0.00020000073 -0.0043000007 0)
(-0.00030000107 -0.0042000008 0)
(-0.00020000078 -0.0042000007 0)
(-9.9999604e-05 -0.0042999999 0)
(7.3978832e-10 -0.0042999998 0)
(-9.999965e-05 -0.0042000007 0)
(6.9932844e-10 -0.0042000006 0)
(0.00010000072 -0.0045000004 0)
(0.00019999986 -0.0045000004 0)
(0.00010000068 -0.0043999997 0)
(0.00019999982 -0.0043999997 0)
(-0.0017999996 -0.0042000011 0)
(-0.0017000003 -0.0042000011 0)
(-0.0016000003 -0.004200001 0)
(-0.0018999996 -0.0041000008 0)
(-0.0017999996 -0.004100001 0)
(-0.0018999996 -0.0040000005 0)
(-0.0017999996 -0.0040000007 0)
(-0.0017000004 -0.0041000011 0)
(-0.0016000003 -0.004100001 0)
(-0.0017000004 -0.0040000008 0)
(-0.0016000003 -0.0040000008 0)
(-0.00030000107 -0.0041 0)
(-0.00020000078 -0.0041 0)
(-0.00030000104 -0.0039999999 0)
(-0.00020000077 -0.004 0)
(-9.9999658e-05 -0.0041000007 0)
(6.8245019e-10 -0.0041000007 0)
(-9.9999663e-05 -0.0040000001 0)
(-0.0014999996 -0.0039000006 0)
(-0.0013999995 -0.0039000007 0)
(-0.0014999995 -0.0037999997 0)
(-0.0013999995 -0.0037999998 0)
(-0.0013000003 -0.0039000007 0)
(-0.0012000003 -0.0039000008 0)
(-0.0013000003 -0.0037999998 0)
(0.00029999985 -0.0045000005 0)
(0.00040000068 -0.0045000006 0)
(0.0002999998 -0.0043999998 0)
(0.00040000058 -0.0044000004 0)
(0.00050000078 -0.0045000006 0)
(0.00060000055 -0.0045000005 0)
(0.00050000062 -0.0044000004 0)
(0.00060000037 -0.0044000002 0)
(0.00069999969 -0.0045000004 0)
(0.0007999997 -0.0045000003 0)
(0.00069999958 -0.0043999996 0)
(0.00079999965 -0.0043999996 0)
(-0.0010999994 -0.0039000008 0)
(-0.00099999924 -0.0039000008 0)
(-0.0008999994 -0.0039000008 0)
(0.00010000064 -0.0042999997 0)
(0.00019999978 -0.0042999997 0)
(0.0001000006 -0.0042000006 0)
(0.00019999974 -0.0042000006 0)
(0.00029999975 -0.0042999997 0)
(0.0004000005 -0.0042999997 0)
(0.00029999969 -0.0042000005 0)
(0.00040000043 -0.0041999998 0)
(0.00010000058 -0.0041000008 0)
(0.0001999997 -0.0041000008 0)
(0.00010000056 -0.0040000003 0)
(0.00019999969 -0.0040000003 0)
(0.00029999965 -0.0041000008 0)
(0.00040000039 -0.0041000007 0)
(0.00029999964 -0.0040000009 0)
(0.00040000038 -0.0040000008 0)
(0.00050000049 -0.0042999996 0)
(0.00059999966 -0.0042999995 0)
(0.00050000041 -0.0041999997 0)
(0.00059999963 -0.0041999996 0)
(0.00069999954 -0.0042999995 0)
(0.00079999966 -0.0042999996 0)
(0.00069999959 -0.0041999997 0)
(0.00080000032 -0.0042000004 0)
(0.00050000039 -0.0041000006 0)
(0.00059999964 -0.0041000005 0)
(0.00050000038 -0.0040000006 0)
(0.00059999964 -0.0040000005 0)
(0.00069999965 -0.0041000005 0)
(0.00080000043 -0.0041000005 0)
(0.00069999969 -0.0040000005 0)
(0.00080000051 -0.0039999998 0)
(0.00090000039 -0.0044000003 0)
(-0.0022000003 -0.0038999998 0)
(-0.0021999995 -0.0037999993 0)
(-0.0021000005 -0.0038999999 0)
(-0.0020000004 -0.0038999995 0)
(-0.0021000005 -0.0037999993 0)
(-0.0020000004 -0.0037999993 0)
(0.00090000032 -0.0042999998 0)
(0.00090000033 -0.0042000005 0)
(-0.0021999994 -0.0036999995 0)
(-0.0021999994 -0.0036000003 0)
(-0.0021000004 -0.0036999995 0)
(-0.0020000005 -0.0036999995 0)
(-0.0021000004 -0.0036000003 0)
(-0.0020000004 -0.0036000004 0)
(-0.0018999996 -0.0038999995 0)
(-0.0017999996 -0.0038999996 0)
(-0.0018999996 -0.0037999993 0)
(-0.0017999996 -0.0037999994 0)
(-0.0017000003 -0.0038999997 0)
(-0.0016000003 -0.0038999998 0)
(-0.0017000004 -0.0037999995 0)
(-0.0016000003 -0.0037999996 0)
(-0.0018999997 -0.0036999996 0)
(-0.0017999996 -0.0036999996 0)
(-0.0018999997 -0.0036000005 0)
(-0.0017999997 -0.0036000006 0)
(-0.0017000004 -0.0036999997 0)
(-0.0016000003 -0.0036999997 0)
(0.00090000042 -0.0041000006 0)
(0.00090000057 -0.0039999999 0)
(-0.0021999993 -0.0035000002 0)
(-0.0021000003 -0.0035000003 0)
(-0.0020000005 -0.0035000005 0)
(-0.0012000007 -0.0044000005 0)
(-0.0011000005 -0.0044000006 0)
(-0.00099999961 -0.0044000007 0)
(-0.00080000043 -0.0044999996 0)
(-0.0008999996 -0.0044000008 0)
(-0.0008000004 -0.0044000008 0)
(-0.0014999996 -0.0043000007 0)
(-0.0013999996 -0.0043000006 0)
(-0.0014999996 -0.0042000003 0)
(-0.0013999996 -0.0042000001 0)
(-0.0013000005 -0.0043000007 0)
(-0.0012000006 -0.0043000008 0)
(-0.0013000004 -0.0042000002 0)
(-0.0012000004 -0.0042000003 0)
(-0.0014999996 -0.0041000003 0)
(-0.0013999996 -0.0041000002 0)
(-0.0014999996 -0.0040000008 0)
(-0.0013999996 -0.0040000008 0)
(-0.0013000003 -0.0041000002 0)
(-0.0012000003 -0.0041000004 0)
(-0.0013000003 -0.0040000009 0)
(-0.0012000003 -0.004000001 0)
(-0.0011000003 -0.0043000011 0)
(-0.00099999948 -0.0043000012 0)
(-0.0011000001 -0.0042000006 0)
(-0.00099999934 -0.0042000014 0)
)


// ************************************************************************* //
