/*--------------------------------*- C++ -*----------------------------------*\
| =========                 |                                                 |
| \\      /  F ield         | OpenFOAM: The Open Source CFD Toolbox           |
|  \\    /   O peration     | Version:  2412                                  |
|   \\  /    A nd           | Website:  www.openfoam.com                      |
|    \\/     M anipulation  |                                                 |
\*---------------------------------------------------------------------------*/
FoamFile
{
    version     2.0;
    format      ascii;
    arch        "LSB;label=32;scalar=64";
    note        "nPoints:6314  nCells:3340  nFaces:12875  nInternalFaces:7165";
    class       labelList;
    location    "constant/claddingZone/polyMesh";
    object      neighbour;
}
// * * * * * * * * * * * * * * * * * * * * * * * * * * * * * * * * * * * * * //


7165
(
1
3
2
4
3
5
7
6
5
32
19
33
7
9
8
19
9
11
18
10
11
14
15
17
13
22
25
14
21
15
16
21
17
20
52
18
47
19
39
38
21
23
53
22
23
26
29
58
25
27
42
26
27
29
28
45
29
46
64
59
31
35
77
32
34
33
34
38
35
37
36
78
37
41
85
38
40
39
40
47
41
48
49
86
43
45
44
71
45
69
72
46
65
69
48
52
49
51
50
114
51
55
115
52
54
53
54
58
55
57
56
122
57
61
123
58
60
59
60
64
61
63
62
195
63
66
196
64
67
65
67
112
67
113
268
68
112
113
179
93
112
71
73
75
72
73
93
74
94
75
95
97
76
97
98
78
80
79
85
80
84
88
81
82
84
83
138
84
90
139
89
86
88
87
114
88
92
117
89
90
92
91
147
92
119
148
118
94
111
95
110
96
177
97
100
176
99
99
102
100
103
101
175
103
109
174
103
105
104
105
107
109
106
107
161
108
162
109
170
172
173
111
177
180
112
179
178
269
115
117
116
122
117
121
125
118
119
121
120
185
121
127
186
126
123
125
124
195
125
129
198
126
127
129
128
191
129
192
200
199
131
192
193
203
132
190
191
133
186
187
134
184
185
135
148
149
136
146
147
137
139
145
138
142
139
147
141
145
155
157
142
152
143
145
144
152
145
151
155
146
149
151
157
148
185
150
184
208
151
183
209
156
153
155
154
158
227
155
211
212
228
156
157
209
211
208
212
218
160
223
312
316
320
313
315
162
164
163
170
164
166
169
165
166
168
167
298
168
299
302
301
170
295
298
171
172
293
295
173
290
174
289
175
286
176
285
177
282
281
179
181
276
180
181
281
277
280
440
441
463
184
188
233
187
207
186
191
188
190
206
189
232
190
194
237
193
238
192
204
194
239
348
240
349
196
198
197
268
198
202
271
199
200
202
201
204
202
205
273
272
204
346
348
205
346
361
207
232
238
208
233
209
210
233
211
214
230
234
213
229
213
217
214
216
215
242
216
230
256
263
217
229
255
218
228
250
226
227
222
226
221
223
252
312
222
251
223
225
224
225
248
252
320
226
249
251
250
228
229
230
231
234
263
264
233
235
237
234
235
242
236
243
264
237
241
244
265
238
240
239
240
353
241
352
245
266
355
243
263
244
491
245
498
499
511
247
260
305
307
341
248
259
308
340
249
253
321
250
254
259
255
252
254
253
311
254
308
310
258
256
259
260
262
258
260
307
490
259
308
260
261
262
305
490
493
263
492
491
265
491
266
498
267
499
355
510
544
269
271
270
276
271
275
279
272
273
275
274
361
275
362
519
518
277
279
278
522
279
521
525
518
281
283
522
282
283
285
284
523
285
287
571
286
287
289
288
572
289
291
579
290
291
293
292
580
293
296
587
294
295
296
470
297
469
588
298
470
472
299
300
472
302
474
476
302
304
303
304
476
478
479
306
374
494
307
375
488
490
308
342
309
310
340
342
344
311
321
323
312
318
320
313
317
314
315
317
327
316
328
317
319
329
318
330
319
323
332
320
322
333
321
322
340
323
337
339
336
344
325
385
326
390
327
331
391
328
330
329
330
333
331
332
334
396
333
334
336
337
335
416
336
382
415
337
381
338
339
379
381
340
344
378
341
342
374
378
343
375
344
376
378
380
381
618
620
347
360
348
350
354
365
349
353
350
352
351
359
352
354
356
358
353
355
354
364
356
511
357
512
544
358
370
513
545
359
364
369
365
368
361
365
367
362
367
534
364
366
369
515
365
366
367
368
516
517
369
541
370
553
514
552
554
372
506
725
727
730
373
495
724
728
374
485
487
494
375
377
376
487
377
486
718
378
384
485
379
380
384
381
383
718
382
383
711
712
717
484
718
386
390
387
389
397
388
398
389
393
406
390
392
405
391
392
396
393
395
408
394
407
395
412
414
396
411
417
416
398
403
405
402
406
400
410
412
424
458
401
407
409
453
402
404
406
435
403
430
404
429
405
409
434
406
408
407
408
412
409
411
410
452
411
425
457
412
426
413
414
420
424
426
417
419
416
418
711
417
418
426
419
427
710
420
709
423
427
708
422
707
787
794
899
423
708
782
784
424
428
770
425
468
426
428
467
427
428
785
769
784
430
432
434
431
435
432
436
438
433
434
436
455
435
452
436
453
437
454
438
461
466
439
462
440
448
462
442
448
673
443
447
679
446
678
445
669
674
446
691
447
677
690
672
451
627
671
451
617
625
628
453
455
457
454
458
455
459
461
456
457
459
773
458
467
459
468
460
772
461
768
775
767
463
466
672
465
673
465
698
700
767
466
681
767
893
468
769
773
770
772
470
473
595
471
472
473
602
474
596
601
475
602
476
603
605
477
478
605
611
479
481
480
481
607
608
611
483
727
732
762
484
722
728
485
719
486
728
487
719
723
488
724
489
494
504
490
493
503
492
498
493
497
494
496
495
496
504
506
497
501
503
498
500
499
500
510
501
509
502
506
508
503
505
733
504
505
724
506
725
734
507
508
730
734
738
509
733
737
510
547
511
546
512
513
546
514
548
551
558
516
553
557
517
539
541
532
534
519
521
520
534
521
527
533
526
523
525
524
571
525
529
574
526
527
529
528
535
529
536
576
575
531
536
537
824
532
535
538
533
539
534
535
536
825
538
543
564
829
539
542
563
540
557
541
542
556
553
543
562
565
830
545
546
548
552
547
548
549
737
549
551
550
740
551
746
751
552
745
570
554
556
555
558
570
556
559
561
569
557
562
563
559
745
560
747
561
942
949
562
566
568
563
565
564
565
828
566
842
567
843
942
568
952
953
569
949
570
747
745
572
574
573
579
574
578
582
575
576
578
577
825
578
584
826
583
580
582
581
587
582
586
590
583
584
586
585
836
586
592
837
591
588
590
589
595
590
594
598
591
592
594
593
854
594
600
855
599
596
598
597
956
598
822
957
599
600
822
823
869
602
604
956
603
604
606
614
955
606
612
614
821
608
610
609
817
610
805
816
806
612
817
819
821
614
821
963
1168
964
616
618
653
617
652
624
619
620
653
655
621
622
655
623
658
659
664
625
650
652
628
630
627
629
631
884
628
877
629
630
632
633
650
632
635
892
633
636
634
649
636
646
648
636
638
891
637
638
646
876
639
1103
643
876
1102
641
872
1118
1123
642
1119
1120
643
874
1110
875
1111
645
873
875
1403
646
876
1138
647
648
663
1138
649
660
650
656
651
652
654
656
653
654
655
657
658
657
660
658
661
659
661
1134
661
663
662
663
1134
1137
1136
665
1134
666
1135
667
1139
1127
1144
669
670
880
879
671
878
877
673
893
679
681
675
691
879
684
692
882
677
682
687
689
692
678
690
691
679
682
680
690
681
682
689
697
698
893
683
687
697
904
685
693
885
694
889
1058
687
694
695
904
1070
688
693
689
695
697
690
692
693
694
1069
696
1071
697
699
904
908
698
699
894
700
895
909
701
768
702
776
909
778
902
910
704
803
924
926
1051
705
799
921
923
706
789
795
797
707
715
792
794
708
714
786
709
785
710
714
711
713
785
712
713
716
714
786
791
715
789
791
717
788
791
718
720
719
720
722
721
788
722
731
798
723
732
724
726
728
725
726
757
727
732
758
728
729
730
758
760
762
755
757
732
764
802
763
734
736
735
757
736
738
742
756
737
741
738
740
739
755
740
742
752
754
741
751
742
744
743
933
744
752
938
940
751
939
746
747
748
750
748
949
749
950
750
945
947
1018
751
939
941
752
753
941
754
936
938
1023
755
933
935
756
760
757
759
933
758
759
763
760
766
934
761
935
762
766
1033
763
764
766
765
929
766
930
1035
1034
768
894
776
895
770
774
783
771
782
772
774
777
781
773
775
774
896
776
777
778
920
778
780
779
919
780
902
918
1087
781
901
782
896
900
783
899
784
896
898
785
787
786
787
792
793
898
790
798
790
799
791
797
800
792
793
797
794
796
1056
795
1057
796
923
1093
797
922
1092
921
800
802
800
803
801
921
802
803
926
928
929
804
928
931
1051
806
808
815
807
808
809
812
814
810
812
811
982
812
818
985
813
814
818
1162
815
1163
816
1164
817
1165
819
986
1161
820
1165
821
1166
1168
823
958
870
959
825
829
832
826
832
836
828
833
839
841
829
842
830
833
831
842
833
841
849
833
835
834
835
839
849
851
836
850
837
850
854
839
847
851
857
840
841
845
847
849
842
844
843
844
953
1006
845
954
1007
846
980
1008
847
865
981
1009
848
858
849
851
859
851
853
852
853
857
859
861
854
860
855
860
869
857
861
863
866
858
859
863
865
862
861
868
862
867
863
971
864
978
865
977
1011
1315
1010
1314
867
975
978
868
971
974
869
973
870
973
1219
872
1418
1420
1704
1124
1705
874
1121
1404
875
1120
876
878
884
880
883
880
882
881
882
883
887
885
884
886
892
887
889
887
890
892
888
889
890
1098
1096
891
1097
892
1103
894
895
920
897
898
900
1090
899
1056
900
1057
901
1089
1087
1088
903
911
916
1080
1087
905
906
908
1070
907
913
1073
908
910
912
1072
909
1071
910
920
911
919
912
916
918
913
915
1075
914
1074
915
1077
1079
916
1076
1259
917
1258
918
1087
1257
919
920
922
926
923
925
1248
924
1247
925
1052
1246
926
1053
1253
927
928
1051
1053
1055
929
932
930
932
1042
932
1043
1050
1044
1055
934
938
935
937
1034
936
1033
937
1024
1032
938
1025
1037
1022
940
947
941
946
1022
945
1023
952
1006
944
1015
1017
1020
1334
945
1018
1021
1335
946
1028
947
1021
1027
948
1018
1019
1021
950
952
951
1018
952
1017
1346
1345
954
1345
980
1348
956
960
964
957
958
960
959
961
962
1219
961
965
962
966
967
1220
964
968
1203
965
966
968
967
969
970
1228
969
1206
970
1207
1208
1229
972
978
974
979
1223
974
1222
975
1224
979
1238
977
979
1239
1317
1320
978
1240
1316
979
1319
981
1349
1314
1351
983
985
984
988
985
987
991
986
987
1179
992
1180
989
991
990
994
991
993
995
992
993
1539
998
1543
995
997
996
998
997
999
1001
1000
999
1544
1004
1549
1001
1003
1002
1004
1003
1005
1184
1183
1005
1550
1187
1601
1007
1345
1008
1348
1009
1349
1010
1351
1011
1458
1240
1459
1013
1330
1353
1360
1455
1014
1331
1354
1359
1015
1332
1355
1357
1016
1333
1343
1017
1344
1346
1355
1018
1019
1020
1344
1021
1341
1343
1336
1023
1025
1027
1024
1028
1025
1029
1031
1026
1038
1027
1029
1041
1337
1028
1336
1029
1335
1030
1338
1031
1041
1363
1032
1038
1033
1037
1034
1035
1037
1036
1042
1037
1039
1046
1038
1039
1041
1040
1294
1041
1297
1364
1362
1044
1046
1044
1047
1049
1045
1303
1046
1047
1295
1302
1294
1048
1293
1049
1241
1292
1302
1050
1242
1303
1051
1055
1243
1052
1053
1243
1245
1054
1306
1055
1243
1304
1311
1303
1057
1090
1092
1089
1093
1059
1069
1096
1060
1068
1100
1061
1067
1104
1062
1066
1108
1063
1065
1112
1064
1116
1269
1065
1263
1279
1066
1078
1067
1077
1068
1074
1069
1073
1070
1071
1073
1072
1073
1075
1074
1075
1077
1076
1077
1265
1078
1079
1263
1265
1259
1262
1081
1086
1258
1083
1085
1261
1083
1256
1275
1289
1084
1268
1085
1254
1256
1401
1086
1095
1402
1087
1088
1257
1089
1095
1090
1094
1091
1092
1094
1249
1093
1248
1094
1247
1095
1250
1254
1098
1100
1098
1101
1103
1099
1100
1101
1106
1104
1102
1105
1103
1111
1106
1108
1106
1109
1111
1107
1108
1109
1114
1112
1110
1113
1111
1119
1114
1116
1114
1117
1119
1115
1116
1117
1280
1281
1118
1282
1119
1705
1121
1123
1122
1415
1123
1125
1416
1124
1125
1418
1126
1417
1418
1446
1448
1128
1145
1130
1150
1130
1151
1414
1422
1409
1133
1151
1152
1429
1133
1152
1432
1430
1135
1137
1139
1137
1138
1140
1141
1403
1141
1144
1141
1143
1403
1142
1143
1144
1147
1146
1404
1145
1147
1150
1147
1149
1415
1148
1149
1150
1411
1410
1416
1409
1649
1652
1154
1405
1431
1155
1406
1435
1156
1407
1436
1157
1408
1441
1158
1637
1675
1159
1638
1679
1160
1639
1680
1640
1642
1685
1162
1175
1179
1163
1174
1164
1171
1165
1170
1166
1167
1170
1168
1169
1204
1203
1170
1172
1211
1171
1172
1174
1173
1212
1174
1176
1312
1175
1176
1178
1177
1313
1178
1182
1506
1179
1181
1180
1181
1539
1182
1538
1507
1540
1184
1186
1185
1187
1186
1188
1190
1191
1188
1603
1189
1608
1190
1194
1609
1191
1193
1192
1193
1195
1194
1196
1624
1626
1196
1198
1197
1624
1198
1200
1623
1199
1200
1202
1201
1636
1202
1635
1204
1206
1205
1211
1206
1210
1214
1207
1208
1210
1209
1517
1210
1215
1516
1213
1212
1214
1218
1312
1214
1215
1217
1218
1216
1515
1217
1501
1514
1218
1499
1500
1220
1222
1221
1228
1222
1225
1227
1224
1224
1226
1319
1225
1238
1226
1233
1237
1232
1318
1228
1230
1233
1229
1230
1517
1234
1520
1232
1234
1324
1521
1233
1323
1234
1236
1235
1519
1236
1324
1534
1237
1323
1238
1318
1319
1240
1329
1471
1470
1242
1291
1305
1718
1243
1304
1713
1244
1245
1309
1311
1713
1246
1306
1308
1247
1251
1253
1248
1250
1249
1253
1250
1252
1251
1254
1252
1255
1308
1253
1307
1306
1255
1256
1706
1400
1707
1258
1402
1259
1261
1260
1265
1261
1262
1264
1267
1268
1402
1263
1273
1264
1272
1265
1266
1267
1272
1277
1268
1273
1276
1275
1401
1270
1279
1281
1278
1284
2169
1272
1274
1277
1278
1287
1273
1279
1274
1276
1288
1276
1390
1400
1277
1389
2176
1279
1286
1281
1282
1285
1284
1283
1705
1285
1704
2211
1285
2209
2210
1287
2169
2175
1288
2168
2176
1387
1389
1290
1390
1707
1383
1391
1709
1292
1373
1375
1725
1293
1299
1301
1295
1298
1295
1297
1296
1301
1297
1298
1300
1380
1379
1299
1378
1300
1375
1377
1301
1374
1744
1302
1373
1303
1305
1304
1305
1714
1373
1717
1307
1311
1308
1310
1309
1706
1310
1708
1712
1311
1715
1714
1313
1500
1504
1506
1315
1458
1316
1459
1317
1470
1471
1486
1319
1321
1323
1320
1321
1329
1486
1322
1328
1487
1323
1325
1327
1488
1324
1325
1533
1326
1489
1866
1327
1490
1929
1328
1491
1329
1492
1485
1331
1454
1559
1561
1332
1556
1558
1333
1372
1555
1334
1342
1369
1335
1339
1341
1336
1338
1337
1341
1338
1340
1362
1339
1363
1340
1367
1369
1341
1366
1370
1342
1343
1370
1372
1344
1357
1356
1346
1348
1347
1348
1350
1355
1349
1350
1351
1352
1354
1352
1458
1353
1457
1354
1361
1456
1355
1358
1356
1357
1358
1359
1372
1359
1361
1360
1558
1361
1464
1559
1463
1363
1364
1366
1367
1365
1379
1366
1382
1584
1367
1583
1368
1369
1554
1583
1370
1555
1371
1583
1372
1555
1557
1582
1558
1374
1726
1375
1729
1743
1376
1730
1377
1588
1741
1743
1378
1589
1744
1380
1590
1380
1382
1381
1744
1382
1586
1590
1745
1587
1384
1392
1710
1395
1721
1735
1386
1394
2152
2166
1387
1393
2167
1388
2168
1389
1391
1393
2177
1390
2176
1391
1399
1392
1398
1393
1395
1397
1394
2178
1395
2151
2179
1396
2150
1397
1721
2180
1398
1710
1399
1709
1400
1707
1401
1402
1404
1415
1406
1445
1407
1444
1408
1443
1442
1637
1411
1414
1411
1413
1417
1412
1413
1414
1659
1446
1658
1657
1416
1417
1446
1419
1420
1448
1450
1421
2215
1450
1452
2216
1423
1649
1657
1424
1650
1662
1425
1654
1663
1655
1668
1671
1427
1440
1655
1656
1673
1428
1437
1653
1654
1429
1434
1650
1651
1430
1649
1652
1432
1434
1432
1435
1445
1433
1652
1434
1435
1438
1651
1437
1436
1444
1438
1441
1443
1438
1440
1439
1653
1440
1441
1656
1676
1674
1442
1675
1443
1689
1444
1445
1447
1448
1658
1702
1449
1450
1700
1702
1451
1452
1700
1703
1453
2424
1703
2069
2425
1455
1562
1564
1566
1456
1464
1466
1457
1461
1463
1458
1460
1459
1460
1470
1461
1469
1462
1466
1468
1463
1465
1475
1464
1465
1564
1466
1476
1565
1467
1566
1468
1476
1478
1570
1469
1473
1475
1470
1472
1471
1472
1485
1473
1484
1474
1478
1483
1475
1477
1496
1476
1477
1569
1478
1497
1574
1482
1575
1480
1843
1845
1849
1859
1481
1836
1838
1842
1482
1494
1498
1793
1483
1497
1788
1484
1494
1496
1485
1493
1486
1492
1487
1488
1492
1489
1491
1490
1863
1491
1840
1862
1492
1841
1493
1494
1841
1495
1842
1496
1498
1839
1497
1498
1787
1792
1838
1500
1501
1503
1504
1502
1513
1503
1511
1535
1504
1510
1505
1506
1508
1510
1507
1508
1618
1509
1617
1510
1512
1890
1511
1512
1878
1879
1891
1514
1535
1537
1515
1528
1516
1524
1517
1523
1520
1519
1522
1523
1526
1867
1520
1521
1534
1523
1522
1533
1525
1532
1524
1526
1528
1526
1529
1531
1527
1868
1528
1529
1871
1873
1537
1530
1874
1531
1870
1871
1914
1532
1868
1869
1533
1865
1867
1534
1866
1867
1536
1878
1537
1876
1883
1873
1539
1540
1542
1543
1541
1618
1542
1546
1619
1543
1547
1544
1547
1549
1546
1548
1598
1621
1547
1620
1548
1549
1599
1550
1599
1601
1552
1562
1577
1579
1553
1561
1580
1554
1556
1581
1555
1582
1556
1557
1561
1558
1560
1581
1559
1560
1564
1561
1563
1580
1562
1563
1567
1564
1568
1579
1565
1566
1568
1569
1567
1570
1568
1571
1577
1572
1578
1570
1572
1574
1571
1575
1572
1576
1798
1573
1799
1574
1576
1790
1802
1575
1787
1576
1788
1789
1797
1578
1798
1579
1786
1799
1580
1785
1581
1595
1582
1596
1583
1585
1584
1585
1587
1593
1596
1587
1591
1594
1756
1593
1589
1746
1750
1754
1590
1745
1755
1591
1592
1755
1594
1760
1764
1594
1597
1759
1765
1596
1767
1785
1597
1765
1767
1599
1602
1622
1600
1601
1602
1604
1603
1605
1966
1604
1608
1605
1607
1606
1965
1607
1629
1967
1608
1628
1609
1626
1628
1611
1967
1971
2004
1612
1965
1968
1613
1964
1966
1614
1622
1961
1615
1621
1897
1616
1620
1894
1617
1619
1893
1618
1890
1619
1620
1621
1622
1966
1624
1634
1636
1625
1626
1632
1634
1627
1628
1630
1632
1629
1630
2005
1631
2006
1632
2013
2015
1633
1634
2015
2017
2018
1636
2019
2018
1638
1689
1639
1688
1640
1687
1648
1686
1642
1643
1647
2033
1648
2032
1644
1646
2049
1645
2050
1646
2062
1647
2061
1648
2060
2059
1650
1654
1652
1653
1656
1655
1691
1690
1659
1662
1659
1661
1660
1661
1662
1665
1664
1702
1663
1665
1668
1665
1667
1701
1666
1667
1668
2066
2063
2065
1669
1671
2066
2463
1671
1692
1696
2463
1691
1673
1678
1692
1693
1695
1674
1690
1691
1676
1678
1676
1679
1689
1677
1690
1678
1679
1683
1693
1682
1680
1688
1683
1685
1687
1682
1684
2029
2030
1683
1695
1684
1694
1685
2031
2042
1686
2032
1687
2059
1688
1689
1693
1692
2027
1694
1695
2042
2027
2029
1697
2027
2464
2028
2039
2469
1699
2064
2070
2073
1700
1703
2063
1701
1702
2063
2070
1705
2215
1707
1708
1709
1709
1711
1710
1711
1721
1712
1720
1713
1715
1719
1714
1718
1715
1717
1716
1717
1719
1727
1718
1726
1719
1725
1720
1724
1721
1723
1722
1723
1733
1735
2180
1724
1732
1725
1727
1731
1726
1730
1727
1729
1728
1729
1731
1747
1730
1742
1731
1741
1732
1740
1733
1739
1734
1784
2181
1735
1737
2155
2150
1737
1781
1783
2157
1784
2156
1739
1751
1779
1783
1740
1784
1741
1747
1751
1742
1750
1743
1747
1749
1744
1746
1745
1746
1756
1749
1757
1748
1749
1751
1775
1750
1774
1751
1753
1752
1753
1775
1777
1779
1754
1772
1774
1755
1757
1761
1756
1760
1757
1759
1758
1774
1759
1761
1773
1804
1760
1803
1761
1763
1772
1805
1763
1768
1806
1808
1815
1764
1803
1805
1765
1768
1766
1803
1767
1768
1808
1810
1809
1769
1810
1813
1815
1771
1806
2223
2225
2231
1772
1805
2220
2222
1773
1777
1774
1776
2222
1775
1776
1777
2221
1778
2220
1779
2217
2219
1782
1781
2198
2217
2227
1782
2197
1783
2196
2217
1784
2195
2194
1786
1809
1800
1812
1788
1790
1792
1789
1793
1790
1794
1796
1791
1831
1792
1794
1832
1846
1793
1837
1794
1836
1795
1835
1796
1832
1834
1797
1831
1798
1802
1799
1800
1802
1801
1826
1802
1829
1830
1831
1804
1808
1805
1807
2222
1806
1807
1818
1808
1817
2223
1816
1810
1812
1811
1816
1812
1813
1827
2132
1826
1814
1825
1815
1819
2132
2136
1816
1818
1817
2132
1818
2133
2230
1819
2231
2133
2137
2236
1821
2148
2270
2554
1822
2147
2265
1823
2144
2262
1824
2143
2257
1825
1828
2139
1827
2136
1827
1829
1828
2135
1829
2140
2143
2142
1831
1833
2142
1832
1833
1853
1854
2145
1835
1851
1853
1836
1846
1850
1837
1849
1838
1846
1848
1839
1845
1842
1844
1841
1843
1861
1842
1843
1844
1860
1845
1944
1848
1945
1847
1853
1848
1850
1852
2380
1849
2379
1850
1858
1851
1857
1852
1856
1853
1855
2385
1854
1855
2146
2149
2386
1857
2383
2385
1858
2380
2382
1859
1938
2379
1860
1939
1945
1861
1940
1944
1862
1941
1863
1927
1929
1864
1866
1865
1912
1927
1866
1869
1928
1929
1868
1871
1870
1912
1930
1913
1915
1931
1872
1873
1877
1914
1874
1876
1875
1914
1876
1884
1917
1877
1882
1881
1917
1879
1883
1886
1902
1881
1887
1921
1978
1882
1918
1883
1884
1887
1886
1885
1918
1887
1909
1921
1887
1889
1888
1889
1907
1909
1978
1900
1902
1891
1893
1892
1902
1893
1895
1901
1894
1895
1897
1896
1903
1897
1904
1962
1961
1899
1904
1905
1974
1900
1903
1906
1901
1907
1902
1903
1904
1975
1906
1911
1985
1990
1907
1910
1984
1908
1977
1909
1910
1982
1979
1911
1983
1986
1991
1913
1926
1923
1925
1915
1917
1916
1923
1933
1917
1919
1922
1932
1918
1919
1921
1920
1934
2129
1921
1935
1980
2130
1979
1923
1959
2129
1924
1925
1933
1958
1959
1926
1931
1943
1927
1930
1942
1928
1941
1929
1930
1931
1933
1933
1934
1959
1935
2128
2118
2131
1937
1955
2392
2394
2402
1938
1950
2389
2391
1939
2378
2382
1940
1946
1950
1941
1947
1949
1942
1943
1949
1954
1958
1945
1947
1946
2379
1947
1951
2378
1948
1949
1951
1953
1950
1954
1951
1955
1952
2391
1953
1955
2392
2404
1954
2405
1955
1957
1956
1957
2402
2404
2408
1958
2405
2407
1960
1960
2128
2127
2407
1962
1964
1963
1975
1964
1969
1976
1968
1966
1967
2005
1969
1971
1970
2003
1971
2002
2010
2009
1973
2001
2003
2588
1974
1976
1993
1975
1990
1976
2003
1978
1982
1984
1979
1980
1982
1981
2118
2581
1982
1988
2119
2582
1983
1984
1986
1988
1985
1986
1989
1987
1997
1988
1996
2121
2584
2120
2583
1990
1994
1997
1991
1993
1992
1997
1993
1998
2000
1994
2588
1998
2589
1996
1998
2591
2593
2599
1997
2585
2590
1998
1999
2000
2589
2593
2595
2586
2588
2002
2587
2606
2003
2607
2005
2007
2009
2006
2007
2013
2008
2012
2009
2011
2024
2010
2011
2607
2025
2608
2013
2022
2024
2014
2015
2022
2619
2016
2017
2021
2619
2018
2020
2019
2020
2021
2620
2023
2618
2024
2026
2623
2025
2026
2616
2617
2624
2028
2029
2038
2037
2042
2031
2035
2037
2032
2034
2043
2033
2059
2034
2049
2060
2035
2044
2048
2036
2047
2037
2041
2044
2046
2038
2043
2039
2041
2040
2472
2041
2054
2473
2057
2043
2044
2045
2046
2048
2058
2047
2053
2057
2048
2052
2049
2051
2050
2061
2051
2062
2052
2058
2103
2053
2102
2056
2058
2101
2055
2057
2478
2056
2094
2479
2057
2111
2110
2060
2061
2062
2064
2065
2288
2066
2068
2067
2068
2463
2466
2288
2465
2070
2072
2440
2071
2072
2073
2077
2076
2439
2074
2288
2077
2079
2287
2076
2078
2081
2437
2077
2438
2078
2079
2082
2083
2286
2081
2085
2087
2435
2082
2436
2083
2085
2084
2285
2085
2089
2284
2086
2087
2089
2091
2088
2434
2091
2093
2433
2090
2283
2091
2280
2282
2092
2093
2278
2280
2277
2432
2095
2111
2484
2097
2112
2485
2097
2116
2876
2884
2115
2490
2099
2109
2116
2117
2883
2100
2106
2114
2115
2101
2105
2112
2113
2102
2110
2111
2103
2105
2104
2110
2105
2107
2113
2106
2107
2109
2108
2114
2109
2117
2877
2878
2113
2112
2115
2114
2117
2116
2888
2882
2119
2605
2120
2604
2121
2603
2590
2602
2123
2602
2637
2647
2124
2603
2648
2125
2604
2649
2126
2579
2605
2127
2131
2416
2128
2411
2129
2131
2130
2131
2581
2605
2133
2135
2134
2235
2135
2137
2141
2248
2136
2140
2137
2139
2138
2247
2139
2141
2252
2256
2140
2257
2141
2258
2251
2259
2143
2145
2144
2258
2145
2147
2261
2146
2147
2149
2148
2266
2149
2269
2553
2552
2151
2155
2180
2152
2154
2182
2153
2165
2154
2160
2164
2155
2159
2187
2156
2181
2157
2159
2194
2158
2195
2197
2159
2161
2193
2200
2160
2188
2161
2163
2162
2201
2163
2192
2193
2204
2164
2188
2189
2165
2186
2187
2166
2182
2183
2167
2173
2179
2168
2174
2178
2175
2177
2170
2209
2171
2175
2214
2172
2174
2306
2173
2184
2311
2174
2183
2175
2177
2178
2179
2182
2181
2194
2187
2184
2186
2185
2312
2186
2190
2317
2189
2188
2193
2190
2192
2191
2318
2192
2205
2323
2291
2290
2195
2196
2197
2289
2198
2200
2199
2289
2296
2200
2202
2293
2295
2201
2290
2202
2204
2203
2297
2204
2292
2293
2303
2290
2291
2206
2291
2324
2207
2292
2329
2208
2304
2330
2305
2335
2337
2210
2214
2211
2213
2212
2215
2213
2216
2308
2214
2307
2306
2216
2424
2218
2289
2219
2227
2229
2363
2220
2226
2221
2225
2222
2224
2223
2224
2230
2225
2233
2226
2232
2229
2239
2228
2296
2229
2240
2299
2364
2366
2231
2233
2235
2232
2236
2233
2237
2239
2234
2235
2237
2249
2236
2248
2237
2247
2238
2246
2239
2245
2367
2366
2241
2340
2366
2242
2343
2367
2243
2353
2368
2275
2354
2369
2245
2253
2369
2371
2246
2368
2247
2249
2253
2248
2252
2249
2251
2250
2251
2253
2372
2252
2373
2253
2255
2254
2255
2371
2372
2376
2256
2274
2373
2257
2259
2263
2258
2262
2259
2261
2260
2373
2261
2263
2267
2374
2262
2266
2263
2265
2264
2274
2265
2267
2271
2273
2266
2270
2267
2269
2268
2522
2269
2271
2527
2563
2270
2560
2271
2561
2272
2562
2273
2525
2527
2678
2274
2522
2524
2374
2376
2276
2370
2447
2455
2459
2461
2278
2431
2498
2279
2499
2280
2489
2496
2281
2282
2483
2489
2283
2480
2284
2477
2285
2474
2286
2471
2287
2468
2288
2465
2363
2293
2292
2304
2294
2295
2301
2303
2296
2297
2300
2299
2363
2298
2303
2300
2302
2339
2300
2340
2364
2301
2341
2302
2347
2303
2305
2346
2304
2305
2348
2307
2311
2308
2310
2309
2424
2310
2314
2425
2311
2313
2312
2313
2317
2314
2316
2315
2440
2316
2320
2439
2317
2319
2318
2319
2323
2320
2322
2321
2438
2322
2326
2437
2323
2325
2324
2325
2329
2326
2328
2327
2436
2328
2332
2435
2329
2331
2330
2331
2335
2332
2334
2333
2434
2334
2427
2433
2335
2426
2336
2337
2426
2428
2344
2348
2339
2342
2345
2356
2341
2346
2341
2343
2365
2342
2347
2343
2350
2352
2353
2443
2349
2358
2428
2346
2349
2350
2357
2347
2348
2350
2349
2441
2351
2352
2357
2361
2353
2356
2362
2354
2444
2362
2445
2447
2356
2360
2362
2452
2357
2360
2441
2359
2441
2516
2442
2448
2519
2361
2442
2451
2362
2740
2453
2364
2365
2366
2443
2367
2368
2443
2369
2444
2370
2445
2371
2446
2461
2377
2373
2375
2374
2375
2522
2376
2523
2377
2524
2461
2528
2379
2381
2391
2380
2381
2385
2382
2384
2390
2383
2389
2384
2388
2385
2387
2397
2386
2387
2552
2398
2551
2389
2395
2397
2390
2394
2391
2393
2397
2392
2393
2403
2394
2396
2423
2395
2401
2396
2400
2397
2399
2548
2398
2399
2556
2549
2570
2401
2536
2548
2402
2423
2537
2403
2420
2404
2421
2423
2405
2409
2406
2407
2409
2410
2408
2411
2409
2412
2420
2413
2421
2411
2413
2415
2412
2416
2413
2417
2419
2414
2540
2415
2417
2541
2652
2416
2580
2417
2579
2418
2578
2419
2541
2543
2654
2420
2538
2540
2421
2537
2422
2540
2423
2537
2539
2547
2548
2425
2440
2427
2429
2430
2432
2429
2516
2430
2517
2431
2515
2432
2514
2433
2434
2435
2436
2437
2438
2439
2440
2442
2743
2444
2445
2446
2447
2462
2453
2455
2449
2715
2743
2713
2720
2742
2451
2456
2712
2741
2742
2452
2740
2743
2453
2456
2454
2740
2455
2456
2533
2741
2462
2532
2457
2533
2710
2712
2459
2530
2535
2574
2460
2532
2461
2528
2530
2531
2462
2531
2464
2466
2469
2466
2468
2467
2468
2469
2470
2471
2472
2471
2472
2475
2474
2473
2475
2478
2475
2477
2476
2477
2478
2481
2480
2479
2481
2484
2481
2483
2482
2483
2484
2488
2487
2485
2488
2490
2487
2491
2493
2495
2488
2489
2491
2495
2491
2876
2492
2493
2874
2876
2494
2873
2495
2501
2872
2496
2499
2501
2498
2500
2502
2521
2499
2514
2500
2501
2503
2504
2503
2506
2748
2504
2507
2505
2872
2507
2511
2899
2507
2509
2749
2508
2509
2511
2513
2510
2921
2513
2922
2940
2512
2903
2513
2910
2942
2943
2515
2521
2517
2520
2517
2519
2518
2519
2520
2716
2715
2521
2717
2748
2523
2527
2524
2526
2525
2528
2526
2529
2679
2527
2680
2677
2529
2530
2686
2687
2721
2532
2721
2533
2535
2534
2745
2535
2708
2710
2746
2707
2721
2537
2545
2547
2538
2539
2543
2545
2540
2542
2546
2541
2542
2653
2543
2656
2762
2544
2655
2545
2662
2762
2546
2547
2760
2762
2548
2550
2549
2550
2572
2663
2760
2552
2556
2558
2553
2554
2558
2560
2555
2561
2558
2566
2568
2557
2570
2558
2568
2571
2672
2559
2560
2564
2566
2672
2561
2563
2562
2566
2563
2565
2678
2564
2677
2565
2673
2682
2566
2674
2683
2567
2568
2670
2672
2674
2569
2571
2666
2670
2571
2572
2665
2671
2663
2665
2574
2688
2700
2724
2687
2707
2576
2647
2758
2803
2813
2577
2648
2757
2798
2578
2649
2651
2659
2579
2652
2654
2580
2649
2650
2652
2582
2605
2583
2604
2584
2603
2585
2602
2599
2601
2587
2595
2611
2588
2594
2610
2589
2594
2591
2601
2592
2600
2593
2628
2639
2596
2598
2595
2615
2596
2614
2597
2628
2629
2598
2636
2641
2599
2639
2600
2601
2638
2639
2602
2637
2603
2604
2605
2607
2610
2633
2608
2616
2633
2610
2612
2631
2633
2611
2615
2612
2614
2613
2614
2630
2631
2615
2629
2631
2617
2632
2627
2634
2619
2621
2623
2620
2621
2622
2623
2625
2624
2625
2627
2626
2627
2837
2836
2641
2834
2630
2636
2834
2635
2835
2633
2634
2836
2636
2842
2841
2638
2646
2640
2645
2640
2641
2642
2644
2642
2841
2643
2840
2644
2822
2824
2839
2645
2819
2821
2646
2816
2818
2647
2813
2815
2648
2759
2649
2756
2650
2651
2756
2652
2658
2757
2653
2654
2656
2658
2655
2659
2656
2660
2662
2657
2793
2658
2660
2794
2800
2659
2799
2660
2798
2661
2797
2662
2794
2796
2793
2664
2763
2665
2667
2703
2764
2666
2704
2667
2669
2668
2765
2669
2703
2770
2782
2670
2704
2706
2671
2675
2672
2676
2704
2673
2674
2676
2689
2675
2690
2676
2695
2706
2694
2705
2678
2680
2682
2679
2683
2680
2684
2686
2681
2682
2684
2692
2683
2689
2684
2690
2685
2691
2686
2688
2698
2687
2688
2722
2699
2723
2690
2692
2694
2691
2695
2692
2696
2698
2693
2694
2696
2776
2695
2775
2696
2774
2697
2777
2698
2702
3059
2699
2700
2702
2871
2701
2864
2702
2860
2869
2870
3060
2704
2769
2781
2705
2706
2775
2781
2774
2782
2708
2722
2724
2709
2725
2750
2710
2726
2728
2711
2712
2728
2746
2747
2744
2745
2714
2735
2744
2729
2734
2747
2716
2720
2717
2719
2718
2748
2719
2737
2749
2720
2736
2735
2722
2723
2724
2871
2725
2864
2726
2751
2865
2727
2866
2728
2751
2752
3095
2750
2753
2730
2733
2753
2731
2752
3161
2732
3096
3166
3097
3100
3171
2734
2754
3161
2735
2739
2736
2737
2739
2738
2921
2739
2755
2922
2754
2741
2745
2743
2744
2747
2746
2750
2753
2749
2921
2751
3094
2753
3096
2755
3162
3163
3165
2757
2759
2758
2799
2759
2802
2814
2815
2761
2763
2762
2768
2792
2793
2764
2768
2765
2767
2769
2766
2770
2767
2787
2791
2768
2786
2856
2855
2770
2784
2786
2783
2787
2772
2788
3068
3070
3133
2773
2783
3065
3067
2774
2778
2780
2782
2775
2777
2776
2780
2777
2779
2778
3059
2779
3061
3065
2780
3066
2781
3067
2782
2784
2783
2784
2788
2785
3067
2786
2788
3068
3113
2787
3112
2788
2790
2789
2790
3113
3115
3133
2791
2859
3112
2856
2858
2793
2795
2855
2794
2795
2807
2808
2854
2797
2805
2807
2798
2800
2804
2799
2803
2800
2802
2801
2807
2802
2804
2806
2830
2803
2829
2804
2812
2805
2811
2806
2810
2807
2809
2846
2808
2809
3120
2847
3121
2811
2833
2846
2812
2830
2832
2813
2827
2829
2814
2818
2815
2817
2829
2816
2817
2821
2818
2820
2828
2819
2827
2820
2824
2826
2821
2823
2850
2822
2823
2844
2824
2845
2923
2825
2838
2826
2853
2923
2933
2827
2850
2852
2828
2832
2829
2831
2850
2830
2831
2846
2832
2849
2851
2833
2852
2849
2926
2835
2841
2842
2837
2839
2845
2933
2840
2844
2841
2843
2842
2843
2845
2934
2847
2849
2848
3150
2849
2927
3151
2925
2851
2923
2852
2924
2925
2853
2926
2924
2930
2932
2855
2857
3120
2856
2857
3112
2858
3111
3119
2859
3118
3111
3115
3117
2861
3060
3077
2862
3062
3082
2863
3063
3083
2936
3072
3087
2865
2869
2871
2866
2868
3094
2867
3095
2868
3079
3098
2869
3078
3093
2870
3077
2871
3076
2873
2899
2874
2900
2875
2901
2876
2884
2902
2878
2880
2882
2879
2883
2880
2886
2895
2881
2896
2882
2886
2912
2883
2886
2888
2885
2888
2887
2890
2902
2887
2894
2888
2889
2890
2892
2894
2891
2906
2892
2907
2958
2893
2962
2894
2898
2911
2961
2895
2912
2896
2898
2897
2912
2898
2911
2915
2914
2900
2903
2901
2904
2902
2905
2906
2904
2910
2905
2909
2906
2908
2907
2908
2974
2909
2975
2910
2957
2956
2912
2963
2914
2916
2918
2960
2915
2961
2916
2963
2919
2964
2918
2920
2970
2986
2919
2971
2920
2972
2973
2987
2922
3165
2924
2934
2929
2935
2926
2927
2929
2930
2928
3242
2929
3241
3261
2930
3260
2931
2932
3260
2933
2935
2934
2935
3260
2937
3213
3229
2938
3216
3228
3225
3227
3281
2940
2944
2946
3164
2943
3165
2942
2944
2953
2955
2943
2956
2944
2945
2946
2951
2953
2947
3172
2949
2951
3173
2949
3016
3018
3181
2950
3174
2951
3014
3016
2952
2953
3012
3014
2954
2955
2980
3012
2956
2977
2957
2975
2977
2959
2962
2974
2965
2967
2978
2961
2964
2965
2971
2962
2963
2965
2964
2972
2966
2967
2969
2971
2968
2979
2969
2984
2992
2970
3002
2971
2973
2991
2972
2973
3003
2975
2978
2976
2977
2978
2981
2980
2979
2981
2984
2981
2983
2982
2983
2984
3027
3012
3026
2985
2992
3027
3029
2987
2989
2991
2988
3003
2989
2995
3004
2990
2994
2991
2999
3001
3004
3002
3003
2993
3002
3001
3009
3029
2995
2997
2999
2996
3005
2997
3006
2998
2999
3006
3007
3000
3005
3001
3007
3009
3002
3004
3005
3006
3008
3009
3010
3033
3032
3011
3049
3046
3050
3013
3014
3024
3026
3015
3016
3022
3024
3017
3018
3020
3022
3019
3182
3020
3043
3189
3021
3042
3022
3036
3038
3023
3024
3030
3036
3025
3026
3028
3030
3027
3028
3029
3031
3032
3031
3034
3032
3035
3033
3035
3049
3035
3036
3048
3047
3037
3038
3048
3053
3040
3042
3040
3057
3058
3041
3053
3042
3044
3058
3043
3044
3190
3045
3201
3058
3202
3056
3048
3049
3052
3051
3050
3052
3056
3052
3053
3055
3054
3057
3055
3056
3057
3060
3061
3062
3076
3062
3064
3063
3075
3064
3072
3074
3065
3071
3066
3070
3067
3069
3068
3069
3134
3070
3135
3071
3136
3072
3230
3073
3229
3074
3087
3278
3075
3083
3076
3082
3077
3078
3082
3079
3081
3092
3080
3099
3081
3085
3102
3082
3084
3091
3083
3084
3087
3085
3088
3090
3086
3106
3088
3109
3212
3088
3213
3089
3214
3090
3109
3220
3091
3106
3092
3102
3093
3099
3094
3098
3095
3096
3098
3097
3098
3104
3099
3102
3104
3101
3104
3176
3103
3107
3179
3103
3106
3104
3105
3106
3107
3110
3109
3108
3184
3110
3187
3192
3110
3211
3210
3112
3114
3126
3113
3114
3134
3115
3127
3139
3116
3132
3117
3127
3129
3131
3118
3124
3126
3119
3123
3120
3122
3126
3121
3122
3150
3123
3125
3149
3124
3154
3125
3129
3155
3126
3128
3148
3127
3128
3140
3129
3145
3147
3130
3156
3131
3143
3145
3236
3132
3140
3142
3133
3137
3139
3134
3136
3135
3139
3136
3138
3137
3230
3138
3142
3231
3139
3141
3140
3141
3145
3142
3144
3143
3232
3144
3233
3235
3145
3240
3146
3147
3236
3238
3240
3148
3156
3160
3149
3155
3159
3150
3152
3154
3151
3152
3242
3153
3159
3243
3154
3158
3244
3155
3156
3158
3157
3236
3158
3160
3237
3249
3159
3248
3160
3247
3238
3250
3162
3166
3163
3167
3164
3168
3165
3172
3167
3171
3168
3170
3169
3172
3170
3173
3175
3171
3177
3176
3173
3174
3175
3181
3177
3180
3177
3179
3178
3179
3180
3185
3184
3181
3183
3182
3183
3189
3185
3188
3185
3187
3186
3187
3188
3198
3197
3189
3191
3190
3191
3201
3198
3200
3193
3197
3210
3194
3196
3221
3195
3205
3222
3206
3289
3197
3199
3205
3198
3199
3200
3204
3201
3203
3202
3203
3204
3205
3207
3290
3208
3301
3209
3302
3313
3211
3221
3212
3218
3220
3214
3217
3214
3216
3278
3215
3220
3216
3217
3219
3282
3279
3281
3218
3224
3219
3221
3223
3220
3288
3222
3223
3289
3224
3286
3288
3282
3285
3226
3257
3284
3227
3233
3267
3314
3228
3232
3280
3229
3231
3279
3230
3278
3231
3232
3233
3234
3235
3267
3268
3236
3240
3269
3237
3238
3256
3269
3239
3272
3240
3269
3271
3242
3246
3318
3243
3244
3246
3247
3245
3248
3246
3253
3320
3252
3319
3248
3250
3252
3249
3253
3250
3254
3256
3251
3272
3252
3254
3273
3326
3253
3323
3254
3324
3255
3325
3256
3273
3275
3333
3270
3272
3258
3267
3293
3259
3266
3296
3263
3265
3305
3261
3318
3263
3336
3337
3264
3308
3265
3276
3336
3338
3266
3277
3317
3267
3268
3316
3315
3269
3277
3270
3271
3275
3277
3272
3274
3273
3274
3332
3275
3331
3276
3334
3277
3335
3279
3280
3281
3314
3282
3284
3283
3288
3284
3285
3287
3294
3293
3314
3286
3292
3287
3289
3291
3288
3300
3290
3291
3301
3292
3298
3300
3294
3297
3294
3296
3315
3295
3300
3296
3297
3299
3306
3305
3316
3298
3304
3299
3301
3303
3300
3312
3302
3303
3313
3304
3310
3312
3306
3309
3306
3308
3317
3307
3312
3308
3309
3311
3337
3338
3310
3311
3313
3312
3315
3316
3317
3338
3319
3320
3322
3323
3321
3324
3322
3329
3328
3324
3326
3328
3325
3329
3326
3330
3333
3327
3332
3328
3330
3329
3330
3332
3334
3333
3334
3335
3336
3339
3339
3339
)


// ************************************************************************* //
