/*--------------------------------*- C++ -*----------------------------------*\
| =========                 |                                                 |
| \\      /  F ield         | OpenFOAM: The Open Source CFD Toolbox           |
|  \\    /   O peration     | Version:  2412                                  |
|   \\  /    A nd           | Website:  www.openfoam.com                      |
|    \\/     M anipulation  |                                                 |
\*---------------------------------------------------------------------------*/
FoamFile
{
    version     2.0;
    format      ascii;
    arch        "LSB;label=32;scalar=64";
    note        "nPoints:1344  nCells:894  nFaces:3083  nInternalFaces:2281";
    class       labelList;
    location    "constant/claddingZone/polyMesh";
    object      neighbour;
}
// * * * * * * * * * * * * * * * * * * * * * * * * * * * * * * * * * * * * * //


2281
(
1
9
299
2
8
305
3
7
308
4
6
330
5
333
6
13
334
7
12
329
8
11
309
9
10
304
300
11
19
303
12
18
314
13
17
328
14
16
339
15
384
16
23
383
17
22
340
18
21
327
19
20
315
302
21
29
319
22
28
326
23
27
345
24
26
382
25
389
26
33
390
27
32
381
28
31
346
29
30
325
320
31
38
324
32
37
351
33
36
380
35
395
35
43
455
36
42
396
37
41
379
38
40
352
39
323
40
322
41
47
357
42
46
378
43
45
401
44
454
45
51
453
46
50
402
47
49
377
48
358
49
57
361
50
56
376
51
55
407
52
54
452
53
461
54
62
462
55
61
451
56
60
408
57
59
375
58
362
59
365
60
66
374
61
65
413
62
64
450
63
467
64
70
468
65
69
449
66
68
414
67
373
68
76
372
69
75
419
70
74
448
71
73
473
72
502
73
81
501
74
80
474
75
79
447
76
78
420
77
371
78
86
370
79
85
425
80
84
446
81
83
479
82
500
83
91
499
84
90
480
85
89
445
86
88
426
87
369
88
96
368
89
95
431
90
94
444
91
93
485
92
498
93
101
497
94
100
486
95
99
443
96
98
432
97
367
98
366
99
105
437
100
104
442
101
103
491
102
496
103
109
495
104
108
492
105
107
441
106
438
107
113
513
108
112
512
109
111
511
110
510
111
119
800
112
118
770
113
117
769
114
116
738
115
737
116
124
736
117
123
743
118
122
768
119
121
775
120
799
121
129
798
122
128
776
123
127
767
124
126
744
125
735
126
134
734
127
133
749
128
132
766
129
131
781
130
797
131
139
796
132
138
782
133
137
765
134
136
750
135
733
136
144
732
137
143
755
138
142
764
139
141
787
140
795
141
794
142
148
788
143
147
763
144
146
756
145
731
146
730
147
761
148
762
793
150
154
514
153
517
152
158
533
153
157
528
154
156
527
155
522
156
169
523
157
168
526
158
167
529
159
166
532
160
165
534
164
537
162
178
571
163
177
570
164
176
565
165
175
564
166
174
559
167
173
558
168
172
553
169
171
552
170
547
171
548
172
551
173
209
554
174
208
557
175
207
560
176
206
563
177
205
566
178
204
569
179
203
572
180
202
575
181
201
576
182
200
579
199
580
184
236
842
185
235
841
186
234
836
187
233
835
188
232
830
189
231
829
190
230
824
229
823
192
226
651
193
225
650
194
224
645
195
223
644
196
222
639
197
221
638
198
220
633
199
219
632
200
218
627
201
217
626
202
216
621
203
215
620
204
214
615
205
213
614
206
212
609
207
211
608
208
210
603
209
602
601
211
604
212
607
213
610
214
260
613
215
259
616
216
258
619
217
257
622
218
256
625
219
255
628
220
254
631
221
253
634
222
252
637
223
251
640
224
250
643
225
249
646
226
248
649
227
247
652
228
246
655
229
245
822
230
244
821
231
243
825
232
242
828
233
241
831
234
240
834
235
239
837
236
238
840
237
843
238
281
876
239
280
875
240
279
870
241
278
869
242
277
864
243
276
863
244
275
858
245
274
857
246
273
856
247
272
656
248
271
705
249
270
704
250
269
699
251
268
698
252
267
693
253
266
692
254
265
687
255
264
686
256
263
681
257
262
680
258
261
675
259
674
260
673
672
262
676
263
679
264
682
265
685
266
297
688
267
296
691
268
295
694
269
294
697
270
293
700
271
292
703
272
291
706
273
290
709
274
289
855
275
288
854
276
287
859
277
286
862
278
285
865
279
284
868
280
283
871
281
282
874
877
283
893
284
892
285
891
286
890
287
889
288
888
289
887
290
886
291
710
292
725
293
724
294
723
295
722
296
721
297
720
719
299
301
306
515
300
305
301
304
311
516
303
315
317
304
312
314
305
309
311
306
308
307
311
521
308
310
331
524
309
330
310
314
329
311
313
336
525
312
520
313
317
519
314
316
337
530
315
328
316
319
327
317
318
342
531
518
319
321
343
535
320
326
321
325
348
536
323
355
357
324
352
354
325
349
351
326
346
348
327
343
345
328
340
342
329
337
339
330
334
336
331
333
332
336
546
333
335
549
334
335
339
336
338
550
337
545
338
342
544
339
341
385
555
340
384
341
345
383
342
344
386
556
343
543
344
348
542
345
347
387
561
346
382
347
351
381
348
350
392
562
349
541
350
354
540
351
353
393
567
352
380
353
357
379
354
356
398
568
355
539
356
538
357
359
399
573
358
378
359
361
377
360
404
574
361
363
405
577
362
376
363
365
375
364
410
578
365
411
581
374
367
435
437
368
432
434
369
429
431
370
426
428
371
423
425
372
420
422
373
417
419
374
414
416
375
411
413
376
408
410
377
405
407
378
402
404
379
399
401
380
396
398
381
393
395
382
390
392
383
387
389
384
386
385
386
600
387
599
388
392
598
389
391
605
390
391
395
392
394
606
393
597
394
398
596
395
397
611
396
397
401
455
398
400
456
612
399
595
400
404
594
401
403
457
617
402
454
403
407
453
404
406
458
618
405
593
406
410
592
407
409
459
623
408
452
409
413
451
410
412
464
624
411
591
412
416
590
413
415
465
629
414
450
415
419
449
416
418
470
630
417
589
418
422
588
419
421
471
635
420
448
421
425
447
422
424
476
636
423
587
424
428
586
425
427
477
641
426
446
427
431
445
428
430
482
642
429
585
430
434
584
431
433
483
647
432
444
433
437
443
434
436
488
648
435
583
436
582
437
439
489
653
438
442
439
441
513
440
654
729
441
489
493
657
728
442
492
512
443
489
491
444
486
488
445
483
485
446
480
482
447
477
479
448
474
476
449
471
473
450
468
470
451
465
467
452
462
464
453
459
461
454
458
455
457
456
457
671
458
670
459
669
460
464
668
461
463
677
462
463
467
464
466
678
465
667
466
470
666
467
469
683
468
469
473
470
472
684
471
665
472
476
664
473
475
503
689
474
502
475
479
501
476
478
504
690
477
663
478
482
662
479
481
505
695
480
500
481
485
499
482
484
506
696
483
661
484
488
660
485
487
507
701
486
498
487
491
497
488
490
508
702
489
659
490
658
491
493
509
707
492
496
493
495
511
494
708
727
495
509
711
726
496
510
497
509
498
508
499
507
500
506
501
505
502
504
503
504
718
505
717
506
716
507
715
508
714
509
713
712
511
726
800
512
727
770
513
728
769
729
738
515
517
522
516
521
517
520
527
519
531
533
520
528
530
521
525
527
522
524
523
527
524
526
547
525
546
526
530
545
527
529
552
528
529
533
530
532
553
531
544
532
535
543
533
534
558
535
537
559
536
542
537
541
564
539
571
573
540
568
570
541
565
567
542
562
564
543
559
561
544
556
558
545
553
555
546
550
552
547
549
548
552
549
551
550
551
555
552
554
553
554
558
555
557
601
556
600
557
561
599
558
560
602
559
560
564
561
563
603
562
598
563
567
597
564
566
608
565
566
570
567
569
609
568
596
569
573
595
570
572
614
571
572
573
575
615
574
594
575
577
593
576
620
577
579
621
578
592
579
581
591
580
626
581
627
590
583
651
653
584
648
650
585
645
647
586
642
644
587
639
641
588
636
638
589
633
635
590
630
632
591
627
629
592
624
626
593
621
623
594
618
620
595
615
617
596
612
614
597
609
611
598
606
608
599
603
605
600
602
601
602
603
604
608
605
607
606
607
611
608
610
609
610
614
611
613
612
613
617
671
614
616
672
615
616
620
617
619
673
618
670
619
623
669
620
622
674
621
622
626
623
625
675
624
668
625
629
667
626
628
680
627
628
632
629
631
681
630
666
631
635
665
632
634
686
633
634
638
635
637
687
636
664
637
641
663
638
640
692
639
640
644
641
643
693
642
662
643
647
661
644
646
698
645
646
650
647
649
699
648
660
649
653
659
650
652
704
651
652
653
655
705
654
658
655
657
811
656
822
657
705
709
856
658
708
810
659
705
707
660
702
704
661
699
701
662
696
698
663
693
695
664
690
692
665
687
689
666
684
686
667
681
683
668
678
680
669
675
677
670
674
671
673
672
673
674
675
676
680
677
679
678
679
683
680
682
681
682
686
683
685
684
685
689
686
688
687
688
692
689
691
719
690
718
691
695
717
692
694
720
693
694
698
695
697
721
696
716
697
701
715
698
700
722
699
700
704
701
703
723
702
714
703
707
713
704
706
724
705
706
707
709
725
708
712
709
711
809
710
855
711
725
886
712
808
713
725
714
724
715
723
716
722
717
721
718
720
719
720
721
722
723
724
725
727
801
808
728
771
809
729
772
810
739
811
731
759
761
732
756
758
733
753
755
734
750
752
735
747
749
736
744
746
737
741
743
738
740
739
743
769
740
742
772
820
741
819
742
746
818
743
745
773
826
744
768
745
749
767
746
748
778
827
747
817
748
752
816
749
751
779
832
750
766
751
755
765
752
754
784
833
753
815
754
758
814
755
757
785
838
756
764
757
761
763
758
760
790
839
759
813
760
812
761
791
844
762
763
791
793
764
788
790
765
785
787
766
782
784
767
779
781
768
776
778
769
773
775
770
772
771
775
800
772
774
801
853
773
852
774
778
851
775
777
802
860
776
799
777
781
798
778
780
803
861
779
850
780
784
849
781
783
804
866
782
797
783
787
796
784
786
805
867
785
848
786
790
847
787
789
806
872
788
795
789
793
794
790
792
807
873
791
846
792
845
793
878
795
807
796
806
797
805
798
804
799
803
800
802
801
802
885
803
884
804
883
805
882
806
881
807
880
879
809
885
886
810
853
855
811
852
856
820
822
813
842
844
814
839
841
815
836
838
816
833
835
817
830
832
818
827
829
819
824
826
820
823
821
826
852
822
823
825
857
856
824
825
829
826
828
858
827
851
828
832
850
829
831
863
830
831
835
832
834
864
833
849
834
838
848
835
837
869
836
837
841
838
840
870
839
847
840
844
846
841
843
875
842
843
844
876
845
846
876
878
847
873
875
848
870
872
849
867
869
850
864
866
851
861
863
852
858
860
853
857
854
860
885
855
857
859
887
856
886
857
858
859
863
860
862
888
861
884
862
866
883
863
865
889
864
865
869
866
868
890
867
882
868
872
881
869
871
891
870
871
875
872
874
892
873
880
874
878
879
875
877
893
876
877
878
880
893
881
892
882
891
883
890
884
889
885
888
887
887
888
889
890
891
892
893
)


// ************************************************************************* //
