/*--------------------------------*- C++ -*----------------------------------*\
| =========                 |                                                 |
| \\      /  F ield         | OpenFOAM: The Open Source CFD Toolbox           |
|  \\    /   O peration     | Version:  2412                                  |
|   \\  /    A nd           | Website:  www.openfoam.com                      |
|    \\/     M anipulation  |                                                 |
\*---------------------------------------------------------------------------*/
FoamFile
{
    version     2.0;
    format      ascii;
    arch        "LSB;label=32;scalar=64";
    class       vectorField;
    location    "constant/claddingZone/polyMesh";
    object      points;
}
// * * * * * * * * * * * * * * * * * * * * * * * * * * * * * * * * * * * * * //


1344
(
(-0.0043 -0.00090000017 0.016525885)
(-0.0042 -0.00090000018 0.016525885)
(-0.0043 -0.00080000019 0.016525883)
(-0.0042 -0.0008000002 0.016525883)
(-0.0043 -0.00090000005 0.025)
(-0.0042 -0.00090000005 0.025000001)
(-0.0043 -0.00080000007 0.024999999)
(-0.0042 -0.00080000007 0.024999999)
(-0.0041 -0.00090000017 0.016525884)
(-0.0039999999 -0.00090000017 0.016525883)
(-0.0041 -0.0008000002 0.016525881)
(-0.0039999999 -0.0008000002 0.016525881)
(-0.0041 -0.00090000005 0.025)
(-0.004 -0.00090000005 0.025)
(-0.0041 -0.00080000007 0.024999999)
(-0.004 -0.00080000007 0.024999998)
(-0.0043 0.00030000016 0.024999999)
(-0.0042 0.00030000016 0.024999999)
(-0.0043 0.00040000012 0.024999999)
(-0.0042 0.00040000012 0.025)
(-0.0041000001 0.00030000013 0.016525882)
(-0.0040000002 0.00030000012 0.016525882)
(-0.0041000001 0.00040000011 0.016525884)
(-0.0040000002 0.0004000001 0.016525884)
(-0.0041000001 0.00030000015 0.024999999)
(-0.0040000001 0.00030000013 0.024999999)
(-0.0041000001 0.00040000011 0.025)
(-0.0040000001 0.0004000001 0.025)
(-0.0045000001 0.00050000009 0.0081925492)
(-0.0044 0.0005000001 0.0081925491)
(-0.0045000001 0.0005999999 0.0081925482)
(-0.0043999999 0.00059999995 0.0081925475)
(-0.0045000001 0.00069999982 0.0081925449)
(-0.0043999999 0.00069999993 0.008192545)
(-0.0045000001 0.00079999992 0.0081925428)
(-0.0043999999 0.00079999998 0.0081925451)
(-0.0045 0.00050000003 0.016525883)
(-0.0044 0.00050000006 0.016525884)
(-0.0045 0.00059999997 0.016525883)
(-0.0044 0.0006 0.016525883)
(-0.0045 0.00050000004 0.025)
(-0.0044 0.00050000006 0.025)
(-0.0045 0.00060000001 0.025)
(-0.0044 0.00060000003 0.025)
(-0.0045 0.00069999995 0.016525881)
(-0.0044 0.00069999997 0.016525882)
(-0.0045000001 0.00079999998 0.016525879)
(-0.0044 0.00079999999 0.016525881)
(-0.0045 0.0007 0.024999999)
(-0.0044 0.00070000001 0.024999999)
(-0.0045 0.0008 0.024999999)
(-0.0044 0.00080000001 0.024999998)
(-0.0043 0.00050000009 0.0081925532)
(-0.0042000002 0.00050000008 0.0081925541)
(-0.0043 0.00059999994 0.0081925512)
(-0.0042000002 0.0005999999 0.0081925529)
(-0.0041000003 0.00050000005 0.0081925511)
(-0.0040000003 0.0005 0.0081925505)
(-0.0041000003 0.00059999987 0.0081925505)
(-0.0040000003 0.00059999989 0.0081925475)
(-0.0042999999 0.00069999995 0.0081925489)
(-0.0042000001 0.00069999988 0.0081925505)
(-0.0042999998 0.00079999997 0.0081925496)
(-0.0042 0.00079999992 0.0081925519)
(-0.004 0.0020999999 0.0081925505)
(-0.004 0.0022 0.0081925484)
(-0.004 0.0021 0.016525884)
(-0.004 0.0022 0.016525883)
(-0.004 0.0021 0.025)
(-0.004 0.0022 0.024999999)
(-0.0044999998 -0.00069999998 0.033474114)
(-0.0043999999 -0.00069999999 0.033474112)
(-0.0044999998 -0.00060000004 0.033474116)
(-0.0043999999 -0.00060000004 0.033474113)
(-0.0044999995 -0.00069999989 0.041807448)
(-0.0043999997 -0.00069999987 0.041807445)
(-0.0044999995 -0.00060000009 0.04180745)
(-0.0043999997 -0.00060000008 0.041807446)
(-0.0044999998 -0.00050000005 0.033474118)
(-0.0043999999 -0.00050000005 0.033474115)
(-0.0044999998 -0.00040000002 0.033474118)
(-0.0043999999 -0.00040000002 0.033474115)
(-0.0044999995 -0.0005000001 0.041807454)
(-0.0043999997 -0.00050000011 0.04180745)
(-0.0044999995 -0.00039999997 0.041807454)
(-0.0043999997 -0.00039999997 0.04180745)
(-0.0042999999 -0.0007 0.033474113)
(-0.0042 -0.00070000001 0.033474116)
(-0.0043 -0.00060000005 0.033474114)
(-0.0042 -0.00060000005 0.033474117)
(-0.0042999999 -0.00069999989 0.041807446)
(-0.0042 -0.00069999994 0.041807451)
(-0.0042999999 -0.00060000009 0.041807447)
(-0.0042 -0.00060000011 0.041807452)
(-0.0040999999 -0.00070000003 0.033474117)
(-0.0039999999 -0.00070000004 0.033474115)
(-0.0041 -0.00060000005 0.033474118)
(-0.0039999999 -0.00060000004 0.033474117)
(-0.0040999998 -0.00070000003 0.041807452)
(-0.0039999997 -0.00070000011 0.04180745)
(-0.0040999998 -0.00060000012 0.041807455)
(-0.0039999997 -0.00060000011 0.041807454)
(-0.0043 -0.00050000005 0.033474116)
(-0.0042 -0.00050000004 0.033474118)
(-0.0043 -0.00040000002 0.033474116)
(-0.0042000001 -0.00040000001 0.033474118)
(-0.0043 -0.00050000011 0.041807451)
(-0.0042000001 -0.0005000001 0.041807456)
(-0.0043 -0.00039999997 0.041807451)
(-0.0042000002 -0.00039999995 0.041807454)
(-0.0041 -0.00050000002 0.03347412)
(-0.004 -0.00049999999 0.033474119)
(-0.0041 -0.00039999998 0.033474119)
(-0.004 -0.00039999996 0.033474118)
(-0.0034999998 0.0021 0.041807459)
(-0.0034999999 0.0022 0.041807455)
(-0.0041000003 0.00069999986 0.0081925485)
(-0.0040000003 0.00069999993 0.0081925449)
(-0.0041000002 0.0007999999 0.0081925507)
(-0.0040000003 0.00079999997 0.0081925471)
(-0.0043 0.00050000006 0.016525886)
(-0.0042000001 0.00050000006 0.016525887)
(-0.0043 0.0006 0.016525885)
(-0.0042000001 0.00059999999 0.016525886)
(-0.0043 0.00050000007 0.025000001)
(-0.0042000001 0.00050000007 0.025000002)
(-0.0043 0.00060000003 0.025000001)
(-0.0042000001 0.00060000003 0.025000002)
(-0.0041000001 0.00050000005 0.016525886)
(-0.0040000002 0.00050000003 0.016525884)
(-0.0041000001 0.00059999998 0.016525885)
(-0.0040000001 0.00059999999 0.016525883)
(-0.0041000001 0.00050000007 0.025000002)
(-0.0040000001 0.00050000005 0.025000001)
(-0.0041000001 0.00060000003 0.025000002)
(-0.0040000001 0.00060000002 0.025000001)
(-0.0043 0.00069999998 0.016525884)
(-0.0042000001 0.00069999996 0.016525885)
(-0.0043 0.00079999998 0.016525883)
(-0.0042 0.00079999996 0.016525885)
(-0.0043 0.00070000001 0.025)
(-0.0042000001 0.0007 0.025000001)
(-0.0043 0.0008 0.024999999)
(-0.0042000001 0.00079999999 0.025000001)
(-0.0041000001 0.00069999996 0.016525885)
(-0.0040000001 0.00069999998 0.016525882)
(-0.0041000001 0.00079999995 0.016525885)
(-0.0040000001 0.00079999998 0.016525883)
(-0.0041000001 0.0007 0.025000002)
(-0.0040000001 0.0007 0.025000001)
(-0.0041000001 0.00079999999 0.025000002)
(-0.0040000001 0.00079999999 0.025000001)
(-0.0039000001 0.0017000001 0.0081925442)
(-0.0038000002 0.0017000001 0.0081925456)
(-0.0039000002 0.0018000003 0.0081925477)
(-0.0038000002 0.0018000003 0.0081925469)
(-0.0037000002 0.0017000001 0.008192545)
(-0.0037000001 0.0018000002 0.0081925463)
(-0.0036 0.0018 0.008192548)
(-0.0039000001 0.0019000002 0.0081925521)
(-0.0038000002 0.0019000002 0.0081925482)
(-0.0039000001 0.0020000001 0.0081925526)
(-0.0038000001 0.0020000001 0.0081925479)
(-0.0037 0.0019000001 0.0081925462)
(-0.0035999999 0.0019 0.0081925473)
(-0.0037 0.0020000001 0.0081925462)
(-0.0036 0.0020000001 0.0081925487)
(-0.0039000001 0.0017000001 0.01652588)
(-0.0038000001 0.0017000001 0.016525881)
(-0.0039000001 0.0018000001 0.016525882)
(-0.0038000001 0.0018000001 0.016525882)
(-0.0039 0.0017 0.024999998)
(-0.0038 0.0017 0.024999998)
(-0.0039 0.0018000001 0.024999998)
(-0.0038 0.0018 0.024999998)
(-0.0037000001 0.0017 0.016525881)
(-0.0037000001 0.0018000001 0.016525882)
(-0.0036 0.0018 0.016525883)
(-0.0037 0.0017 0.024999999)
(-0.0037 0.0018 0.024999999)
(-0.0036 0.0018 0.025)
(-0.0039 0.0019000001 0.016525885)
(-0.0038000001 0.0019000001 0.016525883)
(-0.0039 0.0020000001 0.016525885)
(-0.0038000001 0.0020000001 0.016525883)
(-0.0039 0.0019 0.025)
(-0.0038 0.0019 0.025)
(-0.0039 0.002 0.025000001)
(-0.0038 0.002 0.025)
(-0.0037 0.0019000001 0.016525883)
(-0.0036 0.0019 0.016525883)
(-0.0037 0.0020000001 0.016525883)
(-0.0036 0.002 0.016525885)
(-0.0040999999 -0.00050000003 0.041807458)
(-0.0039999998 -0.00049999993 0.041807456)
(-0.0041000001 -0.00039999988 0.041807457)
(-0.0039999999 -0.0003999998 0.041807455)
(-0.0044999998 -0.0003 0.033474117)
(-0.0043999999 -0.0003 0.033474114)
(-0.0044999998 -0.00019999997 0.033474117)
(-0.0043999999 -0.00019999997 0.033474115)
(-0.0044999996 -0.00029999995 0.04180745)
(-0.0043999998 -0.00029999994 0.041807447)
(-0.0044999996 -0.0002 0.041807451)
(-0.0043999998 -0.0002 0.041807448)
(-0.0044999998 -9.9999889e-05 0.033474119)
(-0.0043999999 -9.9999889e-05 0.033474117)
(-0.0044999998 2.3662536e-10 0.03347412)
(-0.0043999999 2.363466e-10 0.033474118)
(-0.0044999996 -9.9999861e-05 0.041807456)
(-0.0043999998 -9.9999867e-05 0.041807452)
(-0.0044999996 4.6537818e-10 0.041807456)
(-0.0043999998 4.5682168e-10 0.041807453)
(-0.0044 0.00090000001 0.033474116)
(-0.0044 0.001 0.033474117)
(-0.0044 0.00089999996 0.041807452)
(-0.0044 0.0010000001 0.041807454)
(-0.0044 0.0011 0.033474116)
(-0.0044 0.0011999999 0.033474117)
(-0.0044 0.0011 0.041807451)
(-0.0044 0.0011999998 0.041807451)
(-0.0043000001 0.0009 0.033474116)
(-0.0042000001 0.00089999998 0.033474118)
(-0.0043000001 0.001 0.033474116)
(-0.0042000001 0.00099999999 0.033474117)
(-0.0043000002 0.00089999994 0.041807451)
(-0.0042000003 0.00089999991 0.041807453)
(-0.0043000001 0.001 0.041807451)
(-0.0042000003 0.001 0.041807452)
(-0.0041000001 0.00089999997 0.03347412)
(-0.0040000001 0.00089999997 0.03347412)
(-0.0041000001 0.00099999997 0.033474119)
(-0.0040000001 0.00099999997 0.033474119)
(-0.0037 0.0019 0.025000001)
(-0.0036 0.0019 0.025000002)
(-0.0037 0.002 0.025000001)
(-0.0036 0.002 0.025000003)
(-0.0035000001 0.0020000001 0.0081925494)
(-0.0035 0.002 0.016525885)
(-0.0035 0.002 0.025000003)
(-0.0039000001 0.0021 0.0081925492)
(-0.0038000002 0.0021 0.0081925459)
(-0.0039000002 0.0022000001 0.0081925474)
(-0.0038000002 0.0022000001 0.0081925449)
(-0.0037 0.0021000001 0.0081925475)
(-0.0036 0.0021000001 0.0081925524)
(-0.0037000001 0.0022 0.0081925472)
(-0.0036000001 0.0021999999 0.0081925525)
(-0.0043 -0.0003 0.033474114)
(-0.0042000001 -0.00029999999 0.033474116)
(-0.0043 -0.00019999997 0.033474115)
(-0.0042000001 -0.00019999998 0.033474117)
(-0.0043000001 -0.00029999994 0.041807447)
(-0.0042000003 -0.00029999993 0.04180745)
(-0.0043000001 -0.00020000001 0.041807448)
(-0.0042000003 -0.00020000003 0.041807451)
(-0.0041000001 -0.00029999998 0.033474118)
(-0.004 -0.00029999997 0.033474117)
(-0.0041000001 -0.00019999999 0.033474118)
(-0.0040000001 -0.00019999999 0.033474117)
(-0.0041000002 -0.00029999991 0.041807453)
(-0.004 -0.00029999987 0.041807452)
(-0.0041000002 -0.00020000005 0.041807453)
(-0.004 -0.00020000005 0.041807452)
(-0.0043 -9.9999899e-05 0.033474117)
(-0.0042000001 -9.9999923e-05 0.033474119)
(-0.0043 2.2269749e-10 0.033474119)
(-0.0042000001 1.9089006e-10 0.033474121)
(-0.0043000001 -9.9999893e-05 0.041807452)
(-0.0042000002 -9.999995e-05 0.041807455)
(-0.0043 4.2522232e-10 0.041807454)
(-0.0042000002 3.4348947e-10 0.041807458)
(-0.0041000001 -9.9999954e-05 0.03347412)
(-0.0040000001 -9.999997e-05 0.033474119)
(-0.0041000001 1.4984609e-10 0.033474122)
(-0.0041000002 -0.00010000003 0.041807457)
(-0.004 -0.00010000007 0.041807455)
(-0.0041000001 2.1991147e-10 0.041807459)
(-0.0041000003 0.0008999999 0.041807457)
(-0.0040000001 0.0008999999 0.041807457)
(-0.0041000003 0.00099999999 0.041807455)
(-0.0040000002 0.00099999998 0.041807457)
(-0.0043000001 0.0011 0.033474115)
(-0.0042000001 0.0011 0.033474115)
(-0.0043 0.0011999999 0.033474115)
(-0.0042000001 0.0011999999 0.033474115)
(-0.0043000001 0.0011 0.041807447)
(-0.0042000003 0.0011 0.041807448)
(-0.0043 0.0011999998 0.041807448)
(-0.0042000003 0.0011999998 0.041807447)
(-0.0041000002 0.0011 0.033474117)
(-0.0040000001 0.0010999999 0.033474118)
(-0.0041000001 0.0011999999 0.033474117)
(-0.0040000001 0.0011999999 0.033474118)
(-0.0041000004 0.0010999999 0.041807451)
(-0.0040000002 0.0010999999 0.041807453)
(-0.0041000004 0.0011999998 0.04180745)
(-0.0040000003 0.0011999997 0.041807453)
(-0.0045000001 -0.00070000007 0.0081925426)
(-0.0043999999 -0.00070000021 0.0081925428)
(-0.0045000001 -0.00059999991 0.0081925448)
(-0.0043999999 -0.0006 0.0081925443)
(-0.0045000001 -0.00049999996 0.0081925483)
(-0.0044 -0.00049999999 0.0081925482)
(-0.0045000001 -0.00040000015 0.0081925483)
(-0.0044 -0.00040000012 0.0081925482)
(-0.0045 -0.00070000007 0.016525879)
(-0.0044 -0.00070000011 0.01652588)
(-0.0045 -0.00060000002 0.016525881)
(-0.0044 -0.00060000005 0.016525881)
(-0.0044999999 -0.00070000003 0.024999998)
(-0.0043999999 -0.00070000005 0.024999997)
(-0.0044999999 -0.00060000003 0.024999999)
(-0.0044 -0.00060000005 0.024999998)
(-0.0039000001 0.0021 0.016525884)
(-0.0038000001 0.0021 0.016525883)
(-0.0039000001 0.0022 0.016525882)
(-0.0038000001 0.0022 0.016525882)
(-0.0039 0.0021 0.025)
(-0.0038000001 0.0021 0.025)
(-0.0039 0.0022 0.024999998)
(-0.0038000001 0.0022 0.024999998)
(-0.0037000001 0.0021 0.016525883)
(-0.0036000001 0.0021 0.016525886)
(-0.0037000001 0.0022 0.016525883)
(-0.0036000001 0.0022 0.016525886)
(-0.0037000001 0.0021 0.025000001)
(-0.0036 0.0021 0.025000003)
(-0.0037000001 0.0022 0.025)
(-0.0036000001 0.0022 0.025000002)
(-0.0035000002 0.0021000001 0.0081925529)
(-0.0035000002 0.0021999999 0.0081925532)
(-0.0035000001 0.0021 0.016525886)
(-0.0035000001 0.0022 0.016525886)
(-0.0035 0.0021 0.025000003)
(-0.0035 0.0022 0.025000003)
(-0.0043 0.0012999999 0.033474117)
(-0.0042000001 0.0012999999 0.033474117)
(-0.0043 0.0014 0.033474119)
(-0.0042000001 0.0014 0.033474119)
(-0.0043 0.0012999998 0.041807451)
(-0.0042000002 0.0012999997 0.041807451)
(-0.0043 0.0014 0.041807454)
(-0.0042000002 0.0013999999 0.041807454)
(-0.0041000001 0.0012999999 0.033474119)
(-0.0040000001 0.0012999999 0.03347412)
(-0.0041000001 0.0014 0.033474121)
(-0.004 0.0013999999 0.033474122)
(-0.0041000003 0.0012999997 0.041807454)
(-0.0040000002 0.0012999996 0.041807456)
(-0.0041000002 0.0013999999 0.041807457)
(-0.0040000001 0.0013999998 0.041807459)
(-0.0043 0.0015000001 0.033474119)
(-0.0042 0.0015000001 0.033474119)
(-0.0042 0.0016000001 0.033474116)
(-0.0043 0.0015000003 0.041807454)
(-0.0042000001 0.0015000002 0.041807454)
(-0.0042000001 0.0016000004 0.04180745)
(-0.0041 0.0015000001 0.03347412)
(-0.004 0.0015 0.033474121)
(-0.0041 0.0016000001 0.033474117)
(-0.004 0.0016000001 0.033474118)
(-0.0041000001 0.0015000002 0.041807458)
(-0.004 0.0015000001 0.041807459)
(-0.0041 0.0016000003 0.041807454)
(-0.0039999999 0.0016000003 0.041807455)
(-0.0045 -0.00050000002 0.016525883)
(-0.0044 -0.00050000004 0.016525883)
(-0.0045 -0.00040000006 0.016525883)
(-0.0044 -0.00040000005 0.016525883)
(-0.0044999999 -0.00050000004 0.025)
(-0.0044 -0.00050000004 0.024999999)
(-0.0044999999 -0.00040000004 0.025)
(-0.0044 -0.00040000003 0.024999999)
(-0.0043 -0.00070000029 0.0081925465)
(-0.0042000001 -0.0007000003 0.0081925466)
(-0.0043 -0.00060000007 0.0081925475)
(-0.0042000002 -0.00060000008 0.0081925479)
(-0.0041000001 -0.0007000003 0.0081925429)
(-0.004 -0.00070000032 0.0081925417)
(-0.0041000002 -0.00060000008 0.0081925447)
(-0.0040000001 -0.0006000001 0.0081925428)
(-0.0043 -0.00050000001 0.0081925516)
(-0.0042000002 -0.00050000002 0.0081925517)
(-0.0043 -0.0004000001 0.0081925516)
(-0.0042000002 -0.0004000001 0.0081925517)
(-0.0041000003 -0.00050000003 0.0081925483)
(-0.0040000002 -0.00050000004 0.0081925467)
(-0.0041000003 -0.0004000001 0.0081925484)
(-0.0040000002 -0.00040000012 0.0081925469)
(-0.0043 -0.00070000015 0.016525881)
(-0.0042 -0.00070000016 0.016525881)
(-0.0043 -0.00060000008 0.016525882)
(-0.0042000001 -0.00060000009 0.016525882)
(-0.0043 -0.00070000007 0.024999998)
(-0.0042 -0.00070000007 0.024999999)
(-0.0043 -0.00060000006 0.024999998)
(-0.0042 -0.00060000006 0.024999999)
(-0.0041 -0.00070000016 0.01652588)
(-0.004 -0.00070000017 0.016525879)
(-0.0041000001 -0.00060000009 0.016525881)
(-0.004 -0.0006000001 0.01652588)
(-0.0041 -0.00070000008 0.024999999)
(-0.004 -0.00070000008 0.024999998)
(-0.0041 -0.00060000006 0.024999999)
(-0.004 -0.00060000006 0.024999999)
(-0.0043 -0.00050000004 0.016525884)
(-0.0042000001 -0.00050000005 0.016525884)
(-0.0043 -0.00040000004 0.016525884)
(-0.0042000001 -0.00040000003 0.016525884)
(-0.0043 -0.00050000004 0.024999999)
(-0.0042 -0.00050000004 0.025)
(-0.0043 -0.00040000003 0.024999999)
(-0.0042000001 -0.00040000002 0.025)
(-0.0041000001 -0.00050000005 0.016525883)
(-0.0040000001 -0.00050000006 0.016525882)
(-0.0041000001 -0.00040000004 0.016525883)
(-0.0040000001 -0.00040000004 0.016525882)
(-0.0041 -0.00050000004 0.025)
(-0.004 -0.00050000003 0.025)
(-0.0041000001 -0.00040000001 0.025)
(-0.004 -0.00040000001 0.025)
(-0.0045000001 -0.00030000019 0.0081925446)
(-0.0044 -0.0003000001 0.0081925442)
(-0.0045000001 -0.00019999999 0.008192542)
(-0.0044 -0.00019999987 0.0081925427)
(-0.0043999999 0.00090000002 0.0081925443)
(-0.0043999999 0.0010000001 0.0081925426)
(-0.0043999999 0.0011000002 0.0081925436)
(-0.0044 0.0012000002 0.0081925466)
(-0.0039 0.00089999997 0.033474118)
(-0.0039000001 0.00099999996 0.033474118)
(-0.0038999999 0.00089999989 0.041807454)
(-0.0039 0.00099999998 0.041807455)
(-0.0039000001 0.0010999999 0.033474116)
(-0.0039000001 0.0011999998 0.033474117)
(-0.0039000001 0.0010999999 0.041807452)
(-0.0039000001 0.0011999997 0.041807452)
(-0.0045000001 -9.9999726e-05 0.008192543)
(-0.0044 -9.999966e-05 0.0081925448)
(-0.0045000001 3.7156723e-10 0.0081925465)
(-0.0044 3.4734745e-10 0.0081925482)
(-0.0045 -0.00030000005 0.016525881)
(-0.0044 -0.00030000002 0.016525881)
(-0.0045 -0.00019999998 0.016525879)
(-0.0044 -0.00019999994 0.01652588)
(-0.0045 -0.00030000002 0.024999999)
(-0.0044 -0.00030000001 0.024999998)
(-0.0045 -0.00019999998 0.024999999)
(-0.0044 -0.00019999997 0.024999998)
(-0.0045 -9.9999877e-05 0.01652588)
(-0.0044 -9.9999854e-05 0.016525881)
(-0.0045 1.7705722e-10 0.016525882)
(-0.0044 1.788919e-10 0.016525883)
(-0.0045 -9.9999916e-05 0.025)
(-0.0044 -9.9999907e-05 0.025)
(-0.0045 1.450828e-10 0.025000001)
(-0.0044 1.4913865e-10 0.025000001)
(-0.0043 -0.00030000004 0.0081925475)
(-0.0042000002 -0.00030000003 0.0081925478)
(-0.0043 -0.0001999998 0.0081925467)
(-0.0042000002 -0.00019999979 0.0081925474)
(-0.0041000003 -0.00030000004 0.0081925447)
(-0.0040000002 -0.00030000007 0.0081925434)
(-0.0041000003 -0.00019999983 0.0081925449)
(-0.0040000002 -0.00019999988 0.0081925436)
(-0.0043 -9.9999631e-05 0.0081925496)
(-0.0042000002 -9.9999652e-05 0.0081925505)
(-0.0043 3.1465064e-10 0.0081925528)
(-0.0042000002 2.6877352e-10 0.0081925534)
(-0.0041000003 -9.9999719e-05 0.0081925483)
(-0.0040000002 -9.999982e-05 0.0081925475)
(-0.0041000002 1.7981287e-10 0.0081925501)
(-0.0043 -0.0003 0.016525882)
(-0.0042000001 -0.00029999999 0.016525883)
(-0.0043 -0.00019999992 0.016525882)
(-0.0042000001 -0.00019999992 0.016525883)
(-0.0043 -0.0003 0.024999999)
(-0.0042000001 -0.0003 0.025)
(-0.0043 -0.00019999996 0.024999999)
(-0.0042000001 -0.00019999996 0.025)
(-0.0041000001 -0.0003 0.016525882)
(-0.0040000001 -0.00030000001 0.016525881)
(-0.0041000001 -0.00019999994 0.016525882)
(-0.0040000001 -0.00019999996 0.016525881)
(-0.0041000001 -0.0003 0.025)
(-0.0040000001 -0.0003 0.024999999)
(-0.0041000001 -0.00019999997 0.025)
(-0.0040000001 -0.00019999998 0.025)
(-0.0043 -9.9999846e-05 0.016525884)
(-0.0042000001 -9.9999859e-05 0.016525885)
(-0.0043 1.6897553e-10 0.016525885)
(-0.0042000001 1.4545761e-10 0.016525886)
(-0.0043 -9.9999908e-05 0.025)
(-0.0042000001 -9.999992e-05 0.025000001)
(-0.0043 1.4328296e-10 0.025000002)
(-0.0042 1.262905e-10 0.025000003)
(-0.0041000001 -9.999989e-05 0.016525884)
(-0.0040000001 -9.9999929e-05 0.016525883)
(-0.0041000001 1.0798088e-10 0.016525885)
(-0.0041000001 -9.9999939e-05 0.025000002)
(-0.0040000001 -9.9999956e-05 0.025000001)
(-0.0041000001 1.0284445e-10 0.025000003)
(-0.0044 0.00090000003 0.01652588)
(-0.0044 0.0010000001 0.01652588)
(-0.0044 0.00090000002 0.024999998)
(-0.0044 0.001 0.024999999)
(-0.0044 0.0011000001 0.016525881)
(-0.0044 0.0012 0.016525882)
(-0.0044 0.0011 0.024999999)
(-0.0044 0.0012 0.025)
(-0.0042999998 0.00089999994 0.0081925488)
(-0.0042 0.0008999999 0.0081925524)
(-0.0042999998 0.001 0.0081925456)
(-0.0041999999 0.00099999999 0.008192549)
(-0.0041000002 0.00089999988 0.0081925523)
(-0.0040000003 0.00089999991 0.0081925489)
(-0.0041000002 0.00099999996 0.008192549)
(-0.0040000003 0.00099999994 0.008192546)
(-0.0042999998 0.0011000002 0.0081925458)
(-0.0041999999 0.0011000002 0.0081925488)
(-0.0042999998 0.0012000002 0.0081925487)
(-0.0041999999 0.0012000003 0.0081925517)
(-0.0041000002 0.0011000002 0.0081925487)
(-0.0040000003 0.0011000001 0.0081925454)
(-0.0041000001 0.0012000003 0.0081925513)
(-0.0040000002 0.0012000002 0.0081925469)
(-0.0043 0.0009 0.016525883)
(-0.0042 0.00089999998 0.016525885)
(-0.0043 0.001 0.016525882)
(-0.0042 0.001 0.016525884)
(-0.0043 0.00090000001 0.024999999)
(-0.0042000001 0.00089999999 0.025000001)
(-0.0043 0.001 0.024999999)
(-0.0042000001 0.001 0.025)
(-0.0041000001 0.00089999997 0.016525885)
(-0.0040000001 0.00089999998 0.016525883)
(-0.0041000001 0.001 0.016525884)
(-0.0040000001 0.00099999999 0.016525882)
(-0.0041000001 0.00089999999 0.025000002)
(-0.0040000001 0.00089999999 0.025000001)
(-0.0041000001 0.00099999999 0.025000001)
(-0.0040000001 0.00099999998 0.025000001)
(-0.0043 0.0011000001 0.016525882)
(-0.0042 0.0011000001 0.016525884)
(-0.0043 0.0012000001 0.016525884)
(-0.0042 0.0012000001 0.016525885)
(-0.0043 0.0011 0.024999999)
(-0.0042 0.0011 0.025)
(-0.0043 0.0012 0.025)
(-0.0042 0.0012 0.025)
(-0.0041000001 0.0011000001 0.016525884)
(-0.0040000001 0.0011 0.016525882)
(-0.0041000001 0.0012000001 0.016525885)
(-0.0040000001 0.0012 0.016525883)
(-0.0041000001 0.0011 0.025)
(-0.0040000001 0.0011 0.025)
(-0.0041000001 0.0012 0.025000001)
(-0.0040000001 0.0012 0.025)
(-0.0039000001 0.0012999998 0.033474119)
(-0.0038000001 0.0012999998 0.033474117)
(-0.0039 0.0013999999 0.033474121)
(-0.0038 0.0013999999 0.033474119)
(-0.0039 0.0012999996 0.041807455)
(-0.0038000001 0.0012999996 0.041807451)
(-0.0039 0.0013999998 0.041807458)
(-0.0038 0.0013999998 0.041807454)
(-0.0039 0.0015 0.03347412)
(-0.0038 0.0015 0.033474119)
(-0.0039 0.0016000001 0.033474117)
(-0.0038 0.0016000001 0.033474116)
(-0.0038999999 0.0015000001 0.041807457)
(-0.0038 0.0015000001 0.041807454)
(-0.0038999999 0.0016000003 0.041807451)
(-0.0038 0.0016000003 0.04180745)
(-0.0037000001 0.0016000001 0.033474117)
(-0.0037000002 0.0016000003 0.041807452)
(-0.0042999999 0.0013 0.0081925508)
(-0.0041999999 0.0013000001 0.0081925544)
(-0.0043 0.0013999998 0.0081925492)
(-0.0042 0.0013999998 0.0081925536)
(-0.0041000001 0.0013000001 0.0081925541)
(-0.0040000001 0.0013000001 0.0081925489)
(-0.0041000001 0.0013999998 0.0081925537)
(-0.0040000001 0.0013999999 0.0081925498)
(-0.0043 0.0014999997 0.0081925453)
(-0.0042 0.0014999997 0.0081925496)
(-0.0042 0.0015999999 0.0081925458)
(-0.0041000001 0.0014999997 0.0081925499)
(-0.0040000001 0.0014999997 0.008192547)
(-0.0041000001 0.0015999999 0.0081925455)
(-0.0040000002 0.0015999999 0.0081925433)
(-0.0043 0.0013 0.016525885)
(-0.0042 0.0013 0.016525887)
(-0.0043 0.0013999999 0.016525884)
(-0.0042 0.0013999999 0.016525886)
(-0.0043 0.0013 0.025000001)
(-0.0042 0.0013 0.025000002)
(-0.0043 0.0014 0.025000001)
(-0.0042 0.0014 0.025000002)
(-0.0041 0.0013 0.016525887)
(-0.004 0.0013 0.016525884)
(-0.0041 0.0013999999 0.016525886)
(-0.004 0.0013999999 0.016525885)
(-0.0041 0.0013 0.025000002)
(-0.004 0.0012999999 0.025000002)
(-0.0041 0.0014 0.025000003)
(-0.004 0.0013999999 0.025000002)
(-0.0043 0.0014999999 0.016525882)
(-0.0042 0.0014999999 0.016525883)
(-0.0042 0.0016 0.016525881)
(-0.0043 0.0015 0.025)
(-0.0042 0.0015 0.025000001)
(-0.0042 0.0016 0.024999999)
(-0.0041 0.0014999999 0.016525884)
(-0.004 0.0014999999 0.016525883)
(-0.0041 0.0016 0.016525881)
(-0.004 0.0016 0.01652588)
(-0.0041 0.0015 0.025000001)
(-0.004 0.0015 0.025000001)
(-0.0041 0.0016 0.024999999)
(-0.004 0.0016 0.024999999)
(-0.0039000002 0.0009 0.0081925466)
(-0.0039000002 0.00099999993 0.0081925441)
(-0.0039000002 0.0011 0.0081925435)
(-0.0039 0.0012 0.0081925442)
(-0.0039000001 0.0009 0.016525882)
(-0.0039000001 0.00099999998 0.016525881)
(-0.0039000001 0.00089999999 0.025)
(-0.0039000001 0.00099999997 0.024999999)
(-0.0039000001 0.0011 0.01652588)
(-0.0039 0.0012 0.016525881)
(-0.0043999999 -0.0008999999 0.033474115)
(-0.0044999998 -0.00079999991 0.033474114)
(-0.0043999999 -0.00079999993 0.033474113)
(-0.0043999999 -0.00089999969 0.041807449)
(-0.0044999996 -0.00079999968 0.041807449)
(-0.0043999998 -0.00079999972 0.041807448)
(-0.0044999998 0.00010000033 0.033474119)
(-0.0043999999 0.00010000034 0.033474117)
(-0.0044999999 0.00020000033 0.033474116)
(-0.0043999999 0.00020000035 0.033474114)
(-0.0044999996 0.0001000007 0.041807454)
(-0.0043999998 0.0001000007 0.041807451)
(-0.0044999996 0.00020000071 0.041807451)
(-0.0043999998 0.00020000072 0.041807448)
(-0.0044999999 0.00030000025 0.033474114)
(-0.0043999999 0.00030000027 0.033474113)
(-0.0044999999 0.00040000014 0.033474115)
(-0.0043999999 0.00040000016 0.033474113)
(-0.0044999997 0.00030000049 0.041807448)
(-0.0043999998 0.00030000051 0.041807445)
(-0.0044999997 0.00040000018 0.041807449)
(-0.0043999998 0.00040000021 0.041807446)
(-0.0042 0.0017000001 0.033474114)
(-0.0042 0.0018 0.033474115)
(-0.0042 0.0017000002 0.041807447)
(-0.0042 0.0018 0.041807448)
(-0.0041 0.0017000001 0.033474115)
(-0.004 0.0017000001 0.033474115)
(-0.0041 0.0018 0.033474116)
(-0.0039999999 0.0018 0.033474116)
(-0.0041 0.0017000002 0.041807451)
(-0.0039999999 0.0017000002 0.041807451)
(-0.0041 0.0018 0.041807451)
(-0.0039999999 0.0018 0.041807451)
(-0.0039000001 0.0011 0.024999999)
(-0.0039000001 0.0011999999 0.024999999)
(-0.0039 0.0013 0.008192546)
(-0.0037999999 0.0013 0.0081925474)
(-0.0039 0.0013999999 0.008192549)
(-0.0038 0.0014 0.0081925519)
(-0.0039 0.0014999998 0.0081925478)
(-0.0038 0.0014999999 0.0081925516)
(-0.0039000001 0.0015999998 0.0081925445)
(-0.0038000001 0.0015999999 0.0081925474)
(-0.0043 -0.00089999992 0.033474117)
(-0.0042 -0.00089999992 0.033474118)
(-0.0043 -0.00079999995 0.033474115)
(-0.0042 -0.00079999996 0.033474116)
(-0.0043 -0.00089999975 0.041807452)
(-0.0042 -0.00089999971 0.041807454)
(-0.0043 -0.00079999977 0.04180745)
(-0.0042 -0.00079999979 0.041807453)
(-0.0040999999 -0.00089999991 0.033474117)
(-0.0039999999 -0.00089999992 0.033474115)
(-0.0040999999 -0.00079999997 0.033474116)
(-0.0039999999 -0.00079999999 0.033474114)
(-0.0040999998 -0.00089999966 0.041807453)
(-0.0039999998 -0.00089999968 0.041807448)
(-0.0040999998 -0.00079999983 0.041807452)
(-0.0039999997 -0.00079999991 0.041807448)
(-0.0043 0.00010000033 0.033474118)
(-0.0042 0.0001000003 0.03347412)
(-0.0043 0.00020000035 0.033474115)
(-0.0042 0.00020000033 0.033474117)
(-0.0043 0.00010000068 0.041807451)
(-0.0042000001 0.00010000061 0.041807456)
(-0.0043 0.00020000071 0.041807449)
(-0.0042000001 0.00020000068 0.041807453)
(-0.0041 0.00010000026 0.03347412)
(-0.0040000001 0.00010000024 0.033474119)
(-0.0041 0.00020000031 0.033474118)
(-0.0040000001 0.00020000028 0.033474116)
(-0.0041 0.00010000052 0.041807458)
(-0.004 0.00010000046 0.041807455)
(-0.0041 0.00020000064 0.041807454)
(-0.004 0.00020000059 0.04180745)
(-0.0043 0.00030000027 0.033474113)
(-0.0042 0.00030000027 0.033474115)
(-0.0043 0.00040000017 0.033474114)
(-0.0042 0.00040000017 0.033474116)
(-0.0043 0.00030000052 0.041807446)
(-0.0042000001 0.00030000051 0.04180745)
(-0.0043 0.00040000022 0.041807447)
(-0.0042000001 0.00040000022 0.041807451)
(-0.0041 0.00030000026 0.033474116)
(-0.004 0.00030000023 0.033474114)
(-0.0041 0.00040000016 0.033474116)
(-0.004 0.00040000014 0.033474115)
(-0.0041 0.00030000048 0.04180745)
(-0.004 0.00030000044 0.041807447)
(-0.0041 0.00040000021 0.041807451)
(-0.004 0.00040000018 0.041807448)
(-0.0044999999 0.00050000008 0.033474117)
(-0.0044 0.00050000009 0.033474116)
(-0.0045 0.00060000006 0.033474118)
(-0.0044 0.00060000007 0.033474116)
(-0.0044999998 0.00050000008 0.041807454)
(-0.0043999999 0.0005000001 0.041807451)
(-0.0044999998 0.00060000015 0.041807455)
(-0.0043999999 0.00060000016 0.041807451)
(-0.0040999999 0.0019 0.033474118)
(-0.0039999999 0.0019 0.033474118)
(-0.0040999999 0.002 0.033474119)
(-0.0039999999 0.002 0.033474118)
(-0.0040999999 0.0018999999 0.041807455)
(-0.0039999998 0.0018999999 0.041807455)
(-0.0040999998 0.002 0.041807456)
(-0.0039999998 0.0020000001 0.041807455)
(-0.0037000002 0.0015999999 0.0081925471)
(-0.0039 0.0013 0.016525883)
(-0.0038 0.0012999999 0.016525883)
(-0.0039 0.0013999999 0.016525884)
(-0.0038 0.0013999999 0.016525885)
(-0.0039 0.0012999999 0.025000001)
(-0.0038 0.0012999999 0.025)
(-0.0039 0.0013999999 0.025000002)
(-0.0038 0.0013999999 0.025000001)
(-0.0039 0.0014999999 0.016525883)
(-0.0038 0.0014999999 0.016525884)
(-0.0039 0.0016 0.016525881)
(-0.0038000001 0.0016 0.016525882)
(-0.0039 0.0015 0.025000001)
(-0.0038 0.0015 0.025000001)
(-0.0039 0.0016 0.024999999)
(-0.0038 0.0016 0.024999999)
(-0.0037000001 0.0016 0.016525883)
(-0.0037 0.0016 0.025)
(-0.0045 0.00070000004 0.033474117)
(-0.0044 0.00070000004 0.033474115)
(-0.0045 0.00080000001 0.033474117)
(-0.0044 0.00080000001 0.033474115)
(-0.0044999999 0.00070000012 0.041807452)
(-0.0044 0.00070000012 0.041807448)
(-0.0044999999 0.00079999996 0.041807452)
(-0.0044 0.00079999997 0.041807448)
(-0.0043 0.0005000001 0.033474116)
(-0.0042000001 0.0005000001 0.033474118)
(-0.0043 0.00060000007 0.033474116)
(-0.0042000001 0.00060000007 0.033474118)
(-0.0043000001 0.00050000011 0.041807451)
(-0.0042000001 0.00050000011 0.041807455)
(-0.0043000001 0.00060000016 0.041807451)
(-0.0042000002 0.00060000016 0.041807455)
(-0.0041 0.0005000001 0.033474119)
(-0.004 0.00050000008 0.033474118)
(-0.0041000001 0.00060000007 0.03347412)
(-0.004 0.00060000006 0.033474119)
(-0.0041 0.00050000011 0.041807456)
(-0.0039999999 0.00050000009 0.041807453)
(-0.0041000001 0.00060000016 0.041807457)
(-0.0039999999 0.00060000016 0.041807456)
(-0.0043000001 0.00070000004 0.033474115)
(-0.0042000001 0.00070000004 0.033474117)
(-0.0043000001 0.00080000001 0.033474115)
(-0.0042000001 0.0008 0.033474117)
(-0.0043000002 0.00070000012 0.041807448)
(-0.0042000003 0.00070000012 0.041807451)
(-0.0043000002 0.00079999996 0.041807447)
(-0.0042000003 0.00079999995 0.041807451)
(-0.0041000001 0.00070000003 0.033474119)
(-0.004 0.00070000003 0.033474118)
(-0.0041000001 0.00079999999 0.033474119)
(-0.004 0.00079999999 0.033474119)
(-0.0041000002 0.00070000011 0.041807454)
(-0.0039999999 0.0007000001 0.041807454)
(-0.0041000002 0.00079999994 0.041807454)
(-0.004 0.00079999993 0.041807454)
(-0.0039999999 0.0021000001 0.033474116)
(-0.0039999999 0.0022 0.033474114)
(-0.0039999997 0.0021000002 0.041807452)
(-0.0039999997 0.0022000001 0.041807447)
(-0.0045000001 0.00010000026 0.0081925485)
(-0.0044 0.0001000002 0.0081925489)
(-0.0045000001 0.0002000001 0.0081925469)
(-0.0044 0.00020000011 0.0081925459)
(-0.0039 0.0017000001 0.033474114)
(-0.0038 0.0017000001 0.033474114)
(-0.0039 0.0018 0.033474114)
(-0.0038 0.0018 0.033474114)
(-0.0038999999 0.0017000002 0.041807447)
(-0.0038000001 0.0017000002 0.041807446)
(-0.0038999999 0.0018 0.041807447)
(-0.0038000001 0.0018 0.041807447)
(-0.0037000001 0.0017000001 0.033474115)
(-0.0037000001 0.0018 0.033474116)
(-0.0036 0.0018 0.033474118)
(-0.0037000002 0.0017000002 0.041807449)
(-0.0037000002 0.0018 0.04180745)
(-0.0036 0.0017999999 0.041807453)
(-0.0039 0.0019 0.033474116)
(-0.0038000001 0.0019 0.033474117)
(-0.0039 0.002 0.033474117)
(-0.0038000001 0.002 0.033474117)
(-0.0038999999 0.0019 0.041807451)
(-0.0038000001 0.0019 0.041807452)
(-0.0038999999 0.0020000001 0.041807452)
(-0.0038000002 0.0020000001 0.041807452)
(-0.0037000001 0.0019 0.033474119)
(-0.0036 0.0019 0.03347412)
(-0.0037000001 0.002 0.03347412)
(-0.0036 0.002 0.033474122)
(-0.0037000002 0.0018999999 0.041807455)
(-0.0036 0.0018999999 0.041807458)
(-0.0037000003 0.0020000001 0.041807456)
(-0.0036000001 0.002 0.04180746)
(-0.0034999999 0.0019999999 0.033474122)
(-0.0034999998 0.0019999999 0.041807459)
(-0.0043999999 -0.00090000031 0.0081925486)
(-0.0045000001 -0.00080000027 0.0081925443)
(-0.0043999999 -0.00080000037 0.0081925451)
(-0.0044 -0.00090000015 0.016525883)
(-0.0045 -0.00080000012 0.01652588)
(-0.0044 -0.00080000016 0.016525881)
(-0.0044 -0.00090000004 0.024999999)
(-0.0044999999 -0.00080000003 0.024999998)
(-0.0043999999 -0.00080000005 0.024999998)
(-0.0042999999 -0.00090000035 0.0081925524)
(-0.0042 -0.00090000036 0.0081925525)
(-0.0042999999 -0.00080000044 0.0081925492)
(-0.0042000001 -0.00080000045 0.008192549)
(-0.0041 -0.00090000036 0.0081925487)
(-0.0039999998 -0.00090000036 0.0081925481)
(-0.0041 -0.00080000045 0.0081925448)
(-0.0039999998 -0.00080000046 0.0081925443)
(-0.0045000001 0.0003000001 0.0081925443)
(-0.0044 0.00030000019 0.0081925445)
(-0.0045000001 0.00040000017 0.0081925458)
(-0.0044 0.00040000022 0.0081925467)
(-0.0045 0.00010000016 0.016525883)
(-0.0044 0.00010000016 0.016525884)
(-0.0045 0.00020000012 0.016525882)
(-0.0044 0.00020000014 0.016525882)
(-0.0045 0.00010000018 0.025000001)
(-0.0044 0.00010000018 0.025)
(-0.0045 0.00020000017 0.024999999)
(-0.0044 0.00020000018 0.024999999)
(-0.0045 0.0003000001 0.016525881)
(-0.0044 0.00030000013 0.016525881)
(-0.0045 0.00040000008 0.016525882)
(-0.0044 0.00040000011 0.016525882)
(-0.0045 0.00030000013 0.024999998)
(-0.0044 0.00030000015 0.024999998)
(-0.0045 0.00040000009 0.024999999)
(-0.0044 0.00040000011 0.024999999)
(-0.0043 0.00010000014 0.0081925527)
(-0.0042000002 0.0001000001 0.0081925527)
(-0.0043 0.00020000011 0.0081925488)
(-0.0042000002 0.00020000009 0.0081925488)
(-0.0041000002 0.00010000003 0.0081925486)
(-0.0040000001 9.9999976e-05 0.008192547)
(-0.0041000003 0.00020000006 0.0081925452)
(-0.0040000002 0.00020000007 0.0081925451)
(-0.0043 0.00030000023 0.0081925482)
(-0.0042000002 0.00030000022 0.0081925486)
(-0.0043 0.00040000025 0.0081925514)
(-0.0042000002 0.00040000025 0.0081925519)
(-0.0041000003 0.00030000021 0.0081925455)
(-0.0040000003 0.00030000022 0.0081925465)
(-0.0041000003 0.00040000023 0.008192549)
(-0.0040000003 0.00040000018 0.00819255)
(-0.0043 0.00010000015 0.016525885)
(-0.0042000001 0.00010000012 0.016525886)
(-0.0043 0.00020000014 0.016525883)
(-0.0042000001 0.00020000012 0.016525884)
(-0.0043 0.00010000018 0.025000001)
(-0.0042 0.00010000016 0.025000002)
(-0.0043 0.00020000018 0.024999999)
(-0.0042 0.00020000018 0.025)
(-0.0041000001 0.00010000009 0.016525884)
(-0.0040000001 0.00010000007 0.016525883)
(-0.0041000001 0.00020000011 0.016525882)
(-0.0040000001 0.0002000001 0.016525882)
(-0.0041000001 0.00010000014 0.025000002)
(-0.0040000001 0.00010000012 0.025000001)
(-0.0041000001 0.00020000016 0.025)
(-0.0040000001 0.00020000015 0.024999999)
(-0.0043 0.00030000014 0.016525883)
(-0.0042000001 0.00030000014 0.016525883)
(-0.0043 0.00040000012 0.016525884)
(-0.0042000001 0.00040000012 0.016525885)
(-0.0042000001 0.0017000002 0.0081925454)
(-0.0042000001 0.0018000005 0.0081925478)
(-0.0041000002 0.0017000002 0.008192544)
(-0.0040000002 0.0017000001 0.0081925429)
(-0.0041000001 0.0018000004 0.0081925462)
(-0.0040000001 0.0018000003 0.008192547)
(-0.0041 0.0019000004 0.0081925494)
(-0.004 0.0019000003 0.0081925522)
(-0.0041 0.0020000001 0.0081925505)
(-0.004 0.0020000001 0.0081925533)
(-0.0042 0.0017000001 0.01652588)
(-0.0042 0.0018000002 0.016525882)
(-0.0042 0.0017000001 0.024999998)
(-0.0042 0.0018000001 0.024999999)
(-0.0041 0.0017000001 0.01652588)
(-0.004 0.0017000001 0.01652588)
(-0.0041 0.0018000002 0.016525882)
(-0.004 0.0018000001 0.016525882)
(-0.0041 0.0017000001 0.024999998)
(-0.004 0.0017000001 0.024999998)
(-0.0041 0.0018000001 0.024999999)
(-0.004 0.0018000001 0.024999999)
(-0.0041 0.0019000002 0.016525884)
(-0.004 0.0019000001 0.016525885)
(-0.0041 0.0020000001 0.016525885)
(-0.004 0.0020000001 0.016525886)
(-0.0041 0.0019000001 0.025000001)
(-0.004 0.0019000001 0.025000001)
(-0.0041 0.002 0.025000002)
(-0.004 0.002 0.025000001)
(-0.0039 0.0021000001 0.033474115)
(-0.0038000001 0.0021000001 0.033474115)
(-0.0039 0.0022 0.033474113)
(-0.0038000001 0.0022 0.033474113)
(-0.0038999999 0.0021000002 0.041807449)
(-0.0038000002 0.0021000002 0.041807449)
(-0.0038999999 0.0022000001 0.041807445)
(-0.0038000002 0.0022000001 0.041807446)
(-0.0037000001 0.0021 0.033474118)
(-0.0036000001 0.0021 0.033474121)
(-0.0037000001 0.0022 0.033474116)
(-0.0036000001 0.0022 0.03347412)
(-0.0037000003 0.0021000002 0.041807453)
(-0.0036000001 0.0021000001 0.041807458)
(-0.0037000004 0.0022000001 0.04180745)
(-0.0036000002 0.0022000001 0.041807454)
(-0.0035 0.0021 0.033474122)
(-0.0035 0.0022 0.03347412)
(-0.0044999989 -0.00069999954 0.050000001)
(-0.0043999993 -0.00069999952 0.050000001)
(-0.0044999989 -0.00060000041 0.050000001)
(-0.0043999992 -0.0006000004 0.050000001)
(-0.004499999 -0.00050000041 0.050000001)
(-0.0043999993 -0.00050000044 0.050000001)
(-0.004499999 -0.00039999966 0.050000001)
(-0.0043999993 -0.00039999967 0.050000001)
(-0.0043000002 -0.00069999956 0.050000001)
(-0.0042000003 -0.00069999963 0.050000001)
(-0.0043000002 -0.00060000043 0.050000001)
(-0.0042000003 -0.00060000046 0.050000001)
(-0.0040999994 -0.00070000029 0.050000001)
(-0.0039999992 -0.00070000039 0.050000001)
(-0.0040999994 -0.00060000047 0.050000001)
(-0.0039999992 -0.00060000044 0.050000001)
(-0.0043000003 -0.00050000045 0.050000001)
(-0.0042000004 -0.00050000042 0.050000001)
(-0.0043000004 -0.00039999967 0.050000001)
(-0.0042000006 -0.00039999964 0.050000001)
(-0.0034999994 0.0021000004 0.050000001)
(-0.0034999995 0.0022000003 0.050000001)
(-0.0040999996 -0.00050000032 0.050000001)
(-0.0039999994 -0.00049999961 0.050000001)
(-0.0041000004 -0.00039999953 0.050000001)
(-0.0039999995 -0.00039999939 0.050000001)
(-0.004499999 -0.00029999965 0.050000001)
(-0.0043999994 -0.00029999964 0.050000001)
(-0.0044999991 -0.00020000031 0.050000001)
(-0.0043999994 -0.0002000003 0.050000001)
(-0.0044999991 -0.0001000001 0.050000001)
(-0.0043999994 -0.00010000011 0.050000001)
(-0.0044999991 9.7837722e-10 0.050000001)
(-0.0043999994 9.6161032e-10 0.050000001)
(-0.0043999997 0.00089999964 0.050000001)
(-0.0043999997 0.0010000004 0.050000001)
(-0.0043999997 0.0011000003 0.050000001)
(-0.0043999997 0.0011999995 0.050000001)
(-0.0043000005 0.00089999963 0.050000001)
(-0.0042000008 0.00089999959 0.050000001)
(-0.0042999999 0.0010000003 0.050000001)
(-0.0042000008 0.0010000003 0.050000001)
(-0.0043000004 -0.00029999964 0.050000001)
(-0.0042000007 -0.00029999963 0.050000001)
(-0.0043000005 -0.00020000032 0.050000001)
(-0.0042000007 -0.00020000035 0.050000001)
(-0.0041000005 -0.00029999958 0.050000001)
(-0.0039999997 -0.00029999951 0.050000001)
(-0.0041000006 -0.00020000038 0.050000001)
(-0.0039999997 -0.00020000038 0.050000001)
(-0.0043000004 -0.00010000016 0.050000001)
(-0.0042000007 -0.00010000025 0.050000001)
(-0.0043000004 9.0617317e-10 0.050000001)
(-0.0042000006 7.7836896e-10 0.050000001)
(-0.0041000005 -0.00010000037 0.050000001)
(-0.0039999997 -0.00010000043 0.050000001)
(-0.0040999999 3.3433684e-11 0.050000001)
(-0.0041000007 0.00089999957 0.050000001)
(-0.0039999998 0.00089999957 0.050000001)
(-0.0041000008 0.0010000003 0.050000001)
(-0.0040000005 0.0010000003 0.050000001)
(-0.0042999998 0.0011000003 0.050000001)
(-0.0042000007 0.0011000003 0.050000001)
(-0.0042999998 0.0011999995 0.050000001)
(-0.0042000007 0.0011999994 0.050000001)
(-0.0041000009 0.0011000002 0.050000001)
(-0.0040000006 0.0011000002 0.050000001)
(-0.0041000009 0.0011999993 0.050000001)
(-0.0040000007 0.0011999993 0.050000001)
(-0.0042999997 0.0012999994 0.050000001)
(-0.0042000006 0.0012999993 0.050000001)
(-0.0042999997 0.0013999997 0.050000001)
(-0.0042000005 0.0013999997 0.050000001)
(-0.0041000008 0.0012999992 0.050000001)
(-0.0040000006 0.0012999991 0.050000001)
(-0.0041000007 0.0013999996 0.050000001)
(-0.0040000005 0.0013999995 0.050000001)
(-0.0042999996 0.0015000007 0.050000001)
(-0.0042000004 0.0015000007 0.050000001)
(-0.0042000003 0.0016000009 0.050000001)
(-0.0041000005 0.0015000006 0.050000001)
(-0.0039999997 0.0015000005 0.050000001)
(-0.0041000004 0.0016000009 0.050000001)
(-0.0039999996 0.0016000008 0.050000001)
(-0.0038999995 0.00089999956 0.050000001)
(-0.0038999997 0.0010000003 0.050000001)
(-0.0038999998 0.0011000001 0.050000001)
(-0.0038999998 0.0011999992 0.050000001)
(-0.0038999998 0.0012999991 0.050000001)
(-0.0037999998 0.001299999 0.050000001)
(-0.0038999997 0.0013999994 0.050000001)
(-0.0037999997 0.0013999993 0.050000001)
(-0.0038999995 0.0015000005 0.050000001)
(-0.0037999997 0.0015000005 0.050000001)
(-0.0038999995 0.0016000008 0.050000001)
(-0.0038000003 0.0016000008 0.050000001)
(-0.0037000005 0.0016000007 0.050000001)
(-0.0044000001 -0.00089999973 0.050000001)
(-0.004499999 -0.0007999992 0.050000001)
(-0.0043999994 -0.00079999925 0.050000001)
(-0.0044999992 0.00010000137 0.050000001)
(-0.0043999994 0.00010000137 0.050000001)
(-0.0044999992 0.00020000138 0.050000001)
(-0.0043999994 0.0002000014 0.050000001)
(-0.0044999992 0.000300001 0.050000001)
(-0.0043999994 0.00030000103 0.050000001)
(-0.0044999993 0.00039999997 0.050000001)
(-0.0043999995 0.0004 0.050000001)
(-0.0042000003 0.0017000007 0.050000001)
(-0.0042000002 0.0017999997 0.050000001)
(-0.0041000003 0.0017000007 0.050000001)
(-0.0039999995 0.0017000006 0.050000001)
(-0.0041000002 0.0017999997 0.050000001)
(-0.0039999995 0.0017999997 0.050000001)
(-0.0043000004 -0.0008999998 0.050000001)
(-0.0042000002 -0.00089999977 0.050000001)
(-0.0043000003 -0.00079999932 0.050000001)
(-0.0042000003 -0.00079999935 0.050000001)
(-0.0040999994 -0.00089999912 0.050000001)
(-0.0039999994 -0.00089999914 0.050000001)
(-0.0040999994 -0.00079999938 0.050000001)
(-0.0039999993 -0.00080000005 0.050000001)
(-0.0043000003 0.00010000134 0.050000001)
(-0.0042000004 0.00010000124 0.050000001)
(-0.0043000003 0.00020000139 0.050000001)
(-0.0042000004 0.00020000135 0.050000001)
(-0.0040999997 0.0001000011 0.050000001)
(-0.0039999997 0.000100001 0.050000001)
(-0.0040999997 0.00020000127 0.050000001)
(-0.0039999997 0.0002000012 0.050000001)
(-0.0043000003 0.00030000104 0.050000001)
(-0.0042000004 0.00030000103 0.050000001)
(-0.0043000003 0.00040000002 0.050000001)
(-0.0042000004 0.00040000002 0.050000001)
(-0.0040999996 0.000300001 0.050000001)
(-0.0039999997 0.00030000094 0.050000001)
(-0.0040999997 0.0004 0.050000001)
(-0.0039999996 0.00039999996 0.050000001)
(-0.0044999994 0.00049999981 0.050000001)
(-0.0043999995 0.00049999984 0.050000001)
(-0.0044999995 0.00060000049 0.050000001)
(-0.0043999996 0.00060000051 0.050000001)
(-0.0041000001 0.0018999995 0.050000001)
(-0.0039999995 0.0018999996 0.050000001)
(-0.0040999999 0.0019999998 0.050000001)
(-0.0039999994 0.0020000004 0.050000001)
(-0.0044999996 0.00070000045 0.050000001)
(-0.0043999997 0.00070000046 0.050000001)
(-0.0044999996 0.00079999966 0.050000001)
(-0.0043999997 0.00079999967 0.050000001)
(-0.0043000004 0.00049999985 0.050000001)
(-0.0042000005 0.00049999985 0.050000001)
(-0.0043000005 0.00060000051 0.050000001)
(-0.0042000006 0.00060000051 0.050000001)
(-0.0040999998 0.00049999985 0.050000001)
(-0.0039999996 0.00049999982 0.050000001)
(-0.0041000004 0.00060000051 0.050000001)
(-0.0039999996 0.00060000049 0.050000001)
(-0.0043000006 0.00070000046 0.050000001)
(-0.0042000008 0.00070000045 0.050000001)
(-0.0043000006 0.00079999966 0.050000001)
(-0.0042000008 0.00079999964 0.050000001)
(-0.0041000005 0.00070000044 0.050000001)
(-0.0039999996 0.00070000043 0.050000001)
(-0.0041000006 0.00079999963 0.050000001)
(-0.0039999996 0.00079999962 0.050000001)
(-0.0039999993 0.0021000006 0.050000001)
(-0.0039999993 0.0022000005 0.050000001)
(-0.0038999995 0.0017000006 0.050000001)
(-0.0038000003 0.0017000006 0.050000001)
(-0.0038999995 0.0017999997 0.050000001)
(-0.0038000004 0.0017999997 0.050000001)
(-0.0037000006 0.0017000006 0.050000001)
(-0.0037000006 0.0017999997 0.050000001)
(-0.0036000003 0.0017999996 0.050000001)
(-0.0038999996 0.0018999996 0.050000001)
(-0.0038000005 0.0018999997 0.050000001)
(-0.0038999996 0.0020000005 0.050000001)
(-0.0038000006 0.0020000005 0.050000001)
(-0.0037000006 0.0018999996 0.050000001)
(-0.0035999998 0.0018999995 0.050000001)
(-0.0037000007 0.0020000004 0.050000001)
(-0.0036000004 0.0020000003 0.050000001)
(-0.0034999994 0.0019999995 0.050000001)
(-0.0038999996 0.0021000007 0.050000001)
(-0.0038000006 0.0021000007 0.050000001)
(-0.0038999997 0.0022000005 0.050000001)
(-0.0038000007 0.0022000005 0.050000001)
(-0.0037000008 0.0021000006 0.050000001)
(-0.0036000005 0.0021000005 0.050000001)
(-0.0037000009 0.0022000004 0.050000001)
(-0.0036000006 0.0022000004 0.050000001)
(-0.0045000004 0.00050000039 0)
(-0.0043999997 0.00050000044 0)
(-0.0045000004 0.00059999953 0)
(-0.0043999996 0.00059999962 0)
(-0.0045000004 0.00069999942 0)
(-0.0043999996 0.00070000013 0)
(-0.0045000004 0.00079999958 0)
(-0.0043999996 0.00080000021 0)
(-0.0042999997 0.00049999984 0)
(-0.0042000006 0.00050000034 0)
(-0.0042999997 0.00059999961 0)
(-0.0042000005 0.00059999953 0)
(-0.0041000008 0.00050000027 0)
(-0.0040000002 0.00049999965 0)
(-0.0041000008 0.00059999948 0)
(-0.0040000007 0.00059999953 0)
(-0.0042999996 0.00070000016 0)
(-0.0042000004 0.00069999952 0)
(-0.0042999994 0.00080000019 0)
(-0.0041999997 0.00080000012 0)
(-0.0039999997 0.0020999996 0)
(-0.0039999998 0.0021999997 0)
(-0.0041000007 0.00069999952 0)
(-0.0040000007 0.00069999965 0)
(-0.0041000006 0.00080000013 0)
(-0.0040000007 0.00080000028 0)
(-0.0038999999 0.0016999998 0)
(-0.0038000005 0.0017000004 0)
(-0.0039000005 0.0018000007 0)
(-0.0038000006 0.0018000007 0)
(-0.0037000005 0.0017000004 0)
(-0.0037000004 0.0018000005 0)
(-0.0035999997 0.0017999998 0)
(-0.0039000005 0.0019000007 0)
(-0.0038000005 0.0019000006 0)
(-0.0039000005 0.0019999998 0)
(-0.0038000005 0.0019999999 0)
(-0.0036999997 0.0018999999 0)
(-0.0035999996 0.0018999998 0)
(-0.0036999997 0.0020000005 0)
(-0.0035999997 0.0020000005 0)
(-0.0035000005 0.0020000005 0)
(-0.0039000005 0.0020999997 0)
(-0.0038000005 0.0020999998 0)
(-0.0039000006 0.0022000004 0)
(-0.0038000006 0.0022000004 0)
(-0.0036999997 0.0021000004 0)
(-0.0035999997 0.0021000004 0)
(-0.0036999998 0.0021999997 0)
(-0.0035999998 0.0021999996 0)
(-0.0045000004 -0.00069999981 0)
(-0.0043999996 -0.00070000058 0)
(-0.0045000004 -0.00059999953 0)
(-0.0043999996 -0.00059999969 0)
(-0.0045000004 -0.00049999963 0)
(-0.0043999996 -0.00049999968 0)
(-0.0045000004 -0.00040000051 0)
(-0.0043999997 -0.00040000046 0)
(-0.0035000006 0.0021000004 0)
(-0.0035000007 0.0021999996 0)
(-0.0042999997 -0.00070000072 0)
(-0.0042000005 -0.00070000075 0)
(-0.0042999997 -0.00059999979 0)
(-0.0042000006 -0.00059999982 0)
(-0.0041000005 -0.00070000018 0)
(-0.0039999997 -0.00070000078 0)
(-0.0041000007 -0.00059999983 0)
(-0.0040000005 -0.00059999986 0)
(-0.0042999997 -0.00049999972 0)
(-0.0042000006 -0.00049999974 0)
(-0.0042999997 -0.00040000043 0)
(-0.0042000006 -0.00040000042 0)
(-0.0041000008 -0.00049999975 0)
(-0.004 -0.00049999977 0)
(-0.0041000007 -0.00040000043 0)
(-0.0040000005 -0.00040000046 0)
(-0.0045000004 -0.00030000059 0)
(-0.0043999997 -0.00030000045 0)
(-0.0045000004 -0.00020000028 0)
(-0.0043999997 -0.00019999953 0)
(-0.0043999995 0.00089999974 0)
(-0.0043999995 0.00099999992 0)
(-0.0043999996 0.0011000006 0)
(-0.0043999997 0.0012000005 0)
(-0.0045000004 -9.9999282e-05 0)
(-0.0043999997 -9.9999184e-05 0)
(-0.0045000004 8.5663667e-10 0)
(-0.0043999997 8.1904555e-10 0)
(-0.0042999997 -0.00030000035 0)
(-0.0042000006 -0.00030000032 0)
(-0.0042999997 -0.00019999941 0)
(-0.0042000006 -0.00019999939 0)
(-0.0041000007 -0.00030000034 0)
(-0.004 -0.00030000038 0)
(-0.0041000007 -0.00019999944 0)
(-0.0040000006 -0.00019999953 0)
(-0.0042999997 -9.9999134e-05 0)
(-0.0042000006 -9.9999165e-05 0)
(-0.0042999997 7.6289741e-10 0)
(-0.0042000005 6.7754585e-10 0)
(-0.0041000007 -9.9999283e-05 0)
(-0.0040000005 -9.999944e-05 0)
(-0.0041000006 5.3095736e-10 0)
(-0.0042999994 0.00089999962 0)
(-0.0041999996 0.00089999954 0)
(-0.0042999993 0.00099999977 0)
(-0.0041999996 0.0009999997 0)
(-0.0041000006 0.00089999952 0)
(-0.0040000008 0.0008999996 0)
(-0.0041000006 0.00099999966 0)
(-0.0040000008 0.00099999964 0)
(-0.0042999993 0.0011000006 0)
(-0.0041999996 0.0011000006 0)
(-0.0042999994 0.0012000006 0)
(-0.0041999996 0.0012000007 0)
(-0.0041000006 0.0011000006 0)
(-0.0040000008 0.0011000005 0)
(-0.0041000005 0.0012000007 0)
(-0.0040000006 0.0012000006 0)
(-0.0042999996 0.0013000003 0)
(-0.0041999996 0.0013000004 0)
(-0.0042999997 0.0013999993 0)
(-0.0041999997 0.0013999994 0)
(-0.0041000004 0.0013000005 0)
(-0.0040000005 0.0013000005 0)
(-0.0041000004 0.0013999995 0)
(-0.0040000004 0.0013999995 0)
(-0.0042999996 0.0014999992 0)
(-0.0041999997 0.0014999992 0)
(-0.0041999997 0.0015999995 0)
(-0.0041000004 0.0014999992 0)
(-0.0040000005 0.0014999993 0)
(-0.0041000005 0.0015999995 0)
(-0.0040000005 0.0015999995 0)
(-0.0039000005 0.00089999974 0)
(-0.0039000006 0.00099999961 0)
(-0.0039000005 0.0011000003 0)
(-0.0038999998 0.0011999999 0)
(-0.0038999997 0.0013000004 0)
(-0.0037999996 0.0013000003 0)
(-0.0038999997 0.0014000002 0)
(-0.0037999996 0.0014000002 0)
(-0.0038999997 0.0014999994 0)
(-0.0037999997 0.0014999995 0)
(-0.0038999998 0.0015999995 0)
(-0.0037999998 0.0015999995 0)
(-0.0037000005 0.0015999996 0)
(-0.0045000004 0.00010000065 0)
(-0.0043999997 9.9999997e-05 0)
(-0.0045000004 0.00019999984 0)
(-0.0043999997 0.00019999986 0)
(-0.0043999996 -0.00090000076 0)
(-0.0045000004 -0.0008000007 0)
(-0.0043999996 -0.00080000086 0)
(-0.0042999996 -0.00090000082 0)
(-0.0042000003 -0.00090000084 0)
(-0.0042999996 -0.00080000097 0)
(-0.0042000004 -0.000800001 0)
(-0.0041000003 -0.00090000084 0)
(-0.0039999994 -0.00090000084 0)
(-0.0041000004 -0.00080000099 0)
(-0.0039999995 -0.00080000101 0)
(-0.0045000004 0.00029999986 0)
(-0.0043999997 0.00030000054 0)
(-0.0045000004 0.00040000053 0)
(-0.0043999997 0.00040000062 0)
(-0.0042999997 9.999991e-05 0)
(-0.0042000005 9.9999825e-05 0)
(-0.0042999997 0.00019999984 0)
(-0.0042000005 0.00019999981 0)
(-0.0041000006 9.9999725e-05 0)
(-0.0039999999 9.9999646e-05 0)
(-0.0041000007 0.00019999978 0)
(-0.004 0.0001999998 0)
(-0.0042999997 0.00030000059 0)
(-0.0042000006 0.00030000059 0)
(-0.0042999997 0.00040000065 0)
(-0.0042000006 0.00040000062 0)
(-0.0041000007 0.00030000058 0)
(-0.0040000002 0.00030000059 0)
(-0.0041000008 0.00040000056 0)
(-0.0040000002 0.00040000052 0)
(-0.0042000003 0.0017000007 0)
(-0.0042000004 0.0018000011 0)
(-0.0041000005 0.0017000006 0)
(-0.0040000005 0.0017000005 0)
(-0.0041000004 0.001800001 0)
(-0.0039999999 0.0018000008 0)
(-0.0040999998 0.0019000009 0)
(-0.0039999998 0.0019000007 0)
(-0.0040999997 0.0019999999 0)
(-0.0039999997 0.0019999998 0)
)


// ************************************************************************* //
