/*--------------------------------*- C++ -*----------------------------------*\
| =========                 |                                                 |
| \\      /  F ield         | OpenFOAM: The Open Source CFD Toolbox           |
|  \\    /   O peration     | Version:  2412                                  |
|   \\  /    A nd           | Website:  www.openfoam.com                      |
|    \\/     M anipulation  |                                                 |
\*---------------------------------------------------------------------------*/
FoamFile
{
    version     2.0;
    format      ascii;
    arch        "LSB;label=32;scalar=64";
    note        "nPoints:6358  nCells:3356  nFaces:12954  nInternalFaces:7182";
    class       labelList;
    location    "constant/claddingZone/polyMesh";
    object      neighbour;
}
// * * * * * * * * * * * * * * * * * * * * * * * * * * * * * * * * * * * * * //


7182
(
1
3
94
2
77
3
80
4
93
5
8
100
7
103
7
9
104
8
102
101
10
105
11
121
13
122
13
14
127
123
15
143
17
144
17
18
357
145
19
356
20
358
21
359
22
370
24
369
24
26
436
25
437
26
438
28
439
28
30
547
29
440
30
538
31
546
32
545
33
35
544
34
552
35
37
553
36
543
37
39
701
38
700
39
41
718
40
719
41
720
42
721
43
722
44
1100
45
47
1128
46
1127
47
49
1126
48
1135
49
51
1136
50
1125
51
53
1124
52
1148
53
1149
54
1123
55
1122
56
58
1121
57
1101
58
59
1158
1157
60
62
1303
61
1302
62
63
1305
1304
64
1306
65
1159
66
1162
67
1163
69
1164
69
70
1105
1165
71
1107
73
1106
73
74
1111
1426
75
1427
76
1428
1112
78
80
94
79
81
95
82
83
96
81
93
82
98
91
97
84
91
114
85
92
115
86
139
154
87
140
155
88
141
156
89
142
157
90
152
158
153
159
160
92
134
138
139
94
98
100
95
96
98
97
114
98
112
134
99
100
108
110
112
101
103
102
110
103
104
109
108
105
107
106
121
107
118
120
109
116
109
113
110
117
111
112
117
135
113
133
117
132
115
134
138
154
117
118
189
188
119
194
120
126
131
121
125
122
123
125
124
127
125
128
130
126
130
204
128
143
129
148
130
149
209
205
194
203
204
133
188
190
134
135
137
138
136
188
137
172
191
138
171
190
170
140
170
141
175
142
176
152
181
144
148
145
147
146
357
147
151
360
148
150
149
150
290
151
291
292
361
153
182
164
187
155
170
156
175
157
176
158
181
159
182
187
231
161
164
231
162
165
233
163
166
232
167
169
262
165
235
166
234
167
264
168
263
169
274
281
273
276
171
175
172
174
196
173
195
174
178
200
175
177
199
176
177
181
178
180
219
179
220
180
184
221
181
183
222
182
183
187
184
186
227
185
226
186
237
244
187
230
236
235
189
191
192
194
191
196
192
195
193
197
194
202
203
196
197
200
199
198
202
200
201
218
200
219
220
202
212
225
211
207
211
205
207
206
209
207
208
215
210
209
216
295
290
211
213
215
212
213
247
214
248
215
217
249
216
217
298
252
299
220
223
225
220
222
221
222
223
226
227
224
228
225
246
254
247
227
228
244
230
229
246
242
244
245
241
244
233
235
233
262
264
234
235
239
264
236
237
239
241
238
243
239
266
272
240
265
241
270
272
243
243
271
304
244
272
246
302
304
255
248
254
249
251
250
252
251
253
257
254
256
253
344
260
345
255
256
302
257
259
258
260
259
261
314
302
313
261
350
317
351
263
276
264
268
281
265
266
268
270
267
308
268
282
309
269
280
270
279
309
308
272
305
307
308
274
275
285
276
285
281
278
286
329
331
279
284
326
280
323
281
282
284
285
283
323
284
287
326
285
286
287
289
288
329
289
332
337
331
336
291
295
292
294
293
455
294
296
456
295
297
298
297
301
463
298
300
299
300
344
301
347
348
464
303
304
311
313
305
306
311
307
319
322
308
310
309
310
323
322
324
312
319
313
315
320
314
315
317
316
321
317
375
420
421
319
322
374
378
320
321
374
373
375
328
324
326
325
328
326
327
330
329
328
335
382
378
330
332
333
335
332
390
333
391
334
392
335
388
396
383
337
339
390
338
391
339
342
395
341
394
341
343
403
406
342
400
343
401
402
407
345
347
346
350
347
349
353
348
349
554
354
555
351
353
352
421
353
355
422
354
355
562
423
563
357
358
363
360
359
364
365
370
361
363
362
455
363
367
458
364
365
367
366
371
367
372
460
459
369
371
442
444
370
437
371
372
444
475
374
376
379
377
376
419
416
418
378
379
381
382
380
416
381
385
415
382
384
383
384
388
385
387
386
434
387
435
497
388
496
389
396
414
496
391
394
392
395
393
396
395
397
399
395
400
401
397
398
414
399
405
493
401
404
401
403
402
403
404
408
409
405
410
413
492
407
409
408
409
410
411
413
412
484
413
483
501
491
493
495
416
434
520
417
418
430
520
419
429
420
426
421
425
422
423
425
424
594
425
427
595
426
427
429
428
602
429
431
603
430
431
433
432
614
433
521
615
520
522
435
519
500
518
437
439
443
438
442
439
441
440
448
449
538
547
442
448
451
443
445
446
448
445
454
446
451
453
447
478
448
450
451
583
449
450
539
548
540
549
584
452
453
581
583
454
476
478
473
475
456
458
457
463
458
462
466
459
460
462
461
475
462
468
474
467
464
466
465
554
466
470
557
467
468
470
469
481
470
482
559
558
472
482
637
645
473
480
481
474
476
475
481
477
480
581
478
479
582
583
480
587
638
588
637
482
589
484
486
512
485
486
487
490
513
488
490
489
578
490
573
577
574
492
501
503
493
504
494
495
504
506
496
498
497
498
500
499
506
500
507
530
525
502
512
503
511
515
504
510
505
506
508
510
507
508
533
509
534
510
537
570
511
516
570
513
515
514
574
515
517
575
516
517
571
572
576
519
523
525
520
522
522
524
622
523
524
526
527
623
526
530
527
529
528
930
529
531
931
530
532
533
532
536
932
533
535
534
535
537
536
831
832
933
829
831
539
546
540
551
550
633
542
673
675
682
714
543
676
681
715
544
553
701
545
552
676
546
677
547
551
548
549
551
550
639
551
685
687
677
553
680
681
700
555
557
556
562
557
561
565
558
559
561
560
589
561
567
590
566
563
565
564
594
565
569
593
566
567
569
568
591
569
592
599
598
571
829
572
836
763
837
574
758
760
575
576
760
761
763
578
580
758
579
580
764
757
769
582
588
583
585
587
584
585
633
639
586
634
640
587
635
641
643
588
642
636
590
645
591
649
592
659
610
662
594
596
598
595
596
602
597
601
598
600
606
599
600
610
607
609
602
604
606
603
604
614
605
613
606
608
618
607
608
611
612
619
610
611
747
748
612
746
630
745
614
616
618
615
616
622
617
621
618
620
626
619
620
630
627
629
622
624
626
623
624
930
625
936
626
628
935
627
628
631
632
937
630
631
891
888
632
900
903
1044
634
685
635
689
669
690
637
642
652
638
646
642
647
640
685
641
689
644
690
643
653
644
654
669
678
692
646
649
647
650
652
648
653
650
656
658
650
659
651
660
652
656
666
653
654
656
655
678
702
656
667
679
703
657
658
664
666
667
660
663
660
662
661
666
662
663
665
750
748
664
749
665
668
874
666
875
668
704
872
705
873
876
692
702
671
694
710
859
868
672
695
711
856
673
696
698
712
674
699
713
675
684
686
696
676
683
687
677
680
687
679
860
862
872
681
683
682
716
683
699
727
684
697
699
686
689
687
688
689
691
696
690
691
692
693
695
693
860
694
861
695
858
865
696
857
697
698
857
699
737
856
736
701
716
718
715
719
703
860
704
862
705
919
910
918
707
966
986
988
1004
708
963
985
989
709
869
978
982
710
868
979
981
711
922
924
712
853
855
713
737
739
714
734
736
715
725
727
716
724
717
727
718
724
726
729
719
721
720
724
721
723
722
729
730
1100
724
729
732
725
726
732
734
727
728
735
736
729
731
732
742
730
731
1130
743
1133
733
734
740
742
735
739
736
738
742
737
738
855
739
741
854
740
853
741
852
742
744
927
743
744
1231
928
1236
746
755
888
747
754
748
751
750
750
752
874
751
875
752
754
879
753
878
754
756
881
755
880
756
885
887
884
889
758
794
796
759
760
796
798
761
762
798
763
802
840
841
769
771
766
768
771
773
767
774
768
775
776
770
794
771
783
793
772
773
781
783
774
776
780
775
779
776
778
777
778
780
787
779
786
780
785
781
784
782
804
783
791
816
792
785
787
804
815
786
790
787
789
788
789
808
815
790
807
806
815
792
1190
1192
793
827
794
801
795
796
799
801
797
798
799
803
802
800
1186
801
828
1187
827
803
847
848
1186
805
816
813
815
817
807
811
814
808
810
809
814
810
819
823
811
822
819
821
813
819
1200
1644
814
818
815
819
817
1192
818
1193
1198
1200
820
821
823
1644
1663
822
826
823
825
824
825
1648
1663
826
1647
1646
1663
828
1190
1188
1191
830
836
831
833
835
832
833
946
834
947
835
839
1072
836
838
837
838
841
839
842
843
1073
841
845
847
842
843
845
844
1216
845
851
1217
846
847
849
851
848
849
1185
850
1223
851
1222
1377
1376
853
925
927
854
924
855
923
927
856
922
857
859
858
859
866
867
922
861
862
863
865
863
919
864
920
865
869
871
962
866
868
867
871
868
870
979
869
870
963
871
964
978
961
873
919
918
954
875
876
878
879
877
910
954
878
882
911
955
879
881
880
881
885
882
884
883
912
956
884
896
913
957
885
895
886
887
893
895
888
889
892
891
890
895
892
894
901
892
900
893
899
894
898
895
897
907
896
897
958
1019
908
959
1036
899
905
907
900
901
904
903
902
907
904
906
1042
904
1043
905
1048
906
1047
907
909
1041
908
909
1013
1037
1014
1038
1040
911
917
912
916
913
915
914
1019
915
957
1018
1025
916
956
1024
917
955
970
918
954
969
919
921
920
921
962
967
969
923
979
924
926
980
925
981
926
992
927
929
993
928
929
1237
994
1242
931
936
932
939
933
940
943
946
935
938
939
941
936
937
939
938
1044
942
1045
940
941
943
942
944
945
1058
944
949
945
950
951
1059
947
949
948
1072
949
953
1075
950
951
953
952
1083
953
1077
1082
1076
955
956
957
958
959
1018
1013
1017
961
965
967
973
962
964
963
967
964
966
965
985
966
974
986
967
975
968
969
971
973
975
970
971
1024
972
976
1023
973
977
1028
974
975
977
1008
976
1004
977
1010
1022
1009
1029
979
983
985
980
981
983
993
982
992
983
989
991
984
996
985
987
989
997
986
987
1008
988
1000
1007
989
1001
1003
990
991
997
1001
992
996
993
994
996
995
1243
996
998
1248
997
998
1000
999
1249
1000
1005
1254
1001
1006
1002
1003
1006
1566
1004
1007
1011
1008
1010
1006
1565
1568
1007
1567
1008
1012
1009
1010
1012
1420
1011
1021
1012
1422
1566
1421
1567
1014
1016
1015
1099
1016
1038
1095
1098
1017
1037
1096
1018
1035
1036
1019
1034
1036
1021
1031
1423
1425
1577
1022
1420
1422
1023
1029
1031
1024
1026
1028
1025
1026
1034
1027
1031
1033
1028
1030
1088
1029
1030
1420
1031
1089
1425
1032
1033
1089
1091
1577
1034
1086
1088
1035
1086
1096
1037
1038
1039
1040
1054
1098
1041
1053
1099
1042
1047
1052
1048
1051
1044
1048
1050
1045
1050
1058
1047
1049
1052
1055
1048
1049
1050
1051
1056
1057
1052
1063
1053
1066
1054
1067
1373
1230
1604
1056
1060
1066
1057
1061
1063
1058
1062
1059
1062
1083
1061
1065
1069
1062
1064
1070
1071
1064
1066
1065
1211
1066
1068
1357
1067
1068
1230
1372
1229
1356
1371
1070
1357
1359
1071
1209
1211
1081
1083
1073
1075
1074
1216
1075
1079
1219
1076
1077
1079
1078
1205
1079
1206
1221
1220
1081
1205
1208
1214
1082
1209
1083
1205
1085
1095
1417
1419
1618
1086
1092
1094
1096
1087
1091
1088
1090
1094
1089
1090
1578
1091
1093
1581
1092
1582
1093
1417
1591
1094
1418
1592
1419
1096
1097
1098
1603
1618
1099
1604
1373
1128
1130
1102
1121
1158
1118
1120
1300
1104
1173
1174
1176
1105
1108
1166
1107
1165
1107
1109
1426
1108
1109
1174
1117
1433
1111
1430
1432
1433
1426
1427
1113
1428
1114
1429
1434
1436
1116
1180
1445
1447
1117
1175
1448
1174
1449
1119
1275
1310
1120
1155
1282
1317
1121
1156
1299
1122
1157
1123
1156
1124
1149
1153
1125
1146
1148
1126
1136
1139
1127
1135
1138
1128
1131
1129
1135
1130
1131
1134
1137
1133
1132
1138
1134
1143
1233
1134
1231
1142
1232
1136
1137
1140
1148
1138
1140
1142
1139
1143
1140
1144
1146
1141
1147
1142
1144
1150
1258
1143
1255
1144
1256
1145
1257
1146
1150
1154
1274
1147
1153
1148
1150
1152
1149
1152
1151
1286
1152
1154
1285
1153
1154
1156
1155
1284
1156
1283
1158
1299
1300
1303
1160
1162
1306
1161
1169
1314
1170
1183
1315
1163
1169
1164
1168
1165
1167
1166
1167
1173
1168
1172
1169
1171
1170
1171
1337
1172
1338
1173
1182
1181
1175
1176
1180
1177
1181
1178
1180
1341
1179
1442
1475
1180
1443
1445
1182
1341
1338
1340
1184
1328
1337
1329
1334
1336
1186
1223
1225
1187
1188
1225
1189
1226
1191
1634
1636
1191
1195
1196
1193
1195
1194
1198
1195
1197
1203
1196
1197
1634
1202
1633
1199
1203
1200
1204
1660
1661
1202
1204
1673
1677
1203
1643
1204
1659
1206
1214
1388
1208
1213
1214
1364
1394
1209
1212
1363
1210
1359
1211
1212
1358
1357
1213
1362
1365
1395
1215
1386
1388
1394
1217
1219
1218
1376
1219
1374
1379
1220
1221
1374
1375
1388
1223
1228
1718
1224
1225
1228
1632
1226
1632
1636
1228
1630
1632
1719
1720
1230
1355
1608
1605
1232
1236
1233
1235
1255
1234
1256
1235
1239
1261
1236
1238
1260
1237
1238
1242
1239
1241
1265
1240
1264
1241
1245
1269
1242
1244
1268
1243
1244
1248
1245
1247
1353
1246
1354
1247
1251
1530
1248
1250
1352
1249
1250
1254
1251
1253
1532
1252
1531
1253
1536
1681
1254
1537
1680
1565
1256
1258
1260
1257
1261
1258
1262
1274
1259
1286
1260
1262
1266
1287
1261
1265
1262
1264
1263
1273
1264
1266
1270
1272
1265
1269
1266
1268
1267
1291
1268
1270
1296
1527
1269
1353
1270
1354
1271
1528
1272
1294
1296
1541
1273
1291
1293
1274
1287
1289
1284
1286
1276
1282
1319
1277
1281
1323
1278
1280
1333
1279
1345
1487
1280
1298
1344
1556
1281
1297
1343
1282
1290
1342
1283
1318
1284
1290
1285
1289
1286
1288
1287
1288
1291
1289
1292
1290
1293
1297
1292
1296
1293
1295
1294
1297
1295
1298
1542
1296
1543
1540
1298
1555
1300
1317
1308
1310
1302
1308
1311
1313
1303
1305
1304
1308
1305
1307
1306
1313
1314
1308
1313
1316
1309
1310
1311
1316
1321
1317
1319
1312
1320
1313
1315
1316
1326
1314
1315
1328
1327
1318
1319
1342
1321
1323
1321
1324
1326
1322
1327
1323
1324
1330
1332
1333
1342
1325
1347
1326
1329
1330
1348
1327
1328
1330
1329
1349
1331
1332
1348
1350
1333
1347
1351
1343
1345
1335
1349
1478
1479
1483
1499
1337
1339
1478
1338
1339
1340
1477
1341
1476
1475
1343
1344
1345
1563
1351
1494
1347
1351
1484
1486
1348
1349
1484
1483
1351
1484
1503
1493
1353
1526
1530
1532
1354
1527
1528
1530
1356
1412
1609
1357
1360
1370
1358
1359
1360
1362
1363
1361
1369
1412
1362
1366
1368
1411
1363
1365
1364
1365
1399
1366
1398
1367
1401
1410
1368
1795
1797
1369
1798
1370
1611
1371
1609
1372
1608
1373
1605
1604
1375
1380
1381
1387
1377
1379
1378
1718
1379
1383
1717
1380
1381
1383
1382
1389
1383
1390
1724
1723
1385
1390
1391
1945
1386
1389
1392
1387
1393
1388
1389
1390
1946
1392
1406
1408
1950
1393
1405
1409
1394
1396
1400
1395
1399
1396
1398
1397
1405
1398
1400
1402
1404
1399
1401
1400
1409
1402
1795
1938
1403
1794
1937
1404
1939
1941
1943
1405
1407
1409
1406
1407
1944
1408
1941
1955
1409
1949
1411
1797
1938
1412
1798
1611
1414
1615
1625
1629
1816
1415
1616
1624
1817
1416
1617
1621
1818
1417
1618
1620
1819
1418
1596
1419
1595
1620
1619
1421
1425
1422
1424
1569
1423
1570
1424
1574
1576
1425
1573
1579
1578
1433
1428
1432
1429
1432
1434
1431
1449
1451
1432
1434
1450
1449
1435
1436
1450
1453
1437
1439
1453
1439
1440
1460
1455
1441
1863
1854
1867
1443
1468
1482
1444
1467
1445
1466
1860
1446
1447
1456
1860
1448
1452
1449
1451
1451
1454
1452
1454
1456
1454
1455
1457
1457
1460
1457
1459
1458
1459
1460
1864
1860
1862
1863
1462
1843
1848
2006
1463
1842
2005
1464
1474
1876
1465
1471
1869
1466
1470
1868
1467
1861
1468
1470
1469
1519
1470
1472
1518
1471
1472
1474
1473
2009
1474
1841
2010
1842
1476
1482
1477
1481
1478
1480
1479
1480
1512
1481
1514
1482
1513
1519
1484
1504
1485
1486
1501
1503
1504
1491
1493
1488
1494
1556
1489
1495
1557
1490
1496
1560
1561
1713
2013
1492
1498
1501
1493
1495
1497
1502
1494
1503
1495
1563
1496
1564
1497
2011
2013
1498
1506
2014
1507
2015
1500
1504
1512
1505
1508
1516
1502
1505
1507
1503
1506
1505
1511
1507
2017
1511
2016
1509
1511
1521
1510
1524
1840
1511
2016
2097
1514
1516
1514
1517
1519
1515
1516
1517
1520
1521
1518
1522
1519
2009
1521
1522
1525
1524
1523
2009
1525
2010
2117
1525
2116
2118
1527
1529
1533
1539
1528
1540
1529
1541
1530
1534
1546
1531
1532
1534
1536
1533
1537
1534
1538
1548
1535
1547
1536
1538
1552
1698
1537
1684
1538
1696
1553
1697
1540
1544
1546
1548
1541
1543
1542
1546
1543
1545
1555
1544
1545
1549
1546
1550
1558
1547
1548
1550
1552
1549
1553
1550
1554
1551
1559
1552
1554
1562
2021
1553
1712
1554
2023
2022
1556
1558
1557
1563
1558
1560
1564
1559
1560
1562
1561
2011
1562
2012
2019
2020
1564
2011
1678
1680
1567
1570
1568
1569
1571
1678
1570
1571
1573
1574
1572
1692
1573
1587
1693
1574
1586
1575
1576
1584
1586
1577
1579
1583
1578
1582
1579
1581
1580
1586
1581
1583
1585
1593
1582
1592
1583
1591
1584
1590
1585
1589
1586
1588
1601
1587
1588
1896
1600
1897
1590
1598
1601
1591
1593
1597
1592
1596
1593
1595
1594
1601
1595
1597
1602
1821
1596
1820
1597
1819
1598
1822
1602
1833
1600
1602
1834
1913
1601
1912
1602
1832
1604
1606
1617
1605
1606
1608
1607
1616
1608
1610
1615
1609
1610
1611
1612
1614
1612
1798
1613
1799
1614
1801
1803
1805
1615
1627
1629
1616
1626
1617
1623
1618
1622
1619
1620
1622
1621
1820
1622
1624
1825
1623
1624
1626
1625
1826
1626
1628
1831
1627
1628
1801
1629
1802
1921
1803
1815
1631
1640
1730
1632
1636
1639
1634
1637
1643
1635
1636
1637
1639
1638
1642
1639
1641
1742
1640
1641
1731
1732
1743
1643
1740
1742
1677
1645
1661
1662
1663
1665
1647
1651
1664
1648
1650
1649
1664
1650
1653
1667
1651
1652
1657
1667
1653
1655
1657
1654
1760
1655
1761
1656
1657
1761
1760
1659
1672
1674
1754
1660
1673
1661
1672
1662
1668
1672
1664
1665
1667
1666
1668
1667
1669
1759
1760
1669
1671
1670
1766
1671
1757
1765
1672
1754
1674
1676
1675
1755
1676
1738
1780
1677
1739
1740
1679
1692
1680
1682
1691
1695
1681
1696
1682
1684
1683
1690
1684
1695
1699
1702
1696
1698
1686
1914
2059
2066
1687
1909
1911
1688
1898
1906
1689
1899
1901
1690
1694
1707
1691
1702
1692
1694
1701
1693
1694
1896
1706
1899
1696
1700
1701
1697
1698
1700
2023
1699
1712
1700
1703
1711
1704
2024
1702
1704
1706
1703
1707
1704
1708
1710
1705
2033
1706
1708
1903
2034
1707
1900
1708
1901
1709
1902
1710
2034
2036
2042
1711
2031
2033
1712
2024
2026
2021
2023
1714
2019
2089
1716
2028
2088
1716
1838
2038
2086
2029
2087
1718
1721
1723
1720
1720
1728
1730
1721
1722
1728
1723
1725
1727
1724
1725
1946
1726
1947
1727
1737
1962
1728
1736
1729
1730
1734
1736
1731
1732
1734
1733
1746
1734
1745
1751
1735
1736
1751
1753
1737
1753
1963
1739
1781
1785
1740
1786
1741
1742
1744
1786
1743
1744
1746
1747
1787
1746
1748
1750
1747
1748
1990
1749
1989
1750
1984
1994
1751
1983
1752
1753
1983
1987
1988
1755
1757
1756
1780
1757
1775
1779
1758
1765
1773
1775
1760
1762
1766
1761
1762
1764
1767
1764
1769
1768
1766
1772
1767
1768
1772
1769
1771
1770
1771
1792
1772
1777
1773
1774
1777
1775
1776
1793
1778
1777
1791
1894
1792
1779
1793
2334
1780
1782
1781
1782
1784
1783
2334
1784
1790
2337
1785
1789
1786
1788
1787
1788
1990
1789
1991
1790
1998
1999
2338
1792
1895
1894
2335
1795
1936
1943
1796
1797
1936
1938
1977
1798
1800
1799
1800
1805
1810
1977
1802
1806
1803
1807
1926
1804
1814
1805
1807
1811
1813
1806
1810
1807
1809
1808
1927
1809
1811
1932
1934
1810
1935
1811
1976
1812
1975
1813
1930
1932
2198
1814
1927
1929
1815
1924
1926
1816
1921
1923
1817
1829
1831
1818
1826
1828
1819
1823
1825
1820
1822
1821
1825
1822
1824
1832
1823
1833
1824
1828
1837
1825
1827
1836
1826
1827
1831
1828
1830
1916
1829
1917
1830
1918
1923
1831
1919
1922
1921
1833
1834
1836
1837
1835
2065
1836
1915
2069
1837
1916
1917
1839
2039
2085
2050
2084
2177
2097
2100
2116
1842
1844
2123
1843
1844
1847
1846
2122
1846
1850
1852
2130
1847
2131
1848
1850
1849
2007
1850
2008
2139
1851
1852
2139
2141
1853
2473
2141
2143
2474
1855
1871
1856
1875
1857
1877
1858
1882
1859
1883
1888
1890
1861
1862
1868
1864
1866
1864
1867
1865
1866
1867
1872
1868
1870
1871
1869
1870
1876
1872
1874
1872
1875
1873
1874
1875
1879
1876
1878
1877
2005
1879
1882
1879
1881
2005
1880
1881
1882
1885
1884
2006
1883
1885
1888
1885
1887
2007
1886
1887
1888
2152
2008
2151
1889
1890
2152
2154
1891
1892
2154
1893
2157
2158
2162
1895
2340
2341
1897
1899
1898
1912
1899
1905
1911
1900
1901
1903
1905
1902
1906
1903
1907
2042
1904
2043
1905
1907
2046
2056
1906
1910
1907
1909
1908
2047
1909
2054
2056
2060
1910
2059
1911
2056
2058
1912
1914
1913
1914
2065
2058
2067
1916
1920
2182
1917
1919
1918
1919
2133
1920
2132
2185
2186
1922
1926
1923
1925
2132
1924
2133
1925
1929
2189
1926
1928
2188
1927
1928
1932
1929
1931
2191
1930
2190
1931
2195
2197
1932
2194
2215
1933
1934
2198
2200
2215
1935
1975
2201
1976
2202
1937
1978
2206
1938
1939
1940
2206
1941
2134
2207
1942
1956
1943
1979
2207
2206
1950
1953
1955
1946
1950
1952
1947
1952
1962
1949
1951
1954
1965
1950
1955
1951
1952
1953
1966
1961
1954
1960
1955
1957
1959
1956
1957
1979
2134
1958
1980
2135
1959
1971
1981
2137
1960
1965
1970
1966
1969
1962
1966
1968
1963
1968
1988
1965
1967
1970
2374
1966
1967
1968
1969
2353
2354
1970
2355
1971
2373
1982
2136
2375
1973
2209
2213
2228
2391
1974
2204
2212
2223
1975
2199
2201
2203
1976
2198
1977
2203
1978
2203
2205
1980
2394
1981
2395
1982
2402
2405
2407
1984
1986
1985
1995
1986
2346
2361
1987
2358
1988
2357
2354
1990
1992
1994
1991
1992
1998
1993
1997
1994
1996
2002
1995
1996
2346
2003
2347
1998
2000
2002
1999
2000
2623
2001
2626
2002
2004
2627
2003
2004
2383
2384
2628
2006
2007
2008
2138
2010
2123
2012
2013
2018
2014
2089
2015
2017
2090
2016
2091
2017
2096
2095
2019
2089
2113
2020
2028
2021
2027
2022
2026
2023
2025
2024
2025
2033
2026
2032
2027
2031
2028
2030
2029
2113
2030
2038
2114
2031
2037
2032
2036
2033
2035
2034
2035
2043
2036
2044
2037
2041
2038
2040
2039
2115
2040
2050
2319
2041
2049
2042
2044
2048
2043
2047
2044
2046
2045
2046
2048
2064
2047
2055
2048
2054
2049
2053
2050
2052
2051
2318
2052
2177
2315
2317
2053
2079
2054
2064
2080
2055
2061
2056
2062
2064
2057
2058
2060
2062
2074
2059
2073
2060
2072
2061
2075
2062
2080
2082
2063
2306
2064
2080
2307
2067
2069
2067
2070
2072
2068
2073
2069
2070
2078
2183
2182
2071
2181
2072
2076
2078
2286
2073
2075
2074
2078
2075
2077
2306
2076
2082
2077
2285
2310
2078
2288
2309
2287
2080
2313
2315
2081
2082
2307
2311
2313
2306
2310
2084
2177
2235
2237
2317
2085
2238
2318
2086
2239
2319
2087
2108
2115
2088
2107
2114
2089
2093
2113
2090
2091
2093
2095
2092
2096
2093
2099
2106
2094
2107
2095
2099
2112
2096
2097
2099
2098
2099
2100
2104
2105
2101
2120
2102
2104
2124
2103
2128
2244
2104
2110
2257
2105
2106
2110
2112
2107
2109
2108
2112
2109
2111
2239
2110
2240
2111
2243
2112
2254
2114
2115
2319
2118
2120
2118
2121
2123
2119
2120
2121
2126
2124
2122
2125
2123
2131
2126
2128
2126
2129
2131
2127
2128
2129
2249
2248
2130
2250
2131
2473
2133
2186
2188
2189
2135
2394
2137
2395
2137
2385
2405
2402
2139
2149
2151
2140
2141
2147
2149
2142
2143
2145
2147
2144
2475
2145
2160
2476
2146
2173
2147
2161
2171
2148
2149
2155
2171
2150
2151
2153
2155
2152
2153
2154
2156
2157
2156
2169
2157
2170
2158
2170
2482
2160
2174
2489
2538
2173
2477
2172
2173
2175
2163
2482
2164
2485
2165
2501
2502
2505
2167
2487
2498
2500
2168
2484
2486
2169
2172
2483
2170
2171
2483
2172
2486
2174
2175
2490
2486
2488
2177
2178
2235
2315
2179
2234
2314
2281
2283
2442
2181
2184
2291
2293
2183
2286
2183
2185
2184
2287
2185
2290
2294
2295
2187
2295
2188
2192
2296
2189
2191
2190
2191
2195
2192
2194
2193
2320
2194
2217
2325
2195
2216
2196
2197
2216
2220
2198
2215
2221
2199
2200
2221
2223
2201
2214
2224
2202
2212
2203
2211
2204
2205
2209
2211
2206
2208
2207
2208
2394
2209
2393
2210
2392
2211
2213
2399
2212
2213
2224
2227
2400
2215
2219
2221
2225
2216
2217
2219
2218
2433
2219
2233
2434
2220
2232
2221
2231
2222
2223
2225
2229
2231
2224
2228
2225
2227
2226
2232
2227
2229
2573
2685
2228
2682
2229
2683
2230
2684
2231
2573
2691
2232
2233
2573
2568
2572
2235
2279
2281
2472
2236
2316
2237
2261
2263
2279
2238
2260
2264
2239
2241
2255
2240
2254
2241
2243
2242
2260
2243
2255
2256
2259
2254
2257
2245
2248
2257
2246
2253
2256
2247
2258
2266
2265
2271
2273
2249
2253
2250
2252
2251
2473
2252
2268
2474
2253
2267
2266
2255
2264
2257
2258
2259
2265
2260
2262
2264
2261
2262
2278
2263
2265
2277
2264
2464
2276
2267
2271
2268
2270
2269
2475
2270
2476
2478
2271
2481
2272
2273
2479
2481
2274
2276
2275
2479
2541
2276
2462
2550
2277
2278
2462
2464
2279
2461
2280
2464
2281
2461
2463
2466
2282
2471
2283
2466
2468
2470
2443
2453
2285
2289
2291
2303
2451
2286
2288
2446
2287
2291
2288
2290
2289
2447
2290
2302
2450
2291
2301
2292
2293
2299
2301
2303
2294
2298
2295
2297
2301
2296
2297
2320
2298
2300
2321
2299
2322
2300
2304
2327
2301
2305
2326
2302
2303
2305
2457
2304
2458
2305
2328
2577
2329
2576
2307
2309
2308
2309
2311
2448
2310
2447
2311
2446
2312
2445
2313
2442
2444
2314
2315
2442
2472
2316
2317
2472
2318
2319
2321
2325
2322
2324
2326
2323
2327
2324
2332
2431
2325
2331
2432
2433
2327
2329
2331
2328
2332
2329
2333
2666
2330
2665
2331
2333
2440
2664
2332
2439
2333
2430
2429
2669
2335
2337
2336
2340
2337
2339
2343
2338
2339
2623
2344
2624
2341
2343
2342
2343
2345
2344
2345
2631
2632
2347
2362
2365
2383
2349
2365
2367
2415
2417
2350
2362
2366
2382
2351
2360
2361
2381
2352
2358
2359
2378
2353
2356
2357
2377
2354
2355
2374
2357
2356
2373
2359
2372
2358
2361
2360
2371
2366
2370
2362
2365
2364
2384
2420
2622
2365
2383
2417
2367
2369
2368
2418
2369
2413
2415
2423
2370
2382
2414
2371
2380
2381
2372
2378
2379
2373
2376
2377
2374
2375
2377
2376
2385
2407
2379
2386
2408
2378
2381
2380
2388
2409
2387
2410
2414
2382
2415
2384
2643
2386
2406
2388
2719
2388
2617
2731
2730
2390
2698
2700
2702
2704
2391
2397
2401
2688
2392
2400
2683
2393
2397
2399
2394
2396
2395
2396
2402
2397
2403
2398
2698
2399
2401
2697
2400
2401
2682
2687
2702
2403
2405
2404
2698
2405
2699
2717
2406
2407
2717
2719
2408
2409
2719
2410
2730
2411
2731
2412
2414
2756
2413
2427
2758
2414
2424
2616
2617
2416
2417
2421
2423
2418
2420
2419
2423
2420
2422
2650
2421
2621
2422
2620
2423
2425
2653
2424
2425
2427
2618
2426
2619
2654
2427
2784
3169
2769
2429
2437
2441
2565
2891
2430
2440
2670
2431
2437
2439
2432
2436
2433
2435
2439
2434
2435
2568
2436
2438
2569
2437
2567
2438
2566
2439
2441
2661
2440
2441
2671
2662
2892
2443
2471
2444
2454
2470
2445
2455
2446
2448
2452
2447
2451
2448
2450
2449
2450
2452
2456
2451
2457
2452
2458
2455
2579
2454
2459
2468
2455
2469
2581
2580
2457
2575
2579
2458
2576
2577
2579
2556
2581
2584
2461
2466
2551
2553
2462
2463
2551
2464
2465
2466
2551
2597
2467
2468
2553
2557
2597
2469
2556
2470
2681
2471
2472
2474
2475
2476
2477
2478
2538
2481
2539
2480
2544
2481
2539
2545
2483
2485
2484
2485
2500
2501
2487
2488
2497
2490
2496
2490
2492
2549
2491
2492
2494
2496
2493
2548
2494
2513
2849
2495
2512
2496
2503
2521
2497
2498
2503
2499
2504
2500
2502
2509
2501
2502
2510
2504
2522
2507
2509
2506
2510
2511
2526
2508
2522
2524
2509
2511
2536
2510
2511
2535
2513
2519
2521
2514
2856
2517
2519
2875
2516
2843
2847
2884
2517
2848
2885
2518
2876
2519
2531
2848
2520
2521
2523
2531
2522
2523
2524
2532
2533
2536
2526
2527
2534
2535
2528
3251
2835
3255
2530
2845
2847
3256
2531
2848
3249
2532
2533
3249
2537
3250
2535
2537
3251
2536
2537
3252
2539
2549
2540
2545
2547
2549
2542
2544
2550
2543
2562
2598
2544
2546
2851
2545
2546
2547
2852
2548
2850
2549
2849
2551
2598
2552
2553
2561
2597
2598
2554
2557
2559
2561
2556
2558
2584
2587
2680
2557
2681
2558
2596
2559
2588
2595
2560
2589
2561
2595
2600
2602
2596
2599
2563
2599
2851
2600
2603
2854
2565
2659
2663
2904
2912
2566
2662
2899
2567
2659
2661
2569
2658
2569
2571
2570
2661
2571
2658
2660
2916
2572
2915
2573
2693
2692
2575
2665
2667
2673
2576
2578
2577
2665
2578
2666
2579
2583
2667
2580
2581
2583
2582
2681
2583
2584
2675
2680
2674
2585
2586
2587
2675
2591
2605
2677
2588
2591
2679
2589
2592
2594
2590
2602
2592
2611
2873
2592
2609
2678
2593
2610
2594
2873
2940
2595
2602
2596
2597
2599
2600
2601
2602
2603
2874
2873
2604
2857
2861
2862
2874
2606
2609
2887
2607
2614
2895
2608
2615
2896
2867
2907
2921
2610
2614
2886
2611
2613
2940
2612
2872
2613
2864
2871
2614
2865
2941
2615
2974
2865
2867
3090
2617
2618
2758
2756
2619
2769
2771
3169
2621
2653
2657
2622
2648
2650
2641
2643
2624
2626
2625
2631
2626
2630
2634
2627
2628
2630
2629
2643
2630
2636
2642
2635
2632
2634
2633
2634
2638
2635
2636
2638
2637
2644
2638
2645
2640
2645
2646
2641
2644
2647
2642
2648
2643
2644
2645
2647
2652
2778
2648
2651
2777
2649
2657
2650
2651
2656
2653
2652
2776
2779
2654
2656
2655
2771
2784
2656
2772
2775
2783
2657
2776
2777
2659
2914
2660
2913
2661
2663
2975
2662
2663
2900
2903
2976
2665
2669
2671
2673
2666
2667
2669
2668
2674
2669
2673
2676
2889
2670
2671
2889
2891
2672
2892
2673
2889
2893
2675
2676
2677
2679
2677
2888
2678
2887
2679
2886
2680
2681
2683
2685
2687
2684
2688
2685
2689
2691
2686
2692
2687
2689
2695
2706
2688
2703
2689
2704
2690
2705
2691
2695
2712
2692
2693
2695
2694
2915
2695
2714
2918
2713
2697
2699
2701
2721
2698
2702
2699
2700
2722
2701
2709
2723
2702
2708
2724
2703
2704
2706
2708
2705
2709
2706
2710
2712
2707
2713
2708
2710
2716
2744
2709
2741
2710
2742
2711
2743
2712
2716
2796
2713
2714
2716
2715
2927
2716
2800
2930
2795
2718
2722
2719
2727
2729
2730
2721
2725
2727
2735
2722
2724
2723
2727
2724
2726
2742
2725
2741
2726
2736
2740
2727
2737
2747
2728
2729
2733
2735
2737
2730
2732
2731
2732
2756
2733
2757
2734
2738
2761
2735
2739
2766
2736
2737
2739
2749
2738
2748
2739
2753
2764
2754
2765
2741
2745
2747
2749
2742
2744
2743
2747
2744
2746
2796
2745
2795
2746
2750
2798
2747
2751
2797
2748
2749
2751
2753
2750
2754
2751
2755
2801
2752
2802
2753
2755
2791
2803
2754
2788
2755
2789
2790
2804
2757
2758
2759
2761
2759
2769
2760
2770
2761
2763
2767
2815
2764
2766
2763
2786
2813
2815
2817
2764
2768
2787
2765
2788
2766
2768
2789
2767
2768
2816
2794
2817
2770
3169
2815
3170
2772
3168
2774
3167
2774
2780
3165
2775
3166
2776
2780
2782
2777
2779
2778
2779
2780
2781
2782
3165
2783
3166
2784
3167
3168
2786
2811
2813
2823
2825
2787
2820
2822
2788
2792
2794
2789
2791
2790
2794
2791
2793
2808
2792
2809
2793
2822
2828
2794
2807
2821
2820
2796
2798
2800
2797
2798
2802
2799
2801
2800
2806
3004
3001
2802
2804
2806
2803
2804
2809
2805
2808
2806
2829
3048
3045
2808
2826
2828
2830
2809
2829
2828
2811
3183
3188
3190
2812
3185
3187
2813
3174
3176
3183
2814
2818
2815
2819
3170
3174
2816
2817
2819
2818
2820
2819
2825
3176
3175
2821
2825
2822
2824
2826
2823
2827
2824
2832
3187
2825
2833
3186
3185
2827
2831
2833
2828
2832
2830
3106
2831
3109
2834
3119
2833
3192
2834
3191
3123
2837
3259
2837
2838
3267
3263
2839
3271
2840
3281
3195
3285
2842
2935
2937
3248
2843
2938
2954
2846
2953
2845
2934
2938
3264
2846
3257
2847
2938
2848
2850
2856
2852
2855
2852
2854
2853
2854
2855
2859
2857
2856
2858
2875
2859
2861
2859
2875
2877
2860
2861
2877
2880
2879
2863
2879
2939
2882
2942
2944
2865
2868
2870
2866
2955
2867
2868
2956
2962
2961
3089
2869
2960
2870
2956
2957
2959
2871
2943
2955
2872
2941
2942
2873
2939
2940
2874
2939
2876
2877
2885
2878
2880
2883
2885
2880
2882
2881
2882
2883
2948
2947
2884
2949
2885
2953
2887
2974
2888
2895
2889
2894
2890
2891
2893
2894
2898
2892
2899
2893
2900
2901
2895
2897
2896
2974
2897
2907
3090
2898
2906
2899
2901
2905
2900
2904
2901
2903
2902
2903
2905
2986
2904
2985
2905
2911
2906
2910
2907
2909
2908
3089
2909
2921
2990
3088
2910
2989
2911
2986
2988
2912
2983
2985
2913
2976
2982
2914
2920
2975
2916
2919
2916
2918
2917
2975
2918
2919
2928
2978
2927
2920
2926
2925
2978
2982
2922
2961
2923
2964
2990
2991
3016
3018
2925
2931
3000
3007
3011
2926
2979
2981
2928
2931
2928
2930
2929
2979
2930
2931
3000
3002
3001
2932
3002
3005
3007
2934
2936
3272
3274
2937
3265
2936
3247
3275
2937
3276
2938
2942
2941
2955
2943
2944
2957
2946
2947
2946
2958
2967
2968
2952
2957
2948
2952
2949
2951
2950
2953
2951
2954
2970
2952
2969
2968
2954
3248
2956
3026
2958
2959
3027
2960
2966
3026
2962
2965
2962
2964
3088
2963
3026
2964
2965
3019
3025
3018
3087
2966
3020
3025
3027
3029
2972
3027
3030
2969
2972
2970
2973
2971
3248
2973
3034
3247
2973
3032
3033
3090
2976
2978
2977
2985
2978
2980
2982
2984
2979
2980
3000
2981
2995
2999
2982
2994
3011
2983
2984
2988
2994
2985
2987
2995
2986
2987
2988
2996
2989
2993
2990
2992
2991
3087
2992
3015
3086
2993
3014
2994
2996
3013
2995
3012
2996
2998
2997
2998
3013
3091
2999
3012
3092
3000
3009
3011
3008
3002
3004
3003
3008
3004
3005
3046
3099
3045
3006
3044
3007
3043
3097
3099
3008
3010
3009
3099
3010
3092
3098
3011
3093
3097
3012
3013
3093
3014
3094
3015
3146
3016
3085
3147
3017
3051
3018
3022
3054
3085
3019
3086
3020
3022
3024
3021
3029
3022
3039
3041
3023
3055
3024
3039
3067
3025
3029
3026
3028
3029
3030
3038
3039
3031
3032
3037
3038
3059
3033
3037
3034
3036
3035
3246
3036
3238
3245
3037
3239
3237
3039
3066
3040
3041
3058
3066
3067
3055
3057
3043
3049
3100
3104
3112
3044
3101
3103
3046
3049
3046
3048
3047
3101
3048
3049
3100
3107
3106
3050
3107
3110
3112
3052
3054
3147
3053
3072
3148
3054
3056
3071
3083
3055
3084
3056
3067
3057
3068
3070
3058
3077
3065
3068
3220
3060
3066
3237
3061
3065
3241
3062
3064
3324
3063
3214
3328
3064
3217
3219
3065
3220
3066
3068
3069
3070
3220
3221
3071
3077
3079
3072
3080
3082
3073
3205
3074
3080
3206
3075
3207
3211
3076
3208
3223
3209
3231
3078
3220
3079
3213
3219
3080
3212
3221
3081
3211
3082
3206
3210
3083
3205
3084
3148
3085
3147
3086
3087
3088
3089
3090
3092
3094
3133
3093
3134
3094
3096
3095
3146
3096
3133
3137
3145
3097
3134
3136
3098
3103
3099
3102
3134
3101
3101
3105
3113
3102
3103
3105
3135
3104
3136
3105
3115
3141
3114
3140
3107
3109
3108
3113
3109
3110
3118
3121
3119
3111
3120
3112
3116
3118
3126
3113
3115
3114
3118
3115
3117
3150
3116
3151
3117
3129
3154
3118
3128
3155
3127
3121
3123
3121
3124
3126
3122
3127
3123
3124
3132
3125
3126
3130
3132
3127
3129
3128
3132
3129
3131
3158
3130
3159
3131
3162
3132
3163
3134
3138
3135
3136
3138
3140
3137
3141
3138
3142
3144
3139
3140
3142
3149
3141
3150
3142
3151
3143
3152
3144
3204
3206
3145
3205
3146
3148
3147
3148
3205
3150
3152
3156
3151
3155
3152
3154
3153
3204
3154
3156
3160
3203
3155
3159
3156
3158
3157
3158
3160
3164
3159
3163
3160
3162
3161
3202
3162
3164
3163
3164
3166
3167
3179
3168
3172
3169
3171
3170
3171
3172
3174
3173
3179
3174
3178
3181
3183
3175
3176
3178
3177
3185
3178
3183
3184
3190
3180
3181
3181
3184
3182
3183
3184
3186
3190
3187
3189
3191
3188
3192
3189
3194
3190
3193
3192
3193
3194
3194
3196
3304
3197
3308
3198
3311
3199
3312
3200
3332
3201
3337
3338
3203
3209
3204
3208
3207
3206
3207
3208
3210
3209
3222
3236
3211
3222
3212
3223
3213
3224
3228
3218
3225
3215
3217
3344
3216
3233
3348
3217
3226
3234
3218
3219
3226
3228
3220
3221
3228
3223
3236
3224
3231
3225
3227
3230
3226
3232
3227
3235
3228
3229
3230
3235
3231
3232
3236
3235
3234
3352
3235
3239
3241
3239
3242
3244
3240
3241
3242
3326
3324
3243
3325
3244
3291
3331
3245
3288
3246
3278
3247
3275
3248
3250
3256
3252
3254
3252
3255
3253
3254
3255
3260
3256
3258
3259
3257
3258
3264
3260
3262
3260
3263
3261
3262
3263
3268
3264
3266
3267
3265
3266
3272
3268
3270
3268
3271
3269
3270
3271
3282
3272
3280
3281
3273
3274
3280
3286
3276
3279
3276
3278
3277
3278
3279
3287
3288
3286
3289
3282
3284
3282
3285
3283
3284
3285
3305
3286
3303
3304
3302
3288
3289
3292
3291
3290
3302
3292
3299
3301
3292
3294
3293
3294
3299
3316
3295
3331
3316
3318
3330
3297
3321
3323
3342
3298
3317
3341
3299
3315
3316
3300
3301
3310
3315
3302
3307
3303
3305
3307
3305
3308
3306
3307
3308
3309
3310
3311
3310
3311
3314
3313
3312
3314
3332
3314
3315
3333
3334
3341
3317
3318
3323
3319
3351
3320
3323
3350
3322
3355
3322
3343
3323
3326
3328
3326
3329
3331
3327
3328
3329
3346
3344
3330
3345
3331
3351
3334
3337
3334
3336
3341
3335
3336
3337
3340
3339
3342
3338
3340
3340
3343
3342
3343
3346
3348
3346
3349
3351
3347
3348
3349
3354
3352
3350
3353
3351
3355
3354
3354
3355
)


// ************************************************************************* //
