/*--------------------------------*- C++ -*----------------------------------*\
| =========                 |                                                 |
| \\      /  F ield         | OpenFOAM: The Open Source CFD Toolbox           |
|  \\    /   O peration     | Version:  2412                                  |
|   \\  /    A nd           | Website:  www.openfoam.com                      |
|    \\/     M anipulation  |                                                 |
\*---------------------------------------------------------------------------*/
FoamFile
{
    version     2.0;
    format      ascii;
    arch        "LSB;label=32;scalar=64";
    note        "nPoints:1344  nCells:894  nFaces:3083  nInternalFaces:2281";
    class       labelList;
    location    "constant/claddingZone/polyMesh";
    object      neighbour;
}
// * * * * * * * * * * * * * * * * * * * * * * * * * * * * * * * * * * * * * //


2281
(
1
8
360
2
7
359
3
6
324
5
323
5
13
299
6
12
322
7
11
329
8
10
358
9
365
10
18
366
11
17
357
12
16
330
13
15
321
14
298
15
23
303
16
22
320
17
21
335
18
20
356
19
371
20
28
372
21
27
355
22
26
336
23
25
319
24
304
25
33
307
26
32
318
27
31
341
28
30
354
29
377
30
38
378
31
37
353
32
36
342
33
35
317
34
308
35
42
311
36
41
316
37
40
347
38
39
352
383
40
46
351
41
45
348
42
44
315
43
312
44
51
450
45
50
455
46
49
456
48
463
48
56
464
49
55
465
50
54
457
51
53
458
52
451
53
61
492
54
60
491
55
59
490
56
58
489
57
488
58
66
556
59
65
555
60
64
518
61
63
517
62
493
63
71
501
64
70
516
65
69
525
66
68
554
67
563
68
76
564
69
75
553
70
74
526
71
73
515
72
500
73
81
505
74
80
514
75
79
531
76
78
552
77
569
78
85
570
79
84
551
80
83
532
81
82
513
506
83
90
512
84
89
537
85
88
550
87
575
87
95
679
88
94
576
89
93
549
90
92
538
91
511
92
100
510
93
99
543
94
98
548
95
97
581
96
682
97
104
683
98
103
582
99
102
547
100
101
544
509
102
109
587
103
108
586
104
107
585
106
719
106
114
721
107
113
720
108
112
597
109
111
596
110
588
111
592
112
118
595
113
117
727
114
116
726
115
770
116
122
769
117
121
768
118
120
728
119
594
120
128
751
121
127
752
122
126
767
123
125
776
124
797
125
132
796
126
131
777
127
130
766
128
129
753
750
130
138
759
131
137
765
132
136
782
133
135
795
134
802
135
142
803
136
141
794
137
140
783
138
139
764
760
140
148
763
141
147
788
142
146
793
143
145
808
144
813
145
812
146
809
147
792
148
789
762
150
184
397
151
183
398
152
182
402
153
181
403
154
180
440
155
179
439
156
178
480
157
177
481
158
176
498
159
175
499
160
174
627
161
173
626
162
172
631
163
171
630
164
170
667
169
668
166
206
706
167
205
693
168
204
698
169
203
699
170
202
669
171
201
893
172
200
660
173
199
632
174
198
639
175
197
622
176
196
621
177
195
620
178
194
482
179
193
447
180
192
446
181
191
441
182
190
404
183
189
413
184
188
412
185
187
411
186
384
187
236
387
188
235
410
189
234
409
190
233
414
191
232
417
192
231
442
193
230
443
194
229
484
195
228
483
196
227
619
197
226
618
198
225
637
199
224
638
200
223
656
201
222
661
202
221
662
203
220
672
204
219
690
205
218
697
206
217
702
207
216
707
208
215
736
209
214
737
213
749
211
261
835
212
260
833
213
259
831
214
258
832
215
257
738
216
256
739
217
255
708
218
254
701
219
253
700
220
252
689
221
251
673
222
250
674
223
249
654
224
248
655
225
247
640
226
246
641
227
245
642
228
643
229
486
230
244
485
231
243
470
232
242
471
233
241
418
234
240
427
235
239
426
236
238
425
237
388
238
391
239
424
240
423
241
428
242
431
243
432
244
472
473
246
645
247
646
248
649
249
650
250
653
251
675
252
678
253
688
254
276
687
255
275
712
256
274
709
257
273
740
258
272
743
259
271
744
260
270
830
261
269
839
262
268
840
263
267
841
266
844
265
285
868
266
284
863
267
283
862
268
282
857
269
281
856
270
280
855
271
279
829
272
278
828
273
277
819
274
820
275
718
276
713
716
278
821
279
827
280
826
281
291
854
282
290
853
283
289
858
284
288
861
285
287
864
286
867
287
295
888
288
294
883
289
293
882
290
292
877
291
876
875
293
878
294
881
295
297
884
296
887
297
892
891
299
301
303
321
300
322
301
327
396
302
332
399
303
305
333
401
304
320
305
307
319
306
338
400
307
309
339
437
308
318
309
311
317
310
344
438
311
313
345
449
312
316
313
315
450
314
453
479
315
345
349
454
478
316
348
455
317
345
347
318
342
344
319
339
341
320
336
338
321
333
335
322
330
332
323
327
329
324
326
325
329
359
326
328
362
386
327
385
328
332
395
329
331
363
394
330
358
331
335
357
332
334
368
408
333
407
334
338
406
335
337
369
415
336
356
337
341
355
338
340
374
416
339
405
340
344
436
341
343
375
435
342
354
343
347
353
344
346
380
444
345
445
346
448
347
349
381
476
348
352
349
351
456
350
461
477
351
381
462
487
352
463
353
381
383
354
378
380
355
375
377
356
372
374
357
369
371
358
366
368
359
363
365
360
362
361
365
362
364
390
363
389
364
368
393
365
367
392
366
367
371
368
370
422
369
421
370
374
420
371
373
429
372
373
377
374
376
430
375
419
376
380
434
377
379
433
378
379
383
380
382
468
381
469
382
475
383
474
385
387
411
386
395
387
389
394
388
410
389
391
425
390
393
391
392
424
393
422
424
394
421
425
395
408
410
396
407
411
397
399
398
411
399
402
412
401
407
401
403
405
437
402
406
403
413
404
440
405
413
417
441
406
416
436
407
413
415
408
412
409
415
421
410
412
414
426
411
425
412
413
414
415
417
427
416
420
417
419
435
418
442
419
427
431
471
420
430
434
421
427
429
422
426
423
429
424
426
428
425
426
427
428
429
431
430
431
433
432
433
471
472
434
468
435
469
471
436
442
444
437
441
445
438
440
439
445
449
440
446
480
441
442
446
443
471
444
446
470
484
445
469
476
446
448
447
448
480
482
484
449
476
478
479
480
451
453
455
452
458
492
453
459
495
496
454
497
455
459
461
615
456
458
457
461
463
458
460
465
490
459
491
460
521
616
461
466
520
617
462
614
463
466
613
465
465
467
488
466
489
467
559
612
558
644
469
472
474
470
475
471
472
485
473
474
485
475
476
485
487
477
484
478
483
487
614
479
482
615
481
497
481
482
498
483
620
484
486
619
485
486
487
643
613
489
556
558
490
555
559
491
518
520
492
517
521
493
495
494
501
517
495
502
522
625
521
624
497
499
616
624
498
615
499
620
621
627
501
503
505
515
502
516
503
523
628
504
528
629
505
507
529
665
506
514
507
513
534
666
509
541
545
705
510
544
511
541
543
512
538
540
513
535
537
514
532
534
515
529
531
516
526
528
517
523
525
518
522
519
525
555
520
522
524
560
635
521
559
636
522
623
523
634
524
528
633
525
527
561
657
526
554
527
531
553
528
530
566
658
529
659
530
534
664
531
533
567
663
532
552
533
537
551
534
536
572
671
535
670
536
540
692
537
539
573
691
538
550
539
543
549
540
542
578
696
541
695
542
694
543
545
579
703
544
548
545
547
587
546
590
704
547
579
583
600
602
548
582
586
549
579
581
550
576
578
551
573
575
552
570
572
553
567
569
554
564
566
555
561
563
556
560
557
563
558
560
562
648
559
647
560
611
561
610
562
566
609
563
565
651
564
565
569
566
568
652
567
608
568
572
607
569
571
676
570
571
575
572
574
677
573
606
574
578
605
575
577
685
576
577
581
679
578
580
680
686
579
604
580
603
581
583
681
711
582
682
583
585
683
584
684
710
585
598
600
723
741
586
597
719
587
596
600
588
590
589
592
596
590
591
599
734
600
735
592
731
748
595
594
729
731
747
756
595
728
751
596
727
731
597
599
598
720
727
599
724
730
742
600
731
733
601
602
733
735
739
741
603
704
708
710
604
701
703
711
605
686
696
700
606
685
689
691
607
671
673
677
608
663
674
676
609
652
654
658
610
651
655
657
611
635
640
648
612
636
641
647
613
617
642
644
614
643
615
617
619
616
620
617
621
623
618
636
619
621
637
642
620
643
621
622
623
627
637
639
624
634
636
625
627
626
628
634
627
631
639
629
631
633
630
659
665
631
660
667
632
633
639
656
660
634
657
659
635
639
636
638
657
637
638
641
639
640
656
641
649
655
642
646
643
645
645
647
646
647
649
648
649
651
650
651
653
655
652
653
676
654
675
655
661
674
656
657
661
658
659
661
663
660
664
661
893
662
663
672
674
893
664
671
665
670
893
666
667
668
670
668
893
669
670
672
699
893
671
692
672
691
673
690
674
678
689
675
676
678
677
678
685
688
680
682
681
715
682
684
714
683
684
719
717
723
686
688
687
711
715
688
700
712
716
689
690
700
691
697
699
692
696
695
699
694
698
702
706
695
703
705
696
698
697
703
698
700
702
699
701
702
708
712
703
707
704
705
707
735
706
707
708
736
709
739
710
712
718
740
711
717
741
712
714
713
714
716
718
715
717
716
718
817
820
720
723
721
724
726
722
770
724
771
816
724
817
725
818
726
730
771
773
823
727
768
770
728
730
729
752
768
730
746
755
773
731
745
732
733
745
747
748
832
734
738
742
735
737
748
736
737
739
738
749
739
743
832
740
741
743
820
742
817
743
745
818
744
819
745
828
830
832
746
823
747
824
830
838
831
834
749
832
751
753
757
752
756
753
755
767
754
759
766
755
757
758
779
837
756
774
838
757
834
836
759
761
780
842
760
765
761
764
785
843
763
789
791
764
786
788
765
783
785
766
780
782
767
777
779
768
774
776
769
773
770
772
776
771
772
822
773
775
825
774
824
775
779
850
776
778
798
851
777
797
778
782
796
779
781
799
852
780
849
781
785
848
782
784
800
859
783
795
784
788
794
785
787
805
860
786
847
787
791
846
788
790
806
865
789
793
790
792
791
811
866
845
793
809
811
794
806
808
795
803
805
796
800
802
797
799
798
799
874
800
873
801
805
872
802
804
879
803
804
808
805
807
880
806
871
807
811
870
808
810
814
885
809
813
810
812
811
815
886
869
813
815
814
815
890
889
818
821
822
818
820
819
823
820
821
828
827
823
825
827
824
828
825
829
850
826
851
827
829
854
828
829
830
855
831
839
832
833
834
835
839
836
838
836
840
837
838
840
842
849
839
850
840
855
841
856
842
844
857
843
848
844
847
862
846
866
868
847
863
865
848
860
862
849
857
859
850
852
856
851
855
852
854
874
853
859
873
854
856
858
876
855
875
856
857
858
862
859
861
877
860
872
861
865
871
862
864
882
863
864
868
865
867
883
866
870
867
869
868
888
870
886
888
871
883
885
872
880
882
873
877
879
874
876
875
876
877
878
882
879
881
880
881
885
882
884
883
884
888
885
887
891
886
890
887
889
888
892
890
892
891
892
)


// ************************************************************************* //
