/*--------------------------------*- C++ -*----------------------------------*\
| =========                 |                                                 |
| \\      /  F ield         | OpenFOAM: The Open Source CFD Toolbox           |
|  \\    /   O peration     | Version:  2412                                  |
|   \\  /    A nd           | Website:  www.openfoam.com                      |
|    \\/     M anipulation  |                                                 |
\*---------------------------------------------------------------------------*/
FoamFile
{
    version     2.0;
    format      ascii;
    arch        "LSB;label=32;scalar=64";
    class       vectorField;
    location    "constant/claddingZone/polyMesh";
    object      points;
}
// * * * * * * * * * * * * * * * * * * * * * * * * * * * * * * * * * * * * * //


1344
(
(0.0041000002 -0.0019 0.0081925483)
(0.0041000001 -0.0018000002 0.0081925493)
(0.0042000002 -0.0018000002 0.0081925525)
(0.0041000001 -0.0017000003 0.008192547)
(0.0042000002 -0.0017000003 0.0081925512)
(0.0041000001 -0.0016000003 0.0081925458)
(0.0042000001 -0.0016000004 0.0081925494)
(0.0041 -0.0019000001 0.016525884)
(0.0041 -0.0018000001 0.016525885)
(0.0042 -0.0018000001 0.016525886)
(0.0041 -0.0019000001 0.025000002)
(0.0041 -0.0018 0.025000002)
(0.0042 -0.0018000001 0.025000002)
(0.0041 -0.0017000001 0.016525884)
(0.0042 -0.0017000001 0.016525886)
(0.0041 -0.0016000001 0.016525883)
(0.0042 -0.0016000001 0.016525884)
(0.0041 -0.0017 0.025000002)
(0.0042 -0.0017 0.025000002)
(0.0041 -0.0016 0.025000001)
(0.0042 -0.0016 0.025000001)
(0.0042999999 -0.00010000029 0.0081925482)
(0.0043999998 -0.00010000026 0.0081925451)
(0.0042999999 -7.1668223e-11 0.0081925482)
(0.0043999999 -3.6885582e-11 0.0081925447)
(0.0041 -0.00030000012 0.016525886)
(0.0042 -0.00030000013 0.016525888)
(0.0041 -0.00020000016 0.016525884)
(0.0042 -0.00020000017 0.016525886)
(0.0040999999 -0.00030000007 0.025000004)
(0.0042 -0.00030000006 0.025000004)
(0.0040999999 -0.00020000006 0.025000003)
(0.0042 -0.00020000006 0.025000003)
(0.0042999999 -0.00030000012 0.016525888)
(0.0043999999 -0.00030000009 0.016525886)
(0.0043 -0.00020000016 0.016525886)
(0.0043999999 -0.00020000014 0.016525884)
(0.0043 -0.00030000005 0.025000004)
(0.0044 -0.00030000003 0.025000002)
(0.0043 -0.00020000005 0.025000003)
(0.0044 -0.00020000004 0.025000002)
(0.0041 -0.00010000014 0.016525882)
(0.0042 -0.00010000014 0.016525884)
(0.0041 -9.9203261e-11 0.016525882)
(0.0042 -8.0917759e-11 0.016525884)
(0.0040999999 -0.00010000005 0.025000001)
(0.0042 -0.00010000004 0.025000002)
(0.0040999999 -4.2216141e-11 0.025)
(0.0042 -2.4319002e-11 0.025000001)
(0.0043 -0.00010000012 0.016525884)
(0.0043999999 -0.0001000001 0.016525882)
(0.0043 -5.8039654e-11 0.016525884)
(0.0044 -3.5655709e-11 0.016525882)
(0.0043 -0.00010000003 0.025000002)
(0.0044 -0.00010000001 0.025000001)
(0.0043 -1.6915645e-12 0.025000001)
(0.0044 1.9797789e-11 0.025)
(0.0044999999 -0.00030000017 0.0081925495)
(0.0044999998 -0.00020000035 0.0081925462)
(0.0044999999 -0.00010000024 0.0081925432)
(0.0045 -1.1407704e-11 0.0081925436)
(0.0045 -0.00030000006 0.016525884)
(0.0045 -0.00020000012 0.016525882)
(0.0045 -0.00030000001 0.025000001)
(0.0045 -0.00020000002 0.025)
(0.0045 -0.00010000008 0.01652588)
(0.0045 -1.7832154e-11 0.016525881)
(0.0045 -9.9999994e-05 0.025)
(0.0045 3.6080876e-11 0.024999999)
(0.0043 0.00090000002 0.016525882)
(0.0044000001 0.00090000006 0.016525882)
(0.0043 0.0009 0.025)
(0.0044 0.00090000002 0.025)
(0.0038999998 -0.0011000001 0.033474119)
(0.0039999999 -0.0011 0.033474121)
(0.0038999998 -0.001 0.03347412)
(0.0039999999 -0.001 0.033474122)
(0.0038999996 -0.0011000002 0.041807453)
(0.0039999998 -0.0011000001 0.041807456)
(0.0038999996 -0.0010000001 0.041807456)
(0.0039999997 -0.0010000001 0.041807458)
(0.0038999998 -0.00089999997 0.033474119)
(0.0039999999 -0.00089999997 0.033474122)
(0.0039999998 -0.00079999994 0.03347412)
(0.0038999996 -0.00089999988 0.041807456)
(0.0039999997 -0.00089999992 0.041807459)
(0.0039999996 -0.0007999998 0.041807456)
(0.0039999998 0.00010000001 0.033474117)
(0.0039999998 0.00020000005 0.033474117)
(0.0039999996 9.9999996e-05 0.041807453)
(0.0039999997 0.00020000018 0.041807453)
(0.0039999999 0.00030000008 0.033474115)
(0.0039999999 0.00040000004 0.033474113)
(0.0039999997 0.00030000028 0.041807449)
(0.0039999997 0.00040000014 0.041807445)
(0.0041 -0.0014999999 0.033474118)
(0.0042 -0.0015 0.033474117)
(0.0041 -0.0014 0.033474118)
(0.0042 -0.0014 0.033474117)
(0.0041000001 -0.0014999998 0.041807453)
(0.0042000002 -0.0014999999 0.04180745)
(0.0041000001 -0.0014 0.041807454)
(0.0042000002 -0.0014 0.04180745)
(0.0043 -0.0015 0.033474115)
(0.0043 -0.0014 0.033474115)
(0.0043000001 -0.0014999999 0.041807448)
(0.0043000001 -0.0014000001 0.041807447)
(0.0041 -0.0013 0.03347412)
(0.0042 -0.0013 0.033474118)
(0.0041 -0.0012 0.033474121)
(0.0042 -0.0012 0.033474119)
(0.0041000001 -0.0013000001 0.041807457)
(0.0042000002 -0.0013000001 0.041807454)
(0.0041000001 -0.0012 0.041807458)
(0.0042000002 -0.0012 0.041807454)
(0.0043 -0.0013 0.033474116)
(0.0043 -0.0012 0.033474116)
(0.0043999999 -0.0012 0.033474116)
(0.0043000001 -0.0013000001 0.041807451)
(0.0043000001 -0.0012 0.041807451)
(0.0043999998 -0.0012 0.04180745)
(0.0039999999 0.00049999996 0.033474113)
(0.0039999999 0.0005999999 0.033474115)
(0.0039999998 0.00049999987 0.041807445)
(0.0039999998 0.0005999997 0.041807449)
(0.0039999999 0.00069999991 0.033474117)
(0.004 0.00079999995 0.033474118)
(0.0039999998 0.00069999978 0.041807453)
(0.0039999999 0.00079999996 0.041807453)
(0.0038000001 -0.0014999998 0.0081925493)
(0.0038000001 -0.0013999998 0.0081925486)
(0.0039 -0.0014999998 0.0081925486)
(0.004 -0.0015 0.0081925458)
(0.0039 -0.0013999998 0.0081925472)
(0.0040000001 -0.0013999999 0.0081925453)
(0.0038 -0.0012999998 0.0081925483)
(0.0039 -0.0012999997 0.0081925463)
(0.0040000001 -0.0012999998 0.0081925459)
(0.0038999999 -0.0011999998 0.0081925488)
(0.004 -0.0011999998 0.0081925493)
(0.0038 -0.0014999999 0.016525882)
(0.0038 -0.0013999999 0.016525882)
(0.0038 -0.0014999999 0.024999998)
(0.0038 -0.0014 0.024999998)
(0.0039 -0.0014999999 0.016525882)
(0.004 -0.0015 0.016525882)
(0.0039 -0.0013999999 0.016525882)
(0.004 -0.0013999999 0.016525882)
(0.0039 -0.0014999999 0.024999999)
(0.004 -0.0015 0.025)
(0.0039 -0.0014 0.024999999)
(0.004 -0.0014 0.025)
(0.0038 -0.0012999999 0.016525882)
(0.0038 -0.0013 0.024999998)
(0.0041 -0.0011 0.033474121)
(0.0042 -0.0011 0.033474118)
(0.0041 -0.001 0.033474121)
(0.0042 -0.001 0.033474118)
(0.0041000001 -0.0011 0.041807456)
(0.0042000002 -0.0011 0.041807451)
(0.0041 -0.0010000001 0.041807457)
(0.0042000002 -0.0010000001 0.041807452)
(0.0043 -0.0011 0.033474115)
(0.0043999999 -0.0011 0.033474115)
(0.0043 -0.001 0.033474115)
(0.0043999999 -0.001 0.033474115)
(0.0043000001 -0.0011 0.041807447)
(0.0043999998 -0.0011 0.041807447)
(0.0043000001 -0.0010000001 0.041807448)
(0.0043999998 -0.0010000001 0.041807447)
(0.0041 -0.00089999997 0.033474122)
(0.0042 -0.00089999999 0.033474119)
(0.0040999999 -0.00079999994 0.033474121)
(0.0042 -0.00079999995 0.03347412)
(0.0041 -0.00089999998 0.041807459)
(0.0042000002 -0.00090000004 0.041807456)
(0.0040999999 -0.00079999984 0.041807458)
(0.0042000002 -0.00079999988 0.041807457)
(0.0043 -0.00090000001 0.033474116)
(0.0043999999 -0.00090000004 0.033474115)
(0.0043 -0.00079999996 0.033474117)
(0.0044 -0.0008 0.033474116)
(0.0043000001 -0.00090000009 0.041807451)
(0.0043999999 -0.00090000014 0.04180745)
(0.0043000001 -0.00079999993 0.041807452)
(0.0043999999 -0.00080000002 0.04180745)
(0.0040999998 0.00010000001 0.033474119)
(0.0041999999 0.00010000003 0.03347412)
(0.0040999998 0.00020000005 0.033474119)
(0.0041999999 0.00020000005 0.03347412)
(0.0040999996 9.9999993e-05 0.041807454)
(0.0041999997 0.00010000004 0.041807456)
(0.0040999996 0.00020000014 0.041807455)
(0.0041999997 0.0002000001 0.041807458)
(0.0042999999 0.00010000007 0.033474119)
(0.0044 0.0001000001 0.033474116)
(0.0043 0.00020000006 0.033474119)
(0.0044 0.00020000006 0.033474117)
(0.0042999999 0.00010000016 0.041807454)
(0.0044 0.00010000024 0.041807449)
(0.0043 0.0002000001 0.041807455)
(0.0044 0.00020000009 0.04180745)
(0.0040999999 0.00030000007 0.033474117)
(0.0041999999 0.00030000006 0.03347412)
(0.0040999999 0.00040000004 0.033474116)
(0.0041999999 0.00040000004 0.033474118)
(0.0040999996 0.00030000024 0.041807453)
(0.0041999998 0.0003000002 0.041807457)
(0.0040999996 0.00040000013 0.041807449)
(0.0041999998 0.00040000014 0.041807454)
(0.0043 0.00030000006 0.03347412)
(0.0044 0.00030000004 0.033474118)
(0.0043 0.00040000004 0.033474119)
(0.0044000001 0.00040000003 0.033474117)
(0.0043 0.00030000015 0.041807457)
(0.0044000001 0.00030000008 0.041807453)
(0.0043000001 0.00040000016 0.041807455)
(0.0044000002 0.00040000014 0.041807453)
(0.0039 -0.0012999999 0.016525883)
(0.004 -0.0012999999 0.016525883)
(0.0039 -0.0011999999 0.016525884)
(0.004 -0.0011999999 0.016525885)
(0.0039 -0.0013 0.025)
(0.004 -0.0013 0.025000001)
(0.0038999999 -0.0012 0.025000001)
(0.004 -0.0012 0.025000002)
(0.0038999999 -0.0011 0.0081925486)
(0.004 -0.0011 0.0081925491)
(0.0038999999 -0.001 0.0081925451)
(0.004 -0.001 0.0081925454)
(0.004 9.9999888e-05 0.0081925478)
(0.004 0.00019999978 0.0081925477)
(0.004 0.0002999998 0.008192544)
(0.004 0.00039999994 0.0081925441)
(0.0044999999 -0.00080000003 0.033474117)
(0.0044999998 -0.00080000009 0.041807452)
(0.0045 0.00010000011 0.033474116)
(0.0045 0.00020000005 0.033474116)
(0.0044999999 0.00010000025 0.041807448)
(0.0044999999 0.00020000006 0.041807448)
(0.0045 0.00030000002 0.033474117)
(0.0045000001 0.00040000002 0.033474117)
(0.0045 0.00030000002 0.041807452)
(0.0045000002 0.00040000012 0.041807452)
(0.0040999999 0.00049999996 0.033474115)
(0.0042 0.00049999997 0.033474118)
(0.0040999999 0.0005999999 0.033474117)
(0.0042 0.00059999991 0.033474119)
(0.0040999997 0.00049999987 0.041807449)
(0.0041999998 0.00049999991 0.041807453)
(0.0040999997 0.0005999997 0.041807452)
(0.0041999999 0.00059999973 0.041807455)
(0.0043000001 0.00049999998 0.033474118)
(0.0044000001 0.00049999999 0.033474116)
(0.0043000001 0.00059999992 0.033474118)
(0.0044000001 0.00059999994 0.033474115)
(0.0043000001 0.00049999999 0.041807453)
(0.0044000003 0.00050000005 0.04180745)
(0.0043000002 0.00059999978 0.041807454)
(0.0044000003 0.00059999983 0.04180745)
(0.0040999999 0.00069999991 0.033474119)
(0.0042 0.00069999991 0.03347412)
(0.0041 0.00079999995 0.033474119)
(0.0042 0.00079999995 0.03347412)
(0.0040999998 0.00069999978 0.041807456)
(0.0041999999 0.00069999975 0.041807458)
(0.0040999999 0.00079999996 0.041807457)
(0.0042000001 0.00079999992 0.041807458)
(0.0038999999 -0.0008999999 0.0081925451)
(0.004 -0.00089999989 0.008192545)
(0.004 -0.00079999987 0.0081925478)
(0.0038999999 -0.0011 0.016525884)
(0.004 -0.0011 0.016525885)
(0.0038999999 -0.00099999998 0.016525883)
(0.004 -0.00099999997 0.016525883)
(0.0038999999 -0.0011 0.025000001)
(0.0039999999 -0.0011 0.025000003)
(0.0038999999 -0.001 0.025000001)
(0.0039999999 -0.00099999999 0.025000002)
(0.0038999999 -0.00089999997 0.016525883)
(0.004 -0.00089999996 0.016525883)
(0.004 -0.00079999996 0.016525884)
(0.0038999999 -0.00089999998 0.025000001)
(0.0039999999 -0.00089999997 0.025000002)
(0.0039999999 -0.00079999997 0.025000002)
(0.0041000001 -0.0015000002 0.0081925461)
(0.0042 -0.0015000002 0.0081925477)
(0.0041000001 -0.0014 0.0081925469)
(0.0041999999 -0.0013999999 0.0081925478)
(0.0042999998 -0.0015000002 0.0081925477)
(0.0042999997 -0.0013999999 0.0081925462)
(0.0041 -0.0012999998 0.0081925493)
(0.0041999998 -0.0012999998 0.0081925505)
(0.0041 -0.0011999998 0.0081925533)
(0.0041999998 -0.0011999998 0.0081925539)
(0.0042999996 -0.0012999997 0.0081925482)
(0.0042999997 -0.0011999998 0.008192551)
(0.0043999997 -0.0011999998 0.0081925514)
(0.004 9.9999904e-05 0.016525883)
(0.004 0.0001999999 0.016525883)
(0.0039999999 9.9999959e-05 0.025)
(0.0039999999 0.00019999998 0.025)
(0.004 0.00029999992 0.016525881)
(0.004 0.00039999994 0.016525881)
(0.0039999999 0.00029999999 0.024999999)
(0.004 0.00039999999 0.024999998)
(0.0035000001 -0.0022 0.033474117)
(0.0036000001 -0.0022 0.033474118)
(0.0035000002 -0.0021999998 0.041807451)
(0.0036000002 -0.0021999999 0.041807454)
(0.0035000001 -0.0021000001 0.033474116)
(0.0036000001 -0.0021000001 0.033474116)
(0.0035000002 -0.0020000001 0.033474116)
(0.0036000002 -0.0020000001 0.033474116)
(0.0035000002 -0.0021 0.041807448)
(0.0036000002 -0.0021 0.04180745)
(0.0035000003 -0.0020000002 0.041807448)
(0.0036000002 -0.0020000003 0.04180745)
(0.0039999998 -0.00069999998 0.033474118)
(0.0039999998 -0.00060000007 0.033474117)
(0.0039999996 -0.00069999991 0.041807452)
(0.0039999995 -0.00060000018 0.041807451)
(0.0043000001 0.00069999991 0.033474119)
(0.0044000001 0.00069999992 0.033474117)
(0.0043000001 0.00079999995 0.033474119)
(0.0044000001 0.00079999995 0.033474117)
(0.0043000002 0.00069999972 0.041807456)
(0.0044000002 0.00069999974 0.041807452)
(0.0043000002 0.00079999986 0.041807456)
(0.0044000001 0.00079999985 0.041807453)
(0.0045000001 0.0005 0.033474115)
(0.0045000001 0.00059999996 0.033474114)
(0.0045000002 0.00050000008 0.041807447)
(0.0045000002 0.00059999989 0.041807447)
(0.0045000001 0.00069999994 0.033474116)
(0.0045 0.00079999997 0.033474117)
(0.0045000001 0.00069999979 0.04180745)
(0.0045 0.0007999999 0.041807453)
(0.0041 -0.0015 0.016525882)
(0.0042 -0.0015000001 0.016525883)
(0.0041 -0.0014 0.016525883)
(0.0041999999 -0.0014 0.016525883)
(0.0041 -0.0015 0.025)
(0.0042 -0.0015 0.025)
(0.0041 -0.0014 0.025)
(0.0042 -0.0014 0.025)
(0.0042999999 -0.0015000001 0.016525883)
(0.0042999998 -0.0014 0.016525882)
(0.0042999999 -0.0015 0.025)
(0.0042999999 -0.0014 0.024999999)
(0.0041 -0.0012999999 0.016525884)
(0.0041999999 -0.0012999999 0.016525885)
(0.0041 -0.0011999999 0.016525886)
(0.0041999999 -0.0011999999 0.016525887)
(0.0041 -0.0013 0.025000002)
(0.0042 -0.0013 0.025000001)
(0.0041 -0.0012 0.025000003)
(0.0042 -0.0012 0.025000002)
(0.0042999998 -0.0012999999 0.016525884)
(0.0042999998 -0.0011999999 0.016525885)
(0.0043999998 -0.0011999999 0.016525885)
(0.0042999999 -0.0013 0.025)
(0.0042999999 -0.0012 0.025000001)
(0.0043999999 -0.0012 0.025)
(0.0040000001 0.00049999992 0.0081925482)
(0.0040000001 0.00059999974 0.0081925489)
(0.004 0.00069999964 0.0081925463)
(0.004 0.00079999975 0.0081925438)
(0.004 0.00049999994 0.016525883)
(0.004 0.00059999989 0.016525883)
(0.004 0.00049999997 0.024999998)
(0.004 0.00059999994 0.024999999)
(0.004 0.00069999987 0.016525882)
(0.004 0.0007999999 0.016525881)
(0.004 0.00069999994 0.025)
(0.004 0.00079999995 0.025)
(0.0041000001 9.9999909e-05 0.0081925481)
(0.0042000001 9.9999937e-05 0.0081925519)
(0.0041000001 0.00019999979 0.0081925483)
(0.0042000001 0.00019999981 0.0081925522)
(0.0042999999 9.9999969e-05 0.0081925521)
(0.0043999999 9.9999996e-05 0.0081925485)
(0.0042999999 0.00019999982 0.0081925524)
(0.0044 0.00019999982 0.0081925493)
(0.0037000001 -0.0022000001 0.033474119)
(0.0038000001 -0.0022000001 0.033474118)
(0.0037000002 -0.0022 0.041807455)
(0.0038000002 -0.0022000001 0.041807453)
(0.0039 -0.0022000001 0.033474118)
(0.004 -0.0022000001 0.033474119)
(0.0039 -0.0022000001 0.041807453)
(0.004 -0.0022000001 0.041807456)
(0.0037000001 -0.0021000001 0.033474116)
(0.0038000001 -0.0021000001 0.033474116)
(0.0037000001 -0.0020000001 0.033474116)
(0.0038000001 -0.0020000001 0.033474116)
(0.0037000003 -0.0021000001 0.041807451)
(0.0038000002 -0.0021000001 0.041807448)
(0.0037000003 -0.0020000003 0.04180745)
(0.0038000002 -0.0020000002 0.041807448)
(0.0039 -0.0021000001 0.033474117)
(0.004 -0.0021000001 0.033474118)
(0.0039 -0.0020000001 0.033474117)
(0.004 -0.0020000001 0.033474119)
(0.0039 -0.0021000001 0.041807449)
(0.004 -0.0021000001 0.041807454)
(0.0039 -0.0020000002 0.041807449)
(0.004 -0.0020000002 0.041807454)
(0.0036000002 -0.0019000002 0.033474118)
(0.0036000001 -0.0018000001 0.03347412)
(0.0036000003 -0.0019000004 0.041807453)
(0.0036000003 -0.0018000002 0.041807457)
(0.0039999997 -0.00050000013 0.033474119)
(0.0039999997 -0.00040000011 0.033474121)
(0.0039999994 -0.00050000033 0.041807454)
(0.0039999994 -0.00040000022 0.041807457)
(0.0041 -0.0011 0.0081925531)
(0.0041999998 -0.0011 0.0081925537)
(0.0041 -0.001 0.0081925492)
(0.0041999998 -0.001 0.0081925495)
(0.0042999997 -0.0011 0.0081925507)
(0.0043999997 -0.0011000001 0.0081925515)
(0.0042999997 -0.0010000001 0.0081925466)
(0.0043999997 -0.0010000002 0.0081925478)
(0.0041 -0.00089999988 0.0081925485)
(0.0041999998 -0.0008999999 0.0081925484)
(0.0041 -0.00079999984 0.008192551)
(0.0041999999 -0.00079999984 0.008192551)
(0.0042999998 -0.00089999997 0.0081925445)
(0.0043999999 -0.00090000008 0.0081925443)
(0.0042999999 -0.00079999985 0.0081925461)
(0.0044 -0.00079999987 0.0081925435)
(0.0040999999 -0.0011 0.016525886)
(0.0041999999 -0.0011 0.016525886)
(0.0040999999 -0.00099999997 0.016525885)
(0.0041999999 -0.00099999999 0.016525885)
(0.0041 -0.0011 0.025000003)
(0.0042 -0.0011 0.025000002)
(0.0041 -0.00099999998 0.025000003)
(0.0042 -0.00099999999 0.025000002)
(0.0042999998 -0.0011 0.016525885)
(0.0043999998 -0.0011 0.016525885)
(0.0042999999 -0.001 0.016525883)
(0.0043999999 -0.001 0.016525883)
(0.0042999999 -0.0011 0.025)
(0.0043999999 -0.0011 0.025)
(0.0042999999 -0.001 0.025)
(0.0043999999 -0.001 0.024999999)
(0.0041 -0.00089999995 0.016525884)
(0.0041999999 -0.00089999996 0.016525884)
(0.0041 -0.00079999993 0.016525885)
(0.0041999999 -0.00079999993 0.016525884)
(0.0041 -0.00089999997 0.025000003)
(0.0042 -0.00089999997 0.025000001)
(0.0041 -0.00079999996 0.025000002)
(0.0042 -0.00079999996 0.025000001)
(0.0042999999 -0.00089999998 0.016525882)
(0.0043999999 -0.00090000001 0.016525881)
(0.0042999999 -0.00079999993 0.016525882)
(0.0044 -0.00079999994 0.01652588)
(0.0043 -0.00089999998 0.024999999)
(0.0043999999 -0.0009 0.024999999)
(0.0043 -0.00079999996 0.025)
(0.0044 -0.00079999997 0.024999998)
(0.0045000001 -0.00079999993 0.0081925439)
(0.0041000001 0.00029999979 0.0081925455)
(0.0042000001 0.0002999998 0.0081925487)
(0.0041000001 0.00039999992 0.008192547)
(0.0042 0.00039999991 0.0081925485)
(0.0042999999 0.00029999978 0.0081925485)
(0.0044 0.00029999971 0.0081925463)
(0.0042999999 0.00039999986 0.0081925469)
(0.0044 0.00039999971 0.0081925456)
(0.0041 9.9999919e-05 0.016525883)
(0.0042 9.9999941e-05 0.016525885)
(0.0041 0.00019999991 0.016525883)
(0.0042 0.00019999993 0.016525885)
(0.0040999999 9.9999969e-05 0.025000001)
(0.0042 9.9999987e-05 0.025000002)
(0.0040999999 0.00019999998 0.025000001)
(0.0042 0.00019999999 0.025000002)
(0.0043 9.9999963e-05 0.016525885)
(0.0044 9.9999981e-05 0.016525883)
(0.0043 0.00019999994 0.016525885)
(0.0044 0.00019999994 0.016525884)
(0.0043 0.00010000001 0.025000001)
(0.0044 0.00010000003 0.025)
(0.0043 0.0002 0.025000002)
(0.0044 0.00020000001 0.025000001)
(0.0041 0.00029999992 0.016525882)
(0.0042 0.00029999992 0.016525884)
(0.0041 0.00039999994 0.016525882)
(0.0042 0.00039999994 0.016525883)
(0.0041 0.00029999999 0.025)
(0.0042 0.00029999999 0.025000001)
(0.0041 0.00039999999 0.024999999)
(0.0042 0.00039999999 0.025000001)
(0.0043 0.00029999991 0.016525884)
(0.0044 0.00029999989 0.016525883)
(0.0043 0.00039999992 0.016525883)
(0.0044 0.00039999987 0.016525882)
(0.0043 0.00029999999 0.025000001)
(0.0044 0.00029999998 0.025000001)
(0.0043 0.00039999998 0.025000001)
(0.0044 0.00039999997 0.025)
(0.0045000001 0.00010000001 0.0081925479)
(0.0045000001 0.00019999981 0.0081925493)
(0.0045000001 0.00029999962 0.0081925474)
(0.0045000002 0.00039999956 0.008192547)
(0.0045 9.9999992e-05 0.016525883)
(0.0045 0.00019999993 0.016525884)
(0.0045 0.00010000004 0.025)
(0.0045 0.0002 0.025)
(0.0045000001 0.00029999986 0.016525883)
(0.0045000001 0.00039999982 0.016525882)
(0.0037000001 -0.0019000001 0.033474118)
(0.0038000001 -0.0019000001 0.033474118)
(0.0037000001 -0.0018000001 0.033474119)
(0.0038 -0.0018 0.033474119)
(0.0037000003 -0.0019000003 0.041807453)
(0.0038000001 -0.0019000003 0.041807451)
(0.0037000002 -0.0018000001 0.041807455)
(0.0038 -0.0018 0.041807454)
(0.0039 -0.0019000001 0.033474119)
(0.004 -0.0019000001 0.03347412)
(0.0038999999 -0.0018 0.03347412)
(0.0039999999 -0.0018 0.033474121)
(0.0038999999 -0.0019000002 0.041807453)
(0.0039999999 -0.0019000002 0.041807456)
(0.0038999998 -0.0018 0.041807455)
(0.0039999998 -0.0018 0.041807458)
(0.0037 -0.0016999999 0.033474118)
(0.0038 -0.0016999999 0.033474118)
(0.0037 -0.0015999999 0.033474116)
(0.0037999999 -0.0015999998 0.033474115)
(0.0037000001 -0.0016999998 0.041807454)
(0.0037999999 -0.0016999997 0.041807453)
(0.0037 -0.0015999996 0.04180745)
(0.0037999998 -0.0015999996 0.041807449)
(0.0038999999 -0.0016999999 0.033474119)
(0.0039999999 -0.0016999999 0.033474121)
(0.0038999999 -0.0015999999 0.033474117)
(0.0039999999 -0.0015999999 0.03347412)
(0.0038999997 -0.0016999997 0.041807455)
(0.0039999998 -0.0016999998 0.041807458)
(0.0038999997 -0.0015999996 0.041807452)
(0.0039999998 -0.0015999997 0.041807456)
(0.0039999997 -0.00030000003 0.033474121)
(0.0039999998 -0.00019999997 0.033474119)
(0.0039999995 -0.00029999996 0.041807457)
(0.0039999996 -0.00019999979 0.041807454)
(0.0039999998 -9.9999972e-05 0.033474117)
(0.0039999996 -9.9999842e-05 0.04180745)
(0.004 0.00089999995 0.033474116)
(0.0039999999 0.00089999997 0.041807449)
(0.0045 -0.00079999996 0.016525879)
(0.0045 -0.00079999999 0.024999998)
(0.0045 0.00029999997 0.025)
(0.0045000001 0.00039999995 0.025)
(0.0041000001 0.00049999992 0.0081925516)
(0.0042 0.00049999991 0.0081925516)
(0.0041000001 0.00059999975 0.0081925522)
(0.0042 0.00059999978 0.0081925516)
(0.0043 0.00049999986 0.0081925479)
(0.0044000001 0.00049999973 0.0081925459)
(0.0043 0.00059999981 0.0081925464)
(0.0044000002 0.00059999981 0.0081925436)
(0.0041000001 0.00069999967 0.0081925494)
(0.0042 0.00069999974 0.0081925488)
(0.0041 0.0007999998 0.0081925463)
(0.0041999999 0.00079999987 0.0081925464)
(0.0043 0.00069999986 0.0081925442)
(0.0044000002 0.00070000001 0.0081925426)
(0.0043 0.0008 0.0081925432)
(0.0044000002 0.00080000016 0.0081925439)
(0.0041 0.00049999994 0.016525884)
(0.0042 0.00049999993 0.016525884)
(0.0041 0.0005999999 0.016525885)
(0.0042 0.00059999991 0.016525884)
(0.0041 0.00049999997 0.025)
(0.0042 0.00049999997 0.025000001)
(0.0041 0.00059999994 0.025)
(0.0042 0.00059999995 0.025000001)
(0.0043 0.00049999992 0.016525883)
(0.0044000001 0.00049999989 0.016525881)
(0.0043000001 0.00059999993 0.016525882)
(0.0044000001 0.00059999993 0.01652588)
(0.0043 0.00049999997 0.025)
(0.0044000001 0.00049999996 0.024999999)
(0.0043 0.00059999996 0.025)
(0.0044000001 0.00059999997 0.024999998)
(0.0041 0.00069999988 0.016525883)
(0.0042 0.00069999992 0.016525883)
(0.0041 0.00079999992 0.016525882)
(0.0042 0.00079999996 0.016525882)
(0.0041 0.00069999994 0.025000001)
(0.0042 0.00069999995 0.025000001)
(0.0041 0.00079999996 0.025000001)
(0.0042 0.00079999997 0.025000001)
(0.0043 0.00069999996 0.016525881)
(0.0044000001 0.0007 0.01652588)
(0.0043 0.00080000001 0.016525881)
(0.0044000001 0.00080000006 0.016525881)
(0.0043 0.00069999997 0.025)
(0.0044000001 0.00069999999 0.024999999)
(0.0043 0.00079999999 0.025)
(0.0044000001 0.00080000001 0.024999999)
(0.0045000002 0.0004999996 0.0081925471)
(0.0045000002 0.0005999998 0.0081925452)
(0.0045000003 0.00070000009 0.0081925451)
(0.0045000003 0.00080000027 0.008192548)
(0.0041 -0.0020000001 0.033474119)
(0.0041000001 -0.0020000001 0.041807455)
(0.0040999999 -0.00069999996 0.03347412)
(0.0042 -0.00069999993 0.033474119)
(0.0040999999 -0.00060000002 0.033474119)
(0.0042 -0.00059999996 0.033474119)
(0.0040999999 -0.00069999987 0.041807455)
(0.0042000002 -0.00069999981 0.041807455)
(0.0040999998 -0.00060000006 0.041807455)
(0.0042000001 -0.00059999988 0.041807455)
(0.0043 -0.00069999993 0.033474117)
(0.0044 -0.00069999995 0.033474116)
(0.0043000001 -0.00059999992 0.033474118)
(0.0044000001 -0.00059999993 0.033474116)
(0.0043000002 -0.00069999982 0.041807452)
(0.0044 -0.00069999993 0.04180745)
(0.0043000003 -0.0005999998 0.041807453)
(0.0044000002 -0.00059999985 0.041807451)
(0.0040999998 -0.00050000008 0.033474121)
(0.0042 -0.0005 0.033474121)
(0.0040999998 -0.00040000008 0.033474122)
(0.0041999999 -0.00040000003 0.033474122)
(0.0040999997 -0.0005000002 0.041807456)
(0.0042 -0.00049999999 0.041807456)
(0.0040999996 -0.00040000016 0.041807458)
(0.0041999998 -0.00040000003 0.041807458)
(0.0043000001 -0.00049999995 0.033474119)
(0.0044000001 -0.00049999993 0.033474117)
(0.0043 -0.00039999998 0.03347412)
(0.0044000001 -0.00039999996 0.033474117)
(0.0043000002 -0.00049999982 0.041807454)
(0.0044000002 -0.00049999979 0.041807452)
(0.0043000001 -0.00039999992 0.041807455)
(0.0044000003 -0.00039999987 0.04180745)
(0.0045 -0.00069999999 0.033474117)
(0.0045 -0.00059999995 0.033474117)
(0.0044999998 -0.00070000005 0.04180745)
(0.0045 -0.00059999996 0.041807452)
(0.0045000001 -0.00049999993 0.033474117)
(0.0045000001 -0.00039999996 0.033474116)
(0.0045000001 -0.00049999984 0.041807451)
(0.0045000002 -0.00039999987 0.041807448)
(0.0035000001 -0.0022000001 0.0081925491)
(0.0036000002 -0.0022 0.0081925478)
(0.0035 -0.0021000003 0.0081925505)
(0.0036000002 -0.0021000002 0.0081925479)
(0.0035 -0.0020000005 0.0081925483)
(0.0036000002 -0.0020000003 0.0081925456)
(0.0035000001 -0.0022000001 0.016525884)
(0.0036000001 -0.0022000001 0.016525883)
(0.0035000001 -0.0022 0.025000001)
(0.0036000001 -0.0022000001 0.025000001)
(0.0035000001 -0.0021000002 0.016525885)
(0.0036000001 -0.0021000001 0.016525883)
(0.0035000001 -0.0020000002 0.016525884)
(0.0036000001 -0.0020000002 0.016525883)
(0.0035000001 -0.0021000001 0.025)
(0.0036000001 -0.0021000001 0.025)
(0.0035000001 -0.0020000001 0.025)
(0.0036000001 -0.0020000001 0.025)
(0.0037000003 -0.0022 0.0081925499)
(0.0038000002 -0.0022 0.0081925529)
(0.0038999999 -0.0022000001 0.0081925527)
(0.0039999998 -0.0022000001 0.0081925493)
(0.0037000003 -0.0021000001 0.0081925485)
(0.0038000002 -0.0021000001 0.0081925513)
(0.0037000003 -0.0020000002 0.0081925467)
(0.0038000003 -0.0020000001 0.0081925504)
(0.0039 -0.0021000001 0.0081925503)
(0.0039999999 -0.0021000001 0.0081925463)
(0.0039 -0.002 0.0081925501)
(0.004 -0.002 0.0081925458)
(0.0037000001 -0.0022000001 0.016525884)
(0.0038000001 -0.0022000001 0.016525886)
(0.0037000001 -0.0022000001 0.025000001)
(0.0038000001 -0.0022000001 0.025000002)
(0.0039 -0.0022000001 0.016525886)
(0.004 -0.0022000001 0.016525884)
(0.0039 -0.0022000001 0.025000002)
(0.004 -0.0022000001 0.025000001)
(0.004 -0.0007 0.0081925483)
(0.0039999999 -0.00060000011 0.0081925466)
(0.0039999998 -0.00050000009 0.0081925451)
(0.0039999999 -0.00040000006 0.0081925467)
(0.0039999999 -0.0007 0.016525884)
(0.0039999999 -0.00060000004 0.016525883)
(0.0039999999 -0.0007 0.025000001)
(0.0039999999 -0.00060000004 0.025000001)
(0.0039999999 -0.00050000007 0.016525883)
(0.0039999999 -0.00040000008 0.016525884)
(0.0039999999 -0.00050000007 0.025000001)
(0.0039999999 -0.00040000008 0.025000002)
(0.0045000001 0.00049999985 0.016525881)
(0.0045000001 0.00059999993 0.01652588)
(0.0045000001 0.00049999995 0.024999998)
(0.0045000001 0.00059999997 0.024999998)
(0.0045000001 0.00070000003 0.01652588)
(0.0045000001 0.00080000009 0.016525882)
(0.0045000001 0.0007 0.024999998)
(0.0045000001 0.00080000002 0.024999999)
(0.0041 -0.0019000001 0.033474119)
(0.0041 -0.0018 0.03347412)
(0.0042 -0.0018 0.033474118)
(0.0041 -0.0019000001 0.041807455)
(0.0041 -0.0018000001 0.041807456)
(0.0042 -0.0018000001 0.04180745)
(0.0041 -0.0017 0.033474121)
(0.0042 -0.0017 0.033474119)
(0.0041 -0.0015999999 0.03347412)
(0.0042 -0.0016 0.033474118)
(0.0041 -0.0016999999 0.041807458)
(0.0042 -0.0017 0.041807454)
(0.0041 -0.0015999998 0.041807457)
(0.0042000001 -0.0015999999 0.041807454)
(0.0040999998 -0.00030000003 0.033474122)
(0.0041999999 -0.00030000001 0.033474122)
(0.0040999998 -0.00019999998 0.03347412)
(0.0041999999 -0.00019999998 0.033474122)
(0.0040999996 -0.00029999996 0.041807457)
(0.0041999998 -0.00029999996 0.041807459)
(0.0040999996 -0.00019999981 0.041807454)
(0.0041999998 -0.00019999986 0.041807458)
(0.0043 -0.0003 0.033474121)
(0.0044000001 -0.00029999999 0.033474118)
(0.0043 -0.00019999999 0.033474121)
(0.0044 -0.00019999998 0.033474119)
(0.0043000001 -0.00029999999 0.041807456)
(0.0044000002 -0.0003 0.041807451)
(0.0043000001 -0.00019999995 0.041807458)
(0.0044000002 -0.00019999999 0.041807454)
(0.0040999998 -9.9999974e-05 0.033474118)
(0.0041999999 -9.9999964e-05 0.03347412)
(0.0040999998 7.7558988e-12 0.033474118)
(0.0041999999 3.5231305e-11 0.033474119)
(0.0040999996 -9.9999851e-05 0.041807451)
(0.0041999998 -9.9999838e-05 0.041807455)
(0.0040999996 7.0414471e-12 0.04180745)
(0.0041999997 8.8357175e-11 0.041807454)
(0.0043 -9.9999949e-05 0.03347412)
(0.0044 -9.9999929e-05 0.033474119)
(0.0043 7.4303828e-11 0.033474119)
(0.0044 1.0998e-10 0.033474117)
(0.0043 -9.9999832e-05 0.041807457)
(0.0044000001 -9.9999822e-05 0.041807454)
(0.0043 2.1562731e-10 0.041807455)
(0.0044 3.0599691e-10 0.041807451)
(0.0041 0.00089999996 0.033474118)
(0.0042 0.00089999997 0.033474119)
(0.0040999999 0.0009 0.041807453)
(0.0042000001 0.00090000002 0.041807455)
(0.0043000001 0.00089999998 0.033474117)
(0.0044 0.0009 0.033474117)
(0.0043000002 0.00090000002 0.041807453)
(0.0044 0.00090000003 0.041807452)
(0.0037000002 -0.0021000001 0.016525884)
(0.0038000001 -0.0021000001 0.016525885)
(0.0037000002 -0.0020000001 0.016525883)
(0.0038000001 -0.0020000001 0.016525885)
(0.0037000001 -0.0021000001 0.025)
(0.0038000001 -0.0021000001 0.025000001)
(0.0037000001 -0.0020000001 0.025)
(0.0038000001 -0.0020000001 0.025000001)
(0.0039 -0.0021000001 0.016525885)
(0.004 -0.0021000001 0.016525883)
(0.0039000001 -0.0020000001 0.016525885)
(0.004 -0.0020000001 0.016525883)
(0.0039 -0.0021000001 0.025000001)
(0.004 -0.0021000001 0.025000001)
(0.0039 -0.0020000001 0.025000001)
(0.004 -0.0020000001 0.025000001)
(0.0036000002 -0.0019000004 0.0081925461)
(0.0036000001 -0.0018000004 0.0081925456)
(0.0036000001 -0.0019000002 0.016525882)
(0.0036000001 -0.0018000002 0.016525882)
(0.0036000001 -0.0019000001 0.025)
(0.0036000001 -0.0018000001 0.025)
(0.0037000003 -0.0019000002 0.0081925489)
(0.0038000002 -0.0019000001 0.0081925531)
(0.0037000003 -0.0018000003 0.008192548)
(0.0038000002 -0.0018000002 0.0081925524)
(0.0039 -0.0019000001 0.0081925532)
(0.004 -0.0019 0.0081925491)
(0.0039 -0.0018000002 0.0081925528)
(0.004 -0.0018000002 0.0081925494)
(0.0039999999 -0.00030000016 0.0081925496)
(0.004 -0.00020000031 0.0081925484)
(0.004 -0.00010000029 0.0081925445)
(0.0039999999 -0.00030000012 0.016525885)
(0.004 -0.00020000015 0.016525884)
(0.0039999999 -0.00030000007 0.025000003)
(0.0039999999 -0.00020000006 0.025000002)
(0.0039999999 0.00089999993 0.008192545)
(0.0039999999 0.00089999994 0.016525882)
(0.004 0.00089999995 0.025)
(0.0045000001 -0.00029999998 0.033474117)
(0.0045 -0.00019999997 0.033474118)
(0.0045000002 -0.0003 0.041807449)
(0.0045000001 -0.00019999997 0.041807452)
(0.0045 -9.9999907e-05 0.033474118)
(0.0045 1.3248978e-10 0.033474117)
(0.0045 -9.999977e-05 0.041807453)
(0.0044999999 3.5125543e-10 0.04180745)
(0.0037000002 -0.0017000002 0.0081925438)
(0.0038000002 -0.0017000002 0.0081925482)
(0.0037000002 -0.0016 0.0081925434)
(0.0038000002 -0.0016 0.0081925471)
(0.0039 -0.0017000002 0.0081925487)
(0.004 -0.0017000003 0.008192546)
(0.0039 -0.0016 0.0081925474)
(0.004 -0.0016000001 0.0081925447)
(0.0037000001 -0.0019000002 0.016525884)
(0.0038000001 -0.0019000001 0.016525886)
(0.0037000001 -0.0018000002 0.016525883)
(0.0038000001 -0.0018000001 0.016525885)
(0.0037000001 -0.0019000001 0.025000001)
(0.0038000001 -0.0019000001 0.025000002)
(0.0037000001 -0.0018000001 0.025000001)
(0.0038 -0.0018000001 0.025000002)
(0.0039 -0.0019000001 0.016525886)
(0.004 -0.0019000001 0.016525885)
(0.0039 -0.0018000001 0.016525886)
(0.004 -0.0018000001 0.016525885)
(0.0039 -0.0019000001 0.025000002)
(0.004 -0.0019000001 0.025000002)
(0.0039 -0.0018 0.025000002)
(0.004 -0.0018 0.025000003)
(0.0037000001 -0.0017000001 0.016525881)
(0.0038000001 -0.0017000001 0.016525883)
(0.0037000001 -0.0016 0.01652588)
(0.0038 -0.0016 0.016525882)
(0.0037 -0.0017 0.025)
(0.0038 -0.0017 0.025000001)
(0.0037 -0.0016 0.024999999)
(0.0038 -0.0016 0.024999999)
(0.0039 -0.0017000001 0.016525884)
(0.004 -0.0017000001 0.016525884)
(0.0039 -0.0016 0.016525882)
(0.004 -0.0016000001 0.016525882)
(0.0039 -0.0017 0.025000002)
(0.004 -0.0017 0.025000002)
(0.0039 -0.0016 0.025)
(0.004 -0.0016 0.025000001)
(0.0041000001 -0.002 0.0081925441)
(0.004 -0.00010000014 0.016525882)
(0.0039999999 -0.00010000005 0.025)
(0.0041 -0.0006999999 0.0081925499)
(0.0041999999 -0.00069999987 0.0081925504)
(0.0041 -0.00059999992 0.008192547)
(0.0042 -0.00059999984 0.0081925489)
(0.0042999999 -0.00069999984 0.0081925475)
(0.0044 -0.00069999975 0.0081925449)
(0.0042999999 -0.00059999982 0.0081925478)
(0.0044 -0.00059999971 0.008192545)
(0.0041 -0.00049999993 0.0081925469)
(0.0042 -0.00049999983 0.0081925509)
(0.0041 -0.00040000002 0.0081925491)
(0.0042 -0.00039999999 0.0081925543)
(0.0042999999 -0.0004999998 0.0081925504)
(0.0043999999 -0.00049999972 0.008192547)
(0.0042999999 -0.00039999996 0.0081925548)
(0.0043999998 -0.00039999991 0.0081925518)
(0.0041 -0.00069999995 0.016525884)
(0.0042 -0.00069999992 0.016525884)
(0.0041 -0.00059999998 0.016525884)
(0.0042 -0.00059999993 0.016525884)
(0.0040999999 -0.00069999997 0.025000002)
(0.0042 -0.00069999995 0.025000001)
(0.0040999999 -0.0006 0.025000002)
(0.0042 -0.00059999997 0.025000002)
(0.0043 -0.0006999999 0.016525882)
(0.0044 -0.00069999988 0.01652588)
(0.0043 -0.0005999999 0.016525883)
(0.0044 -0.00059999986 0.016525882)
(0.0043 -0.00069999994 0.025)
(0.0044 -0.00069999994 0.024999999)
(0.0043 -0.00059999994 0.025000001)
(0.0044 -0.00059999993 0.024999999)
(0.0041 -0.00050000001 0.016525884)
(0.0042 -0.00049999997 0.016525886)
(0.0041 -0.00040000006 0.016525885)
(0.0042 -0.00040000004 0.016525888)
(0.0040999999 -0.00050000004 0.025000002)
(0.0042 -0.0005 0.025000003)
(0.0040999999 -0.00040000006 0.025000004)
(0.0042 -0.00040000004 0.025000004)
(0.0041 -0.0020000001 0.016525882)
(0.0041 -0.0020000001 0.025000001)
(0.0043 -0.00049999993 0.016525885)
(0.0044 -0.00049999989 0.016525884)
(0.0043 -0.00040000002 0.016525888)
(0.0044 -0.00039999999 0.016525886)
(0.0043 -0.00049999997 0.025000002)
(0.0044 -0.00049999995 0.025000001)
(0.0043 -0.00040000001 0.025000003)
(0.0044 -0.00039999999 0.025000002)
(0.0045000002 -0.00069999967 0.0081925443)
(0.0045000002 -0.00059999956 0.0081925447)
(0.0045000001 -0.00049999959 0.0081925464)
(0.0045 -0.00039999983 0.0081925497)
(0.0045000001 -0.00069999986 0.016525879)
(0.0045000001 -0.00059999981 0.016525881)
(0.0045 -0.00069999994 0.024999998)
(0.0045 -0.00059999992 0.024999999)
(0.0045 -0.00049999984 0.016525883)
(0.0045 -0.00039999994 0.016525884)
(0.0045 -0.00049999993 0.025)
(0.0045 -0.00039999997 0.025000001)
(0.0041 -0.00030000023 0.0081925503)
(0.0042 -0.00030000026 0.0081925547)
(0.0041000001 -0.00020000037 0.0081925479)
(0.0042000001 -0.00020000041 0.0081925515)
(0.0042999998 -0.00030000025 0.0081925552)
(0.0043999998 -0.00030000022 0.0081925524)
(0.0042999999 -0.0002000004 0.0081925518)
(0.0043999998 -0.00020000038 0.0081925489)
(0.0041000001 -0.0001000003 0.0081925444)
(0.0042000001 -0.00010000031 0.0081925481)
(0.0041000001 -1.2269498e-10 0.0081925444)
(0.0042000001 -1.0159111e-10 0.0081925481)
(0.0040999999 0.00089999998 0.0081925465)
(0.0041999999 0.00090000003 0.0081925471)
(0.0043 0.00090000008 0.0081925448)
(0.0044000002 0.00090000014 0.0081925466)
(0.0040999999 0.00089999996 0.016525882)
(0.0042 0.00089999999 0.016525882)
(0.0041 0.00089999997 0.025)
(0.0042 0.00089999999 0.025)
(0.0037999999 -0.0014999999 0.033474113)
(0.0037999999 -0.0014 0.033474113)
(0.0037999998 -0.0014999997 0.041807446)
(0.0037999997 -0.0014 0.041807445)
(0.0038999999 -0.0014999999 0.033474115)
(0.0039999999 -0.0014999999 0.033474118)
(0.0038999999 -0.0014 0.033474115)
(0.0039999999 -0.0014 0.033474118)
(0.0038999996 -0.0014999997 0.041807449)
(0.0039999998 -0.0014999998 0.041807453)
(0.0038999996 -0.0014 0.041807449)
(0.0039999998 -0.0014 0.041807453)
(0.0037999999 -0.0013000001 0.033474114)
(0.0037999997 -0.0013000002 0.041807449)
(0.0038999999 -0.0013 0.033474117)
(0.0039999999 -0.0013 0.03347412)
(0.0038999999 -0.0012000001 0.033474118)
(0.0039999999 -0.0012 0.033474121)
(0.0038999996 -0.0013000002 0.041807453)
(0.0039999998 -0.0013000001 0.041807457)
(0.0038999996 -0.0012000002 0.041807453)
(0.0039999998 -0.0012000001 0.041807457)
(0.0038999991 -0.0011000006 0.050000001)
(0.0039999994 -0.0011000005 0.050000001)
(0.0038999991 -0.0010000004 0.050000001)
(0.0039999993 -0.0010000004 0.050000001)
(0.003899999 -0.00089999951 0.050000001)
(0.0039999993 -0.00089999958 0.050000001)
(0.0039999992 -0.00079999938 0.050000001)
(0.0039999997 9.9999691e-05 0.050000001)
(0.0039999992 0.00020000055 0.050000001)
(0.0039999993 0.00030000073 0.050000001)
(0.0039999993 0.00040000052 0.050000001)
(0.0041000004 -0.0014999995 0.050000001)
(0.0042000006 -0.0014999995 0.050000001)
(0.0041000004 -0.0014000003 0.050000001)
(0.0042000007 -0.0014000004 0.050000001)
(0.0043000004 -0.0014999996 0.050000001)
(0.0043000005 -0.0014000004 0.050000001)
(0.0041000005 -0.0013000005 0.050000001)
(0.0042000007 -0.0013000004 0.050000001)
(0.0041000005 -0.0011999998 0.050000001)
(0.0042000007 -0.0011999997 0.050000001)
(0.0043000005 -0.0013000004 0.050000001)
(0.0043000005 -0.0011999997 0.050000001)
(0.0043999994 -0.0011999997 0.050000001)
(0.0039999994 0.00049999949 0.050000001)
(0.0039999994 0.00059999923 0.050000001)
(0.0039999995 0.00069999937 0.050000001)
(0.0039999995 0.00080000024 0.050000001)
(0.0041000004 -0.0010999998 0.050000001)
(0.0042000007 -0.0010999997 0.050000001)
(0.0041000004 -0.0010000004 0.050000001)
(0.0042000007 -0.0010000004 0.050000001)
(0.0043000005 -0.0010999997 0.050000001)
(0.0043999994 -0.0010999997 0.050000001)
(0.0043000005 -0.0010000004 0.050000001)
(0.0043999995 -0.0010000005 0.050000001)
(0.0041000003 -0.00090000025 0.050000001)
(0.0042000006 -0.00090000035 0.050000001)
(0.0040999997 -0.00079999947 0.050000001)
(0.0042000006 -0.00079999955 0.050000001)
(0.0043000005 -0.00090000044 0.050000001)
(0.0043999995 -0.00090000052 0.050000001)
(0.0043000006 -0.00079999965 0.050000001)
(0.0043999996 -0.00079999978 0.050000001)
(0.0040999991 9.9999678e-05 0.050000001)
(0.0041999993 9.9999765e-05 0.050000001)
(0.0040999991 0.00020000047 0.050000001)
(0.0041999993 0.00019999986 0.050000001)
(0.0043000002 0.00010000051 0.050000001)
(0.0044000003 0.00010000065 0.050000001)
(0.0043000002 0.00019999986 0.050000001)
(0.0044000004 0.00019999985 0.050000001)
(0.0040999991 0.00030000065 0.050000001)
(0.0041999993 0.00030000058 0.050000001)
(0.0040999991 0.00040000049 0.050000001)
(0.0041999994 0.0004000005 0.050000001)
(0.0043000003 0.00030000051 0.050000001)
(0.0044000005 0.00029999984 0.050000001)
(0.0043000005 0.00040000052 0.050000001)
(0.0044000007 0.0004000005 0.050000001)
(0.0044999993 -0.00079999988 0.050000001)
(0.0044999995 0.00010000068 0.050000001)
(0.0044999996 0.00019999979 0.050000001)
(0.0044999998 0.00029999975 0.050000001)
(0.0045000005 0.00040000047 0.050000001)
(0.0040999992 0.0004999995 0.050000001)
(0.0041999995 0.00049999958 0.050000001)
(0.0040999992 0.00059999923 0.050000001)
(0.0041999995 0.00059999928 0.050000001)
(0.0043000005 0.00050000027 0.050000001)
(0.0044000008 0.00050000036 0.050000001)
(0.0043000005 0.00059999936 0.050000001)
(0.0044000008 0.00059999946 0.050000001)
(0.0040999994 0.00069999936 0.050000001)
(0.0041999996 0.00069999932 0.050000001)
(0.0040999995 0.00080000023 0.050000001)
(0.0042000003 0.00080000018 0.050000001)
(0.0035 -0.0021999994 0.050000001)
(0.0035999999 -0.0021999995 0.050000001)
(0.0035000007 -0.0020999996 0.050000001)
(0.0036000001 -0.0020999997 0.050000001)
(0.0035000002 -0.0020000006 0.050000001)
(0.0036000001 -0.0020000007 0.050000001)
(0.0039999991 -0.00069999955 0.050000001)
(0.003999999 -0.00060000056 0.050000001)
(0.0043000006 0.00069999928 0.050000001)
(0.0044000007 0.00069999932 0.050000001)
(0.0043000006 0.00079999953 0.050000001)
(0.0044000005 0.00079999953 0.050000001)
(0.0045000006 0.00050000042 0.050000001)
(0.0045000006 0.00059999957 0.050000001)
(0.0045000004 0.00069999945 0.050000001)
(0.0044999997 0.00079999962 0.050000001)
(0.0037000006 -0.0021999997 0.050000001)
(0.0038000005 -0.0021999998 0.050000001)
(0.0038999997 -0.0021999998 0.050000001)
(0.0039999998 -0.0021999998 0.050000001)
(0.0037000007 -0.0020999998 0.050000001)
(0.0038000005 -0.0020999998 0.050000001)
(0.0037000007 -0.0020000007 0.050000001)
(0.0038000005 -0.0020000006 0.050000001)
(0.0038999997 -0.0020999998 0.050000001)
(0.0039999997 -0.0020999999 0.050000001)
(0.0038999997 -0.0020000006 0.050000001)
(0.0039999997 -0.0020000006 0.050000001)
(0.0036000002 -0.0019000008 0.050000001)
(0.0036000007 -0.0018000005 0.050000001)
(0.0039999989 -0.00050000082 0.050000001)
(0.0039999988 -0.00040000067 0.050000001)
(0.0037000006 -0.0019000008 0.050000001)
(0.0038000004 -0.0019000007 0.050000001)
(0.0037000006 -0.0018000005 0.050000001)
(0.0038000003 -0.0018000003 0.050000001)
(0.0038999996 -0.0019000006 0.050000001)
(0.0039999996 -0.0019000005 0.050000001)
(0.0038999994 -0.0017999997 0.050000001)
(0.0039999995 -0.0017999997 0.050000001)
(0.0037000004 -0.0016999994 0.050000001)
(0.0037999995 -0.0016999993 0.050000001)
(0.0037000003 -0.0015999991 0.050000001)
(0.0037999994 -0.001599999 0.050000001)
(0.0038999993 -0.0016999992 0.050000001)
(0.0039999994 -0.0016999993 0.050000001)
(0.0038999992 -0.0015999991 0.050000001)
(0.0039999994 -0.0015999992 0.050000001)
(0.0039999995 -0.00029999967 0.050000001)
(0.0039999996 -0.00019999938 0.050000001)
(0.0039999996 -9.9999468e-05 0.050000001)
(0.0039999996 0.00090000025 0.050000001)
(0.0041000005 -0.0019999999 0.050000001)
(0.0041000001 -0.00069999953 0.050000001)
(0.0042000006 -0.00069999949 0.050000001)
(0.0040999994 -0.00060000042 0.050000001)
(0.0042000005 -0.00059999963 0.050000001)
(0.0043000006 -0.00069999951 0.050000001)
(0.0044000003 -0.00070000021 0.050000001)
(0.0043000007 -0.00059999949 0.050000001)
(0.0044000005 -0.00059999952 0.050000001)
(0.0040999992 -0.00050000064 0.050000001)
(0.0042000003 -0.00049999978 0.050000001)
(0.0040999991 -0.00040000057 0.050000001)
(0.0041999995 -0.00040000038 0.050000001)
(0.0043000007 -0.00049999952 0.050000001)
(0.0044000007 -0.00049999944 0.050000001)
(0.0043000006 -0.00039999963 0.050000001)
(0.0044000007 -0.00039999955 0.050000001)
(0.0044999994 -0.00070000037 0.050000001)
(0.0044999996 -0.00060000023 0.050000001)
(0.0045000004 -0.00049999949 0.050000001)
(0.0045000005 -0.00039999954 0.050000001)
(0.0041000003 -0.0019000005 0.050000001)
(0.0041000003 -0.0018000004 0.050000001)
(0.0042000003 -0.0018000004 0.050000001)
(0.0041000003 -0.0017000001 0.050000001)
(0.0042000003 -0.0017000003 0.050000001)
(0.0041000003 -0.0015999993 0.050000001)
(0.0042000005 -0.0015999995 0.050000001)
(0.004099999 -0.00029999969 0.050000001)
(0.0041999994 -0.0002999997 0.050000001)
(0.0040999991 -0.00019999944 0.050000001)
(0.0041999994 -0.00019999952 0.050000001)
(0.0043000005 -0.00030000028 0.050000001)
(0.0044000007 -0.00030000029 0.050000001)
(0.0043000004 -0.00020000018 0.050000001)
(0.0044000006 -0.00020000021 0.050000001)
(0.0040999991 -9.9999491e-05 0.050000001)
(0.0041999994 -9.9999466e-05 0.050000001)
(0.0040999991 -2.7969026e-10 0.050000001)
(0.0041999993 -1.4943222e-10 0.050000001)
(0.0043000003 -9.9999407e-05 0.050000001)
(0.0044000004 -9.9999914e-05 0.050000001)
(0.0043000003 6.3659983e-10 0.050000001)
(0.0044000003 8.1101028e-10 0.050000001)
(0.0040999996 0.00090000031 0.050000001)
(0.0042000004 0.00090000035 0.050000001)
(0.0043000005 0.00090000034 0.050000001)
(0.0043999998 0.00090000037 0.050000001)
(0.0045000005 -0.00030000028 0.050000001)
(0.0045000004 -0.0002000002 0.050000001)
(0.0044999996 -9.9999302e-05 0.050000001)
(0.0044999995 8.7278573e-10 0.050000001)
(0.0037999993 -0.0014999993 0.050000001)
(0.0037999993 -0.0014000003 0.050000001)
(0.0038999991 -0.0014999993 0.050000001)
(0.0039999994 -0.0014999994 0.050000001)
(0.0038999991 -0.0014000003 0.050000001)
(0.0039999994 -0.0014000003 0.050000001)
(0.0037999993 -0.0013000006 0.050000001)
(0.0038999991 -0.0013000005 0.050000001)
(0.0039999994 -0.0013000005 0.050000001)
(0.0038999991 -0.0012 0.050000001)
(0.0039999994 -0.0011999999 0.050000001)
(0.0041000005 -0.0018999997 0)
(0.0041000005 -0.0018000006 0)
(0.0042000007 -0.0018000005 0)
(0.0041000005 -0.0017000008 0)
(0.0042000005 -0.0017000008 0)
(0.0041000004 -0.0016000008 0)
(0.0042000004 -0.0016000009 0)
(0.0042999996 -0.00010000074 0)
(0.0043999994 -0.0001000007 0)
(0.0042999996 1.8874464e-10 0)
(0.0043999995 2.4309973e-10 0)
(0.0044999995 -0.00030000057 0)
(0.0044999995 -0.00020000085 0)
(0.0044999995 -0.00010000066 0)
(0.0045000002 2.8820186e-10 0)
(0.0038000005 -0.0014999995 0)
(0.0038000004 -0.0014 0)
(0.0038999998 -0.0014999995 0)
(0.0039999998 -0.0014999997 0)
(0.0038999998 -0.0013999994 0)
(0.0040000004 -0.0014000001 0)
(0.0037999997 -0.0012999994 0)
(0.0038999997 -0.0012999993 0)
(0.0040000004 -0.0012999994 0)
(0.0038999996 -0.0011999994 0)
(0.0040000004 -0.0011999995 0)
(0.0038999996 -0.0011000003 0)
(0.0040000003 -0.0011000003 0)
(0.0038999996 -0.0010000003 0)
(0.0040000003 -0.0010000003 0)
(0.0039999997 0.00010000012 0)
(0.0039999997 0.00019999939 0)
(0.0039999997 0.00029999942 0)
(0.0040000004 0.0004000002 0)
(0.0038999996 -0.00089999958 0)
(0.0040000003 -0.00089999956 0)
(0.0040000003 -0.00079999956 0)
(0.0041000004 -0.0015000005 0)
(0.0042000003 -0.0015000006 0)
(0.0041000004 -0.0014000002 0)
(0.0041999996 -0.0013999996 0)
(0.0042999994 -0.0015000006 0)
(0.0042999992 -0.0013999996 0)
(0.0041000003 -0.0012999994 0)
(0.0041999995 -0.0012999994 0)
(0.0041000003 -0.0011999995 0)
(0.0041999994 -0.0011999995 0)
(0.0042999992 -0.0012999993 0)
(0.0042999992 -0.0011999994 0)
(0.0043999997 -0.0011999995 0)
(0.0040000004 0.00050000018 0)
(0.0040000004 0.00059999931 0)
(0.0040000003 0.00069999914 0)
(0.0040000002 0.00079999933 0)
(0.0041000005 0.00010000016 0)
(0.0042000005 0.0001000002 0)
(0.0041000005 0.00019999942 0)
(0.0042000004 0.00019999945 0)
(0.0042999997 0.00010000026 0)
(0.0043999996 0.00010000033 0)
(0.0042999997 0.00019999948 0)
(0.0043999997 0.00019999951 0)
(0.0041000003 -0.0011000003 0)
(0.0041999994 -0.0011000003 0)
(0.0041000003 -0.0010000003 0)
(0.0041999994 -0.0010000004 0)
(0.0042999992 -0.0011000004 0)
(0.0043999998 -0.0011000004 0)
(0.0042999993 -0.0010000005 0)
(0.0043999999 -0.0010000007 0)
(0.0041000003 -0.00089999956 0)
(0.0041999995 -0.00089999961 0)
(0.0041000003 -0.00079999949 0)
(0.0041999995 -0.00079999949 0)
(0.0042999994 -0.00089999974 0)
(0.0044 -0.00090000048 0)
(0.0042999995 -0.00079999953 0)
(0.0044000002 -0.00079999958 0)
(0.0045000003 -0.00079999966 0)
(0.0041000004 0.00029999942 0)
(0.0042000004 0.00029999942 0)
(0.0041000004 0.00040000019 0)
(0.0041999997 0.00040000015 0)
(0.0042999996 0.00029999938 0)
(0.0043999997 0.00029999928 0)
(0.0042999996 0.00040000003 0)
(0.0043999998 0.00039999981 0)
(0.0045000003 0.00010000037 0)
(0.0045000004 0.00019999951 0)
(0.0045000004 0.00029999917 0)
(0.0045000005 0.00039999903 0)
(0.0041000004 0.00050000018 0)
(0.0041999997 0.00050000015 0)
(0.0041000004 0.00059999934 0)
(0.0041999997 0.00059999938 0)
(0.0042999997 0.00050000005 0)
(0.0044000004 0.00049999929 0)
(0.0042999997 0.00059999942 0)
(0.0044000006 0.00059999945 0)
(0.0041000004 0.0006999992 0)
(0.0041999997 0.00069999931 0)
(0.0041000002 0.0007999994 0)
(0.0041999996 0.00079999953 0)
(0.0042999997 0.00069999951 0)
(0.0044000006 0.00070000031 0)
(0.0042999997 0.00079999974 0)
(0.0044000006 0.00080000056 0)
(0.0045000005 0.00049999911 0)
(0.0045000006 0.00059999942 0)
(0.0045000007 0.00070000044 0)
(0.0045000008 0.00080000072 0)
(0.0034999998 -0.0021999998 0)
(0.0036000006 -0.0021999998 0)
(0.0034999998 -0.0021000007 0)
(0.0036 -0.0021000006 0)
(0.0034999998 -0.002000001 0)
(0.0036 -0.0020000008 0)
(0.0037000008 -0.0021999997 0)
(0.0038000006 -0.0021999998 0)
(0.0038999996 -0.0022000004 0)
(0.0039999994 -0.0022000005 0)
(0.0037000008 -0.0021000004 0)
(0.0038000007 -0.0021000004 0)
(0.0037000008 -0.002 0)
(0.0038000007 -0.0019999998 0)
(0.0038999997 -0.0021000004 0)
(0.0039999995 -0.0021000004 0)
(0.0038999998 -0.0019999997 0)
(0.0039999996 -0.0019999997 0)
(0.0040000002 -0.00069999979 0)
(0.0039999996 -0.00060000049 0)
(0.0039999995 -0.00050000041 0)
(0.0039999995 -0.00039999979 0)
(0.0036000006 -0.0019000003 0)
(0.0036 -0.0018000009 0)
(0.0037000008 -0.0019000001 0)
(0.0038000007 -0.0018999999 0)
(0.0037000008 -0.0018000007 0)
(0.0038000006 -0.0018000006 0)
(0.0038999998 -0.0018999998 0)
(0.0039999997 -0.0018999998 0)
(0.0038999998 -0.0018000006 0)
(0.0039999997 -0.0018000006 0)
(0.0039999996 -0.00029999996 0)
(0.0039999997 -0.00020000076 0)
(0.0039999997 -0.00010000071 0)
(0.0039999995 0.0009000002 0)
(0.0037000007 -0.0017000006 0)
(0.0038000006 -0.0017000005 0)
(0.0037000006 -0.0015999997 0)
(0.0038000005 -0.0015999997 0)
(0.0038999997 -0.0017000006 0)
(0.0039999997 -0.0017000007 0)
(0.0038999997 -0.0015999997 0)
(0.0039999997 -0.0015999999 0)
(0.0041000004 -0.0019999997 0)
(0.0041000003 -0.00070000017 0)
(0.0041999996 -0.00070000008 0)
(0.0041000003 -0.00059999963 0)
(0.0042000003 -0.00059999947 0)
(0.0042999996 -0.00070000003 0)
(0.0044000003 -0.00069999934 0)
(0.0042999996 -0.00059999996 0)
(0.0043999997 -0.0005999998 0)
(0.0041000003 -0.0004999996 0)
(0.0042000003 -0.00049999945 0)
(0.0041000003 -0.00039999972 0)
(0.0042000003 -0.00039999968 0)
(0.0042999995 -0.00049999938 0)
(0.0043999996 -0.00049999925 0)
(0.0042999995 -0.00039999965 0)
(0.0043999994 -0.00039999958 0)
(0.0045000005 -0.00069999924 0)
(0.0045000005 -0.00059999901 0)
(0.0045000004 -0.00049999905 0)
(0.0044999996 -0.00039999945 0)
(0.0041000004 -0.00030000062 0)
(0.0042000003 -0.00030000068 0)
(0.0041000004 -0.00020000086 0)
(0.0042000004 -0.00020000092 0)
(0.0042999995 -0.00030000069 0)
(0.0043999993 -0.00030000065 0)
(0.0042999995 -0.00020000093 0)
(0.0043999993 -0.0002000009 0)
(0.0041000005 -0.00010000074 0)
(0.0042000004 -0.00010000076 0)
(0.0041000005 1.1335165e-10 0)
(0.0042000004 1.4350922e-10 0)
(0.0041000001 0.00090000026 0)
(0.0041999995 0.00090000034 0)
(0.0042999996 0.00090000043 0)
(0.0044000006 0.00090000053 0)
)


// ************************************************************************* //
